time,open,high,low,close,Plot,Plot,Mid Price,Breakout Up,Breakout Down,Fake Breakout,Breakout midPrice Up,Breakout midPrice Down,VWAP,Upper Band #1,Lower Band #1,Upper Band #2,Lower Band #2,Basis,Upper,Lower,Basis,Upper,Lower,EMA,EMA,MA,MA,MA,MA,MA,ATR,RSI,RSI-based MA,Regular Bullish,Regular Bullish Label,Regular Bearish,Regular Bearish Label,Histogram,MACD,Signal,%K,%D
1763406000,100.96589093713851,100.96589093713851,100.631,100.72725,101.298,100.228,100.763,NaN,NaN,NaN,NaN,NaN,100.9148249676432,100.98904785882506,100.84060207646134,101.06327075000692,100.76637918527948,100.90952499999916,101.07192835018643,100.7471216498119,100.90952499999916,100.99072667509279,100.82832332490554,100.95233634372737,100.92301405327404,98.81788027343815,100.52429765624974,100.53296625000146,101.08504062499908,100.90952499999916,0.2097231991777194,38.93583802723503,49.60757791955857,NaN,NaN,NaN,NaN,-0.005212121584187216,-0.013967630709629475,-0.008755509125442259,43.23765516404237,57.74036584930344
1763409600,100.84657046856925,100.84657046856925,100.611,100.707,101.298,100.228,100.763,NaN,NaN,NaN,NaN,NaN,100.9062481643892,100.98900653734714,100.82348979143126,101.07176491030508,100.74073141847332,100.89801249999917,101.08211637699198,100.71390862300636,100.89801249999917,100.99006443849557,100.80596056150277,100.94271531064003,100.90337641206732,98.82068593750066,100.52512187499974,100.53864750000146,101.07842812499908,100.89801249999917,0.21156943270568587,38.09365067442263,48.802373800735346,NaN,NaN,NaN,NaN,-0.01659721002742516,-0.02950202165972371,-0.012904811632298549,23.711969915520033,42.239250851115536
1763413200,100.77678523428463,100.825,100.754,100.79425,101.298,100.228,100.763,NaN,NaN,NaN,NaN,NaN,100.90473625496087,100.98798808201583,100.8214844279059,101.0712399090708,100.73823260085094,100.89529999999915,101.08378830378521,100.7068116962131,100.89529999999915,100.98954415189218,100.80105584810613,100.93689314159532,100.8934558291521,98.82349023437565,100.52635859374975,100.54384125000146,101.07228124999908,100.89529999999915,0.20488590179813754,43.74019217602033,48.01252201601145,NaN,NaN,NaN,NaN,-0.017177367850181792,-0.03437652144502579,-0.017199153594843995,23.276899222622035,30.075508100728154
1763416800,100.78551761714232,100.863,100.766,100.81425,101.154,100.611,100.8825,NaN,NaN,NaN,NaN,NaN,100.81441666666667,100.81441666666667,100.81441666666667,100.81441666666667,100.81441666666667,100.89538749999915,101.0837235362281,100.70705146377018,100.89538749999915,100.98955551811362,100.80121948188467,100.9320836066308,100.88625529922919,98.82629941406314,100.52770156249974,100.54828625000147,101.06702499999908,100.89538749999915,0.19717976595541303,44.979058901195295,47.362649182063855,NaN,NaN,NaN,NaN,-0.015207378850346603,-0.03620837715777725,-0.021000998307430647,29.619398403928454,25.536089180690183
1763420400,100.79988380857117,100.902,100.788,100.83225,101.154,100.611,100.8825,NaN,NaN,NaN,NaN,NaN,100.83332597574841,100.84517431599424,100.82147763550257,100.85702265624008,100.80962929525674,100.89484999999915,101.08384123170914,100.70585876828916,100.89484999999915,100.98934561585415,100.80035438414416,100.92816856323351,100.881345726572,98.82925117187565,100.52914296874975,100.55169750000147,101.06248437499909,100.89484999999915,0.19123835410145526,46.12882625924328,47.24408089073621,NaN,NaN,NaN,NaN,-0.011835251940395416,-0.03579506323292492,-0.0239598112925295,37.30816451810955,30.068154048220013
1763424000,100.81606690428558,100.834,100.622,100.736,101.154,100.611,100.8825,NaN,NaN,NaN,NaN,NaN,100.76501659904484,100.81393893396614,100.71609426412354,100.86286126888744,100.66717192920224,100.88931249999915,101.08975943197,100.6888655680283,100.88931249999915,100.98953596598457,100.78908903401373,100.92063254114592,100.86813247870181,98.83221113281316,100.53002578124975,100.55386500000148,101.05689062499908,100.88931249999915,0.1927213288084944,41.17410685946632,46.9342532279295,NaN,NaN,NaN,NaN,-0.015025257775072152,-0.04274138351136969,-0.027716125736297538,33.73235113566622,33.55330468590141
1763427600,100.7760334521428,100.791,100.654,100.71349999999998,101.154,100.611,100.8825,NaN,NaN,NaN,NaN,NaN,100.74409505458115,100.7866138253633,100.701576283799,100.82913259614546,100.65905751301685,100.88089999999916,101.09553098714568,100.66626901285264,100.88089999999916,100.98821549357241,100.7735845064259,100.9125096963951,100.854074980638,98.83519199218816,100.53060703124974,100.55595250000148,101.05157812499908,100.88089999999916,0.188741233893602,40.09005568875098,46.610649713294606,NaN,NaN,NaN,NaN,-0.01742025759903651,-0.049491447735093175,-0.032071190136056665,27.547575199507794,32.86269695109453
1763431200,100.74476672607139,100.861,100.704,100.75175,101.154,100.611,100.8825,NaN,NaN,NaN,NaN,NaN,100.75191703362853,100.79018759620035,100.7136464710567,100.82845815877218,100.67537590848488,100.87204999999916,101.09257480733329,100.65152519266503,100.87204999999916,100.98231240366623,100.7617875963321,100.9062053945757,100.8447727096709,98.83820332031316,100.53094687499974,100.55837500000148,101.04577187499908,100.87204999999916,0.18647400290120264,42.84500366079269,46.1619837869085,NaN,NaN,NaN,NaN,-0.01527478584124091,-0.051164672437607805,-0.035889886596366896,22.605893186002465,27.961939840392162
1763434800,100.74825836303569,100.74825836303569,100.507,100.61375000000001,101.154,100.611,100.8825,NaN,NaN,NaN,NaN,NaN,100.72249438019784,100.78619416382547,100.65879459657022,100.8498939474531,100.59509481294259,100.85142499999915,101.08704732100853,100.61580267898978,100.85142499999915,100.96923616050384,100.73361383949447,100.89473655557272,100.82377064515536,98.84112812500067,100.53109140624974,100.56003750000147,101.03783124999907,100.85142499999915,0.19063657412254503,36.350357406733224,45.400308733731855,NaN,NaN,NaN,NaN,-0.021608952555480822,-0.06290107729071792,-0.0412921247352371,20.432216311197795,23.52856156556935
1763438400,100.68100418151785,100.68100418151785,100.15,100.42699999999999,101.154,100.611,100.8825,NaN,100.611,NaN,NaN,NaN,100.6627323908376,100.7961629058145,100.52930187586071,100.92959342079139,100.39587136088382,100.82202499999917,101.10966435429037,100.53438564570797,100.82202499999917,100.96584467714477,100.67820532285357,100.87639394555026,100.78770058650487,98.84391250000064,100.53096640624975,100.56081625000148,101.02773437499908,100.82202499999917,0.21494854607935207,29.773090798405292,44.14395502419272,NaN,NaN,NaN,NaN,-0.03598780483741744,-0.0862768807820089,-0.05028907594459146,23.336559649937072,22.124889715712445
1763442000,100.55400209075893,100.588,100.376,100.49225,101.154,100.611,100.8825,NaN,NaN,NaN,NaN,NaN,100.63787967684216,100.77607316702432,100.49968618666,100.91426665720648,100.36149269647784,100.80111249999916,101.1191876680378,100.48303733196053,100.80111249999916,100.96015008401848,100.64207491597985,100.86132947709731,100.76084144227715,98.84670839843815,100.53113437499974,100.56198750000146,101.01821874999908,100.80111249999916,0.21473793564511184,34.24960258204368,42.67901381526889,NaN,NaN,NaN,NaN,-0.03849107221632183,-0.09840291621499375,-0.05991184399867192,26.059171351687393,23.27598243760742
1763445600,100.52312604537946,100.59,100.368,100.49375,101.154,100.611,100.8825,NaN,NaN,NaN,NaN,NaN,100.61425781353138,100.75298886868062,100.47552675838214,100.89171992382985,100.33679570323291,100.78236249999915,101.12550232212976,100.43922267786854,100.78236249999915,100.95393241106446,100.61079258893385,100.84691459564252,100.73656040207014,98.84955058593815,100.53158984374974,100.56322375000147,101.00934999999909,100.78236249999915,0.21525665452760445,34.35319910290225,41.18277689524502,NaN,NaN,NaN,NaN,-0.037400374762709604,-0.10666231245205893,-0.06926193768934932,31.972111553784487,27.122614185136317
1763449200,100.50843802268973,100.592,100.332,100.48599999999999,101.154,100.611,100.8825,NaN,NaN,NaN,NaN,NaN,100.59272773678762,100.73062692372876,100.45482854984648,100.8685261106699,100.31692936290534,100.76403749999915,101.12870722389576,100.39936777610254,100.76403749999915,100.94637236194745,100.58170263805084,100.83276108208791,100.71378218370013,98.85237851562565,100.53207812499974,100.56433000000148,101.00116249999908,100.76403749999915,0.21845260777563308,34.05464825155083,39.462030832519645,NaN,NaN,NaN,NaN,-0.03461929631246077,-0.11253605807992528,-0.07791676176746451,35.60074758287337,31.210676829448417
1763452800,100.49721901134487,100.862,100.49721901134487,100.6535,101.154,100.611,100.8825,NaN,NaN,100.611,NaN,NaN,100.60274190701611,100.73413043867787,100.47135337535435,100.86551897033962,100.3399648436926,100.75067499999916,101.11095506904476,100.39039493095356,100.75067499999916,100.93081503452197,100.57053496547636,100.82573123573152,100.70830198518193,98.85535585937563,100.53296640624976,100.56661375000147,100.99244999999908,100.75067499999916,0.2297059929345168,45.149670141462785,39.279807180730344,NaN,NaN,NaN,NaN,-0.019661558566432397,-0.102493709975505,-0.0828321514090726,44.80842560207103,37.46042824624296
1763456400,100.57535950567242,100.868,100.57535950567242,100.77699999999999,101.154,100.611,100.8825,NaN,NaN,NaN,NaN,NaN,100.61267441751265,100.74413040766223,100.48121842736307,100.8755863978118,100.3497624372135,100.74523749999916,101.1004459071718,100.39002909282652,100.74523749999916,100.92284170358548,100.56763329641285,100.8238202068793,100.7145472592563,98.85838242187563,100.53383984374975,100.56998500000147,100.98306874999909,100.74523749999916,0.23420131446259213,51.61369821206921,40.18536862250421,NaN,NaN,NaN,NaN,-0.000619000542899803,-0.08360590208769736,-0.08298690154479756,61.18829619063797,47.199156458527455
1763460000,100.6761797528362,101.03,100.6761797528362,100.9225,101.154,100.611,100.8825,NaN,NaN,NaN,NaN,NaN,100.62836802790515,100.77028867130721,100.4864473845031,100.91220931470927,100.34452674110103,100.74682499999916,101.10489280524094,100.38875719475739,100.74682499999916,100.92585890262005,100.56779109737828,100.82769000268796,100.73345205386937,98.86157031250063,100.53521796874976,100.57369500000148,100.9758906249991,100.74682499999916,0.24274552394124954,57.9074542148714,41.60064030396484,NaN,NaN,NaN,NaN,0.021391000767947033,-0.056248150584863765,-0.0776391513528108,77.62447665315868,61.207066148622566
1763463600,100.7993398764181,101.105,100.7993398764181,101.04625,101.154,100.611,100.8825,NaN,NaN,NaN,NaN,NaN,100.64699322660249,100.8062203761098,100.48776607709517,100.96544752561712,100.32853892758786,100.74882499999917,101.11306029914509,100.38458970085325,100.74882499999917,100.93094264957213,100.56670735042621,100.83626098297471,100.76188823079033,98.86487792968815,100.53712968749976,100.57789750000147,100.97023124999909,100.74882499999917,0.24723942391558182,62.388459827250145,42.932659421909825,NaN,NaN,NaN,NaN,0.04267034879810443,-0.02430121535518026,-0.06697156415328469,88.33663934094113,75.71647072824594
1763467200,100.92279493820905,101.074,100.884,100.98325,101.154,100.611,100.8825,NaN,NaN,NaN,NaN,NaN,100.66975147556218,100.84494553816116,100.4945574129632,101.02013960076013,100.31936335036423,100.74721249999916,101.10696916431738,100.38745583568095,100.74721249999916,100.92709083215827,100.56733416784006,100.84202525815218,100.78201202799121,98.86810976562563,100.53831406249977,100.58159375000146,100.96412812499908,100.74721249999916,0.24315089363589723,58.94797826457843,43.9304393764372,NaN,NaN,NaN,NaN,0.05036103584665742,-0.004020269344962912,-0.054381305191620335,89.62785578296008,85.19632392568663
1763470800,100.95302246910452,101.052,100.892,100.95049999999999,101.154,100.611,100.8825,NaN,NaN,NaN,NaN,NaN,100.69990757667405,100.88844245026354,100.51137270308456,101.07697732385303,100.32283782949507,100.74152499999917,101.08424656794982,100.39880343204852,100.74152499999917,100.9128857839745,100.57016421602384,100.8462791695972,100.79732911635566,98.87133769531314,100.53910078124976,100.58530750000148,100.95638437499909,100.74152499999917,0.23721154409047676,57.18261367664763,44.719995620537496,NaN,NaN,NaN,NaN,0.050947156267507156,0.009302640142763607,-0.04164451612474355,88.30715532286133,88.75721681558753
1763474400,100.95176123455227,101.126,100.86,100.95200000000001,101.154,100.611,100.8825,NaN,NaN,NaN,NaN,NaN,100.72984033824275,100.92784464121448,100.53183603527103,101.1258489441862,100.3338317322993,100.74369999999917,101.09115210553736,100.39624789446097,100.74369999999917,100.91742605276826,100.56997394723007,100.85042508451495,100.81139010577787,98.87462753906314,100.53963984374977,100.58920000000147,100.94825937499908,100.74369999999917,0.2392678623697288,57.24576889405902,45.86797148015126,NaN,NaN,NaN,NaN,0.04911918267452713,0.01975446221841537,-0.029364720456111763,84.41514319228638,87.4500514327026
1763478000,100.95188061727615,100.95188061727615,100.634,100.7855,101.154,100.611,100.8825,NaN,NaN,NaN,NaN,NaN,100.73726223589101,100.92381101099716,100.55071346078486,101.1103597861033,100.36416468567872,100.74661249999917,101.09444056458149,100.39878443541686,100.74661249999917,100.92052653229034,100.57269846770801,100.84787900276928,100.80903645979807,98.87781328125064,100.53931249999975,100.59219250000147,100.93705937499908,100.74661249999917,0.2448915864861776,48.665213887021046,46.48048278002771,NaN,NaN,NaN,NaN,0.03504060704430851,0.014436038349273872,-0.020604568695034638,77.03560853145613,83.25263568220129
1763481600,100.86869030863807,101.212,100.67,100.92525,101.154,100.611,100.8825,NaN,NaN,NaN,NaN,NaN,100.75626366019132,100.94302409903841,100.56950322134423,101.1297845378855,100.38274278249715,100.75752499999916,101.11330087488479,100.40174912511354,100.75752499999916,100.93541293744198,100.57963706255634,100.85091315952342,100.81960132708915,98.88107773437565,100.53918984374975,100.59629000000149,100.92717187499908,100.75752499999916,0.2661136160228793,54.7904698586156,47.333730365586476,NaN,NaN,NaN,NaN,0.03348590850174556,0.02125281693214731,-0.012233091569598247,73.42796481532946,78.292905513024
1763485200,100.89697015431904,101.372,100.89697015431904,101.20425,101.154,100.611,100.8825,101.154,NaN,NaN,NaN,NaN,100.77910759037931,100.98293173102861,100.57528344973001,101.18675587167792,100.3714593090807,100.77802499999919,101.18365829882418,100.3723917011742,100.77802499999919,100.98084164941169,100.57520835058669,100.86476950620877,100.85456938826286,98.88453925781315,100.53963359374974,100.60177875000149,100.92230624999908,100.77802499999919,0.2810362038555997,64.02052638731352,49.3101710070565,NaN,NaN,NaN,NaN,0.048672721884156514,0.048607810785597394,-0.0000649110985591183,74.79475579669993,75.08610971449518
1763488800,101.05061007715952,101.438,101.05061007715952,101.36525,101.154,100.611,100.8825,NaN,NaN,NaN,NaN,NaN,100.80540692111019,101.03341112995692,100.57740271226346,101.26141533880364,100.34939850341674,100.80557499999918,101.28537345053131,100.32577654946705,100.80557499999918,101.04547422526524,100.56567577473312,100.8843961922398,100.90099489842078,98.88817578125065,100.54057499999975,100.60812625000149,100.91961562499908,100.80557499999918,0.2886328980688057,68.07149855217922,52.0457715608975,NaN,NaN,NaN,NaN,0.06591525344249247,0.08232915570455646,0.016413902262063997,84.23126826223837,77.48466295808926
1763492400,101.20793003857976,101.414,101.20793003857976,101.35375,101.154,100.611,100.8825,NaN,NaN,NaN,NaN,NaN,100.818281372435,101.05749888670688,100.57906385816311,101.29671640097877,100.33984634389122,100.83164999999919,101.36778784200428,100.2955121579941,100.83164999999919,101.09971892100174,100.56358107899663,100.90280222391668,100.9421544531098,98.89183320312564,100.54150078124974,100.6148062500015,100.9169031249991,100.83164999999919,0.28273554545105106,67.48700295593235,54.41987158760383,NaN,NaN,NaN,NaN,0.07238360612697804,0.10689340992078655,0.03450980379380851,90.69240190638,83.23947532177279
1763496000,101.28084001928988,101.37,101.25,101.3075,101.154,100.611,100.8825,NaN,NaN,NaN,NaN,NaN,100.83023460514234,101.07834013875177,100.5821290715329,101.3264456723612,100.33402353792347,100.86022499999919,101.4326186784478,100.28783132155058,100.86022499999919,101.14642183922349,100.57402816077489,100.91867272493955,100.97536768464526,98.89546171875064,100.54227656249974,100.62119000000149,100.91424999999909,100.86022499999919,0.27111157791883345,65.06721811680208,56.61373008859668,NaN,NaN,NaN,NaN,0.06937718978997634,0.12123129103127894,0.0518541012413026,91.3351416515976,88.75293727340534
1763499600,101.29417000964494,101.29417000964494,101.188,101.23049999999999,101.154,100.611,100.8825,NaN,NaN,NaN,NaN,NaN,100.8339496853718,101.0839383818761,100.58396098886752,101.33392707838038,100.33397229236323,100.88607499999918,101.47605525656378,100.29609474343458,100.88607499999918,101.18106512828147,100.59108487171689,100.93090124553017,100.9985615314957,98.89899765625064,100.54311562499974,100.62733125000148,100.91197499999909,100.88607499999918,0.2602821794960598,61.136934086193484,58.548179076785445,NaN,NaN,NaN,NaN,0.058469255287844676,0.12494067035110845,0.06647141506326378,86.17567988623408,89.40107448140391
1763503200,101.26233500482246,101.26233500482246,101.134,101.19925,101.438,100.15,100.79400000000001,NaN,NaN,NaN,NaN,NaN,101.19852833494082,101.19852833494082,101.19852833494082,101.19852833494082,101.19852833494082,100.90844999999919,101.51018184694564,100.30671815305274,100.90844999999919,101.20931592347242,100.60758407652597,100.94142472609761,101.01680593772336,98.90243164062564,100.54404453124974,100.6349562500015,100.91207499999909,100.90844999999919,0.25085738130508844,59.56442687851299,59.577804558003315,NaN,NaN,NaN,NaN,0.04596700908850687,0.12393017642389736,0.07796316733539049,79.48930974330251,85.66671042704473
1763506800,101.23079250241123,101.284,101.221,101.24375,101.438,100.15,100.79400000000001,NaN,NaN,NaN,NaN,NaN,101.22911517855356,101.25413629469908,101.20409406240803,101.2791574108446,101.17907294626251,100.93994999999919,101.5426338438481,100.33726615615028,100.93994999999919,101.24129192192363,100.63860807807474,100.95328061919182,101.03743721611215,98.90594082031313,100.54480937499974,100.64501250000149,100.91405312499909,100.93994999999919,0.23899256835472496,61.09885328938455,60.25531563495441,NaN,NaN,NaN,NaN,0.03785028753135858,0.1252760267495887,0.08742573921823013,75.36891938046936,80.34463633666866
1763510400,101.23727125120561,101.244,101.024,101.14474999999999,101.438,100.15,100.79400000000001,NaN,NaN,NaN,NaN,NaN,101.1724549172323,101.21951176024074,101.12539807422387,101.26656860324917,101.07834123121543,100.97583749999919,101.53605284476055,100.41562215523783,100.97583749999919,101.25594517237987,100.6957298276185,100.96078922236076,101.04719292373832,98.90934707031313,100.54513437499973,100.65577750000148,100.91442187499909,100.97583749999919,0.23763595632938736,56.00690587933954,60.119562182416416,NaN,NaN,NaN,NaN,0.023663716595037812,0.11700538496202739,0.09334166836698958,70.56300684194484,75.14041198857225
1763514000,101.1910106256028,101.1910106256028,100.914,101.013,101.438,100.15,100.79400000000001,NaN,NaN,NaN,NaN,NaN,101.1119143776778,101.18675533286797,101.03707342248764,101.26159628805814,100.96223246729747,101.00187499999919,101.51630114934835,100.48744885065003,101.00187499999919,101.25908807467377,100.7446619253246,100.96283670383681,101.04408447612575,98.91265976562563,100.54508046874973,100.66576500000149,100.91303124999908,101.00187499999919,0.2404484327060596,50.03116719677396,59.23689842309669,NaN,NaN,NaN,NaN,0.004272402264234171,0.09868217119728229,0.09440976893304812,62.16832504145912,69.36675042129112
1763517600,101.1020053128014,101.1020053128014,100.834,100.916,101.438,100.15,100.79400000000001,NaN,NaN,NaN,NaN,NaN,101.06893994717883,101.16480978072845,100.97307011362922,101.26067961427806,100.8772002800796,101.02298749999918,101.48416860598061,100.56180639401774,101.02298749999918,101.2535780529899,100.79239694700846,100.96099997035301,101.03244043284158,98.91589375000062,100.54478593749974,100.67462500000148,100.91297499999908,101.02298749999918,0.24241678128429764,46.128801363115194,58.32124293013502,NaN,NaN,NaN,NaN,-0.015156693505071345,0.07546390205170894,0.09062059555678029,48.58001658374733,60.43711615571711
1763521200,101.0090026564007,101.0090026564007,100.64,100.74875,101.438,100.15,100.79400000000001,NaN,NaN,NaN,NaN,NaN,101.00321404323678,101.145891104425,100.86053698204856,101.28856816561323,100.71785992086033,101.03612499999919,101.44766814855898,100.6245818514394,101.03612499999919,101.24189657427908,100.8303534257193,100.95267644210388,101.00665039349235,98.91899902343813,100.54403046874974,100.6820762500015,100.91179687499908,101.03612499999919,0.2514586295068975,40.2930525361785,57.114845705815796,NaN,NaN,NaN,NaN,-0.03803961035559526,0.043071082612286204,0.08111069296788147,32.16210613598674,47.636815920397744
1763524800,100.87887632820035,100.87887632820035,100.596,100.69275,101.438,100.15,100.79400000000001,NaN,NaN,NaN,NaN,NaN,100.95466070946516,101.12230727248092,100.7870141464494,101.28995383549669,100.61936758343363,101.0380874999992,101.44262829831179,100.6335467016866,101.0380874999992,101.24035789915548,100.8358171008429,100.94248324829589,100.97811399408396,98.92206093750063,100.54329531249974,100.68945375000149,100.9096124999991,101.0380874999992,0.2537027508421438,38.53517606537583,55.77837478948128,NaN,NaN,NaN,NaN,-0.054701339968333984,0.012734018007463987,0.06743535797579797,20.279171245908078,33.673764655214065
1763528400,100.78581316410018,100.83,100.656,100.75225,101.438,100.15,100.79400000000001,NaN,NaN,NaN,NaN,NaN,100.92650446740902,101.09794354062537,100.75506539419267,101.26938261384171,100.58362632097632,101.03684999999919,101.44471567719462,100.62898432280376,101.03684999999919,101.2407828385969,100.83291716140148,100.93502312091174,100.95758090371268,98.92516542968814,100.54263281249975,100.69738750000148,100.90763437499909,101.03684999999919,0.2480096972105615,41.457594307614364,55.26354481952366,NaN,NaN,NaN,NaN,-0.05909469895667736,-0.006433015720048729,0.052661683236628634,14.773297999314627,22.40485846040316
1763532000,100.76903158205009,100.946,100.76903158205009,100.86925,101.438,100.15,100.79400000000001,NaN,NaN,NaN,NaN,NaN,100.91938495356774,101.08244489779645,100.75632500933904,101.24550484202516,100.59326506511033,101.03418749999919,101.44568333533616,100.62269166466223,101.03418749999919,101.23993541766767,100.82843958233072,100.93244378283677,100.94955082155698,98.92839140625064,100.54221328124974,100.70582125000148,100.90682499999909,101.03418749999919,0.24413400455266385,46.812803123124425,54.69371148127429,NaN,NaN,NaN,NaN,-0.05176396933556472,-0.012043278432827265,0.03972069090273746,20.833333333332977,18.62860085951856
1763535600,100.81914079102503,101,100.81914079102503,100.938,101.438,100.15,100.79400000000001,NaN,NaN,NaN,NaN,NaN,100.91933828043798,101.07072289176422,100.76795366911175,101.22210750309046,100.61656905778551,101.02877499999919,101.44233629911749,100.61521370088089,101.02877499999919,101.23555564955834,100.82199435044004,100.93266167370592,100.94850074686998,98.93166289062563,100.54208203124975,100.71462250000148,100.9066312499991,101.02877499999919,0.23961437629711393,49.723154272752225,53.67247061594849,NaN,NaN,NaN,NaN,-0.040430318789888106,-0.010817207584622679,0.029613111205265427,30.542359461598966,22.04966359808219
1763539200,100.87857039551253,100.992,100.804,100.89975000000001,101.438,100.15,100.79400000000001,NaN,NaN,NaN,NaN,NaN,100.91628034518445,101.0562620966132,100.7762985937557,101.19624384804195,100.63631684232695,101.0245999999992,101.44158706289905,100.60761293709935,101.0245999999992,101.23309353144913,100.81610646854926,100.9313710198351,100.94406886079089,98.93488476562564,100.54186874999974,100.72300000000149,100.90573124999909,101.0245999999992,0.23592763513303455,48.144706369706874,52.249128317200466,NaN,NaN,NaN,NaN,-0.03391818480149639,-0.012784619796605057,0.02113356500489133,36.734441030882685,29.370044608604875
1763542800,100.88916019775627,101.182,100.806,100.99499999999999,101.438,100.15,100.79400000000001,NaN,NaN,NaN,NaN,NaN,100.92468884545605,101.05911196861922,100.79026572229287,101.1935350917824,100.6558425991297,101.0268249999992,101.44268011674066,100.61096988325775,101.0268249999992,101.23475255836993,100.81889744162848,100.93386627395921,100.94869896435536,98.93819609375063,100.54203359374974,100.73190500000148,100.9053437499991,101.0268249999992,0.24593280405210385,52.212890245255466,51.15812026643783,NaN,NaN,NaN,NaN,-0.02217249628361322,-0.006582055349625193,0.015590440933988026,43.10040554259629,36.79240201169265
1763546400,100.94208009887814,101.356,100.94208009887814,101.24725,101.438,100.15,100.79400000000001,NaN,NaN,NaN,NaN,NaN,100.9431056249026,101.08860715083317,100.79760409897203,101.23410867676374,100.65210257304146,101.0415874999992,101.46663035961518,100.61654464038321,101.0415874999992,101.25410892980719,100.8290660701912,100.94615583184316,100.97583996759577,98.94173398437565,100.54331953124974,100.74236125000148,100.9071468749991,101.0415874999992,0.25793188241422915,60.950190655463864,50.864046876342236,NaN,NaN,NaN,NaN,0.002307663245053569,0.018475019990304986,0.016167356745251417,58.12480963477444,45.986552069417804
1763550000,101.09466504943907,101.372,101.09466504943907,101.32225,101.438,100.15,100.79400000000001,NaN,NaN,NaN,NaN,NaN,100.96271582740563,101.12321769320357,100.80221396160769,101.28371955900151,100.64171209580975,101.0684249999992,101.49318205188784,100.64366794811055,101.0684249999992,101.28080352594351,100.85604647405488,100.96090462275127,101.00733178872343,98.94532187500064,100.54495937499973,100.75344875000148,100.91013124999911,101.0684249999992,0.259317815853279,63.109880271908544,51.00497160389331,NaN,NaN,NaN,NaN,0.02216931153854344,0.04387899616843072,0.021709684629887278,76.94336486545139,59.38952668094071
1763553600,101.20845752471953,101.441,101.20845752471953,101.35875,101.438,100.15,100.79400000000001,NaN,NaN,NaN,NaN,NaN,100.98202026225442,101.15883537641284,100.80520514809601,101.33565049057125,100.62839003393759,101.09009999999918,101.52747539441914,100.65272460557922,101.09009999999918,101.30878769720917,100.8714123027892,100.97650640225122,101.03927889883948,98.94892070312564,100.54655078124973,100.76480000000149,100.91475312499911,101.09009999999918,0.25740529152664965,64.14905671645636,51.33244516374641,NaN,NaN,NaN,NaN,0.035587477639531906,0.06619403167930216,0.030606554039770254,89.84865972960188,74.97227807660924
1763557200,101.28360376235977,101.402,101.244,101.34675,101.438,100.15,100.79400000000001,NaN,NaN,NaN,NaN,NaN,101.01022811491939,101.2046037743595,100.81585245547927,101.39897943379961,100.62147679603916,101.09722499999918,101.54629289368192,100.64815710631645,101.09722499999918,101.32175894684056,100.87269105315781,100.99102575902567,101.0672308171268,98.95250039062564,100.54806718749974,100.7752500000015,100.9199187499991,101.09722499999918,0.2503049135604605,63.515577248209695,51.50506830366248,NaN,NaN,NaN,NaN,0.04108732373844712,0.08196570871282916,0.04087838497438204,90.9004478537584,85.89749081627055
1763560800,101.3151768811799,101.688,101.298,101.50025000000001,101.438,100.15,100.79400000000001,101.438,NaN,NaN,NaN,NaN,101.06370555801267,101.30183238469218,100.82557873133317,101.53995921137168,100.58745190465366,101.10397499999918,101.57258792464087,100.63536207535749,101.10397499999918,101.33828146232003,100.86966853767834,101.0109953371031,101.106596197388,98.95617246093815,100.55042265624974,100.78550625000149,100.9261781249991,101.10397499999918,0.26028313402042763,67.88445048158468,52.35346434667999,NaN,NaN,NaN,NaN,0.0518039862827737,0.10563336782784916,0.05382938154507546,87.30640086409316,89.35183614915115
1763564400,101.40771344058996,101.688,101.162,101.42775,101.438,100.15,100.79400000000001,NaN,NaN,101.438,NaN,NaN,101.10291022872893,101.35436644722786,100.85145401023,101.60582266572679,100.59999779173107,101.10767499999919,101.58520180880326,100.63014819119512,101.10767499999919,101.34643840440123,100.86891159559715,101.0273386572167,101.13579199762546,98.95975195312563,100.55252890624975,100.7951112500015,100.93224687499911,101.10767499999919,0.2792629101618254,63.98710643643255,53.35031714951275,NaN,NaN,NaN,NaN,0.05068779936311463,0.11718913074896875,0.06650133138585412,82.6068376068377,86.93789544156307
1763568000,101.41773172029498,101.41773172029498,101.11,101.22725000000001,101.438,100.15,100.79400000000001,NaN,NaN,NaN,NaN,NaN,101.11485524852297,101.35936870138296,100.87034179566298,101.60388215424295,100.62582834280299,101.10366249999919,101.57572296488118,100.6316020351172,101.10366249999919,101.33969273244018,100.86763226755819,101.035178317718,101.1441063614777,98.96312441406313,100.55365078124973,100.8038412500015,100.93617812499912,101.10366249999919,0.28201198800740956,54.643803804980955,53.958531609646016,NaN,NaN,NaN,NaN,0.0339293352860838,0.10891300049345887,0.07498366520737507,72.26037851037898,80.72453899376995
1763571600,101.3224908601475,101.352,101.15,101.26850000000002,101.438,100.15,100.79400000000001,NaN,NaN,NaN,NaN,NaN,101.12361261352434,101.36291529530692,100.88430993174177,101.6022179770895,100.64500724995919,101.1055624999992,101.57994986544907,100.63117513454932,101.1055624999992,101.34275618272413,100.86836881727426,101.04432818761141,101.15541487407063,98.96648242187564,100.55472031249974,100.8126162500015,100.94069999999911,101.1055624999992,0.27629684600688015,56.06518639658552,55.085112599675085,NaN,NaN,NaN,NaN,0.023595689716644525,0.10447827735318072,0.08088258763653619,65.18620268620343,73.35113960114005
1763575200,101.29549543007376,101.458,101.264,101.34174999999999,101.438,100.15,100.79400000000001,NaN,NaN,NaN,NaN,NaN,101.13328969484691,101.37205309420558,100.89452629548823,101.61081649356426,100.65576289612956,101.11268749999918,101.59667277612682,100.62870222387154,101.11268749999918,101.354680138063,100.87069486193536,101.05599178809724,101.1723544309733,98.96990878906314,100.55619374999974,100.8219300000015,100.9466937499991,101.11268749999918,0.2704184998635318,58.549316957941436,56.51469409200121,NaN,NaN,NaN,NaN,0.019819088587020084,0.1056564483703113,0.08583735978329121,61.94655635062642,66.46437918240295
1763578800,101.31862271503687,101.516,101.307,101.42800000000001,101.438,100.15,100.79400000000001,NaN,NaN,NaN,NaN,NaN,101.1476141857536,101.3884221011047,100.9068062704025,101.6292300164558,100.6659983550514,101.12189999999919,101.6222510623883,100.62154893761007,101.12189999999919,101.37207553119374,100.87172446880463,101.07058034542676,101.19559493724846,98.97340351562563,100.55805078124975,100.83235875000152,100.9553499999991,101.12189999999919,0.26603146415899404,61.322390647690376,57.933608116292355,NaN,NaN,NaN,NaN,0.021134749470701042,0.11225579662166751,0.09112104715096647,66.58009962455229,64.57095288712739
1763582400,101.37331135751845,101.614,101.37331135751845,101.5295,101.438,100.15,100.79400000000001,101.438,NaN,NaN,NaN,NaN,101.16053549202049,101.40620629861138,100.91486468542959,101.65187710520227,100.6691938788387,101.14113749999919,101.67216856077096,100.61010643922742,101.14113749999919,101.40665303038507,100.8756219696133,101.08857719462571,101.22594994295315,98.97698046875064,100.56024453124975,100.8437887500015,100.96799062499909,101.14113749999919,0.26422126261060574,64.34538343614605,59.185935281508186,NaN,NaN,NaN,NaN,0.026498221417327633,0.124243823922626,0.09774560250529837,73.40872851200413,67.31179482906096
1763586000,101.45140567875922,101.867,101.45140567875922,101.6815,101.438,100.15,100.79400000000001,NaN,NaN,NaN,NaN,NaN,101.17221370045331,101.42664529452291,100.91778210638371,101.68107688859251,100.66335051231411,101.17456249999918,101.75131162006913,100.59781337992924,101.17456249999918,101.46293706003415,100.88618793996422,101.11182906934627,101.26736358450286,98.98076679687564,100.56306406249975,100.85546250000151,100.9837406249991,101.17456249999918,0.2750336239413331,68.33653447778406,60.515462439010456,NaN,NaN,NaN,NaN,0.03728001807305674,0.1443456250966193,0.10706560702356256,78.77564354940284,72.92149056198643
1763589600,101.56645283937961,101.822,101.56645283937961,101.77074999999999,101.867,100.596,101.23150000000001,NaN,NaN,NaN,NaN,NaN,101.7197342797932,101.71973562849236,101.71973293109404,101.71973697719152,101.71973158239489,101.21729999999918,101.83621078971744,100.59838921028093,101.21729999999918,101.52675539485831,100.90784460514006,101.13766910584249,101.3131259859117,98.98460644531313,100.56605624999975,100.8672750000015,100.9974593749991,101.21729999999918,0.27364173370412326,70.42962740542089,62.107242512990034,NaN,NaN,NaN,NaN,0.04680318898258087,0.16556959325178866,0.11876640426920779,85.18263124414115,79.12233443518271
1763593200,101.6686014196898,101.95,101.6686014196898,101.83824999999999,101.867,100.596,101.23150000000001,NaN,NaN,NaN,NaN,NaN,101.79830207695186,101.83857985013415,101.75802430376956,101.87885762331645,101.71774653058726,101.27177499999918,101.90769042136901,100.63585957862935,101.27177499999918,101.5897327106841,100.95381728931426,101.16514286639769,101.360864532647,98.98865742187563,100.56917499999975,100.88020125000148,101.00866874999909,101.27177499999918,0.2741957941759866,71.9403758147858,63.51634862509934,NaN,NaN,NaN,NaN,0.05354354917959764,0.18569584074370482,0.13215229156410718,87.46352247955626,83.80726575770008
1763596800,101.75342570984489,101.976,101.727,101.862,101.867,100.596,101.23150000000001,NaN,NaN,NaN,NaN,NaN,101.83345129180739,101.87051871509918,101.7963838685156,101.90758613839097,101.75931644522382,101.33023749999919,101.95740261980549,100.70307238019288,101.33023749999919,101.64382005990234,101.01665494009603,101.19247059712718,101.40642230240637,98.99290019531313,100.57239140624975,100.8939112500015,101.01747499999911,101.33023749999919,0.2723960945919872,72.47326219391584,64.33942516356021,NaN,NaN,NaN,NaN,0.05527229734322278,0.20124266324313567,0.14597036589991289,88.96875186700022,87.20496853023253
1763600400,101.80771285492244,102.05,101.802,101.92725,101.867,100.596,101.23150000000001,101.867,NaN,NaN,NaN,NaN,101.8711073862884,101.92496072602134,101.81725404655546,101.97881406575428,101.76340070682252,101.38898749999919,102.008665410291,100.76930958970738,101.38898749999919,101.6988264551451,101.07914854485328,101.22128547567121,101.45377027491489,98.99713203125063,100.57589999999975,100.90764500000151,101.02643437499911,101.38898749999919,0.2706535164068446,73.93768774813411,65.1128399832906,NaN,NaN,NaN,NaN,0.056291696642381595,0.21633498670288986,0.16004329006050827,87.6397918333111,88.02402205995587
1763604000,101.86748142746123,102.042,101.856,101.955,101.867,100.596,101.23150000000001,NaN,NaN,NaN,NaN,NaN,101.89472943316753,101.95279753214163,101.83666133419342,102.01086563111573,101.77859323521932,101.44327499999919,102.06154743035223,100.82500256964614,101.44327499999919,101.75241121517571,101.13413878482267,101.25005859427233,101.499336613559,99.00134707031313,100.57961874999975,100.9208075000015,101.03722499999911,101.44327499999919,0.26460683666349905,74.55761053982296,65.85630811353107,NaN,NaN,NaN,NaN,0.054291588663470725,0.22790777588984668,0.17361618722637595,87.96672768945291,88.19175712992141
1763607600,101.91124071373062,102.106,101.91124071373062,101.99375,101.867,100.596,101.23150000000001,NaN,NaN,NaN,NaN,NaN,101.92157452833146,101.99045587454837,101.85269318211455,102.05933722076529,101.78381183589764,101.49606249999918,102.11303794319893,100.87908705679943,101.49606249999918,101.80455022159906,101.18757477839931,101.2792229631244,101.54428328505364,99.00557539062564,100.58339531249975,100.93295625000148,101.04923749999911,101.49606249999918,0.2596177259210615,75.43625396033701,66.70778502154016,NaN,NaN,NaN,NaN,0.05108201377488211,0.23746870444497858,0.18638669067009647,88.52167535389839,88.04273162555414
1763611200,101.95249535686531,102.106,101.95249535686531,102.04875,101.867,100.596,101.23150000000001,NaN,NaN,NaN,NaN,NaN,101.93526302399803,102.00977001488828,101.86075603310779,102.08427700577852,101.78624904221755,101.55351249999919,102.15136838774225,100.95565661225612,101.55351249999919,101.85244044387072,101.25458455612765,101.30940049398227,101.5901438955033,99.00981757812562,100.58719609374974,100.94475250000148,101.0620718749991,101.55351249999919,0.25203822000774867,76.66789554288582,67.33517395449026,NaN,NaN,NaN,NaN,0.048203230472627034,0.24664072876088028,0.19843749828825324,90.95851491070717,89.14897265135282
1763614800,102.00062267843265,102.209,102.00062267843265,102.10275,101.867,100.596,101.23150000000001,NaN,NaN,NaN,NaN,NaN,101.94929233615565,102.03451125811733,101.86407341419397,102.11973018007902,101.77885449223228,101.60889999999918,102.19465223912637,101.02314776087199,101.60889999999918,101.90177611956277,101.3160238804356,101.3405122393163,101.63674445045754,99.01408847656312,100.59121562499975,100.95689875000149,101.0756937499991,101.60889999999918,0.24891958440486336,77.84258890210916,68.32485127346715,NaN,NaN,NaN,NaN,0.045509008929278366,0.2553237594498512,0.20981475052057283,91.10468260667825,90.19495762376125
1763618400,102.05168633921633,102.239,102.043,102.15125,101.867,100.596,101.23150000000001,NaN,NaN,NaN,NaN,NaN,101.9768473973957,102.08103033212237,101.87266446266904,102.18521326684903,101.76848152794237,101.65409999999919,102.26040362495112,101.04779637504726,101.65409999999919,101.95725181247516,101.35094818752322,101.37230587699017,101.68351768223413,99.01808105468812,100.59549296874974,100.96848750000149,101.09021874999911,101.65409999999919,0.24513961409023013,78.8714866211755,70.05540004605247,NaN,NaN,NaN,NaN,0.042616981278279314,0.26308597711842197,0.22046899584014265,92.17542563388315,91.41287438375618
1763622000,102.10146816960817,102.238,101.935,102.094,101.867,100.596,101.23150000000001,NaN,NaN,NaN,NaN,NaN,101.98818075461888,102.09258318104538,101.88377832819238,102.19698560747189,101.77937590176587,101.6926874999992,102.30776930146928,101.07760569852911,101.6926874999992,102.00022840073424,101.38514659926415,101.40060760730428,101.72083425657648,99.02199902343811,100.59935703124975,100.97945375000148,101.10431249999911,101.6926874999992,0.24927249879807065,74.47522577069358,71.37040285848876,NaN,NaN,NaN,NaN,0.03290672678987827,0.2616024043274905,0.22869567753761222,89.1341579992416,90.80475541326767
1763625600,102.09773408480407,102.09773408480407,101.756,101.872,101.867,100.596,101.23150000000001,NaN,NaN,NaN,NaN,NaN,101.97920759766728,102.08072093500456,101.87769426033,102.18223427234184,101.77618092299272,101.71834999999919,102.31819923991573,101.11850076008265,101.71834999999919,102.01827461995747,101.41842538004092,101.41909358348843,101.7345765968877,99.02565898437561,100.60239531249974,100.98877000000148,101.11599687499911,101.71834999999919,0.2558768977984994,60.412949320503486,71.50351945581463,NaN,NaN,NaN,NaN,0.008843006195857317,0.23974943528243386,0.23090642908657655,79.23089049503368,86.84682470938613
1763629200,101.98486704240204,101.98486704240204,101.782,101.8435,101.867,100.596,101.23150000000001,NaN,NaN,101.867,NaN,NaN,101.96853766351822,102.0702582897331,101.86681703730333,102.17197891594799,101.76509641108845,101.7431874999992,102.32013350917742,101.16624149082097,101.7431874999992,102.03166050458832,101.45471449541007,101.43573697237125,101.74447872444337,99.02925117187561,100.60545624999975,100.99699500000148,101.1284343749991,101.7431874999992,0.2520904795558957,58.87600303053014,71.32877748316032,NaN,NaN,NaN,NaN,-0.010627165934525007,0.2176224716684203,0.2282496376029453,66.68811699252849,78.35105516226791
1763632800,101.91418352120102,102.069,101.89,101.97449999999999,101.867,100.596,101.23150000000001,101.867,NaN,NaN,NaN,NaN,101.96917648989894,102.06736779892464,101.87098518087325,102.16555910795033,101.77279387184755,101.7668999999992,102.34093391504251,101.19286608495588,101.7668999999992,102.05391695752085,101.47988304247754,101.45686493423904,101.76538974949398,99.03294375000061,100.60892187499975,101.00548000000148,101.14295937499911,101.7668999999992,0.25019115958761723,63.475628999300014,71.26665216624276,NaN,NaN,NaN,NaN,-0.01599439344398862,0.20825664579795955,0.22425103924194817,60.450955544106684,68.78998767722294
1763636400,101.94434176060051,102.078,101.94434176060051,102.021,101.867,100.596,101.23150000000001,NaN,NaN,NaN,NaN,NaN,101.97187309355905,102.06769600365158,101.87605018346653,102.1635189137441,101.78022727337401,101.7965624999992,102.35861614290361,101.23450885709478,101.7965624999992,102.07758932145141,101.51553567854698,101.47898787799437,101.78862704499453,99.03670195312561,100.61239218749975,101.01403250000149,101.1576843749991,101.7965624999992,0.2418673795741799,64.97322176049097,71.02641554357896,NaN,NaN,NaN,NaN,-0.01759694768411396,0.2022548546368057,0.21985180232091966,62.772155090381204,63.30374254233879
1763640000,101.98267088030025,102.156,101.98267088030025,102.07775000000001,101.867,100.596,101.23150000000001,NaN,NaN,NaN,NaN,NaN,101.97919263996283,102.0750679382653,101.88331734166036,102.17094323656778,101.78744204335788,101.83908749999918,102.34865666361722,101.32951833638114,101.83908749999918,102.0938720818082,101.58430291819016,101.502468745524,101.81491094999502,99.04051601562561,100.61588281249975,101.0227375000015,101.17307187499911,101.83908749999918,0.2369717895831498,66.7642955219814,70.76460612333328,NaN,NaN,NaN,NaN,-0.0160616310541076,0.19977476350328516,0.21583639455739276,68.57764377106274,63.9335848018502
1763643600,102.03021044015013,102.458,102.03021044015013,102.23225,101.867,100.596,101.23150000000001,NaN,NaN,NaN,NaN,NaN,102.02151294415866,102.15172169322285,101.89130419509446,102.28193044228705,101.76109544603027,101.88727499999919,102.35222007538259,101.4223299246158,101.88727499999919,102.1197475376909,101.65480246230749,101.53108761824855,101.85285086363184,99.0444388671881,100.61960859374975,101.03161125000148,101.1899531249991,101.88727499999919,0.25060163031648697,71.09738552725457,70.70439253136678,NaN,NaN,NaN,NaN,-0.006365257243823197,0.20787982300261376,0.21424508024643696,69.47795252969068,66.94258379704486
1763647200,102.13123022007505,102.49,102.13123022007505,102.36175,101.867,100.596,101.23150000000001,NaN,NaN,NaN,NaN,NaN,102.06341171234433,102.22374156103852,101.90308186365014,102.38407140973271,101.74275201495595,101.9382749999992,102.37562580097989,101.5009241990185,101.9382749999992,102.15695040048954,101.71959959950885,101.56366261361136,101.89911442148349,99.0484488281256,100.62357031249977,101.04090500000149,101.20786562499912,101.9382749999992,0.25832792671709087,74.14062929596045,70.82349018151282,NaN,NaN,NaN,NaN,0.006357075276871266,0.22219142434252603,0.21583434906565477,74.45839643669542,70.8379975791496
1763650800,102.24649011003753,102.445,102.122,102.27625,101.867,100.596,101.23150000000001,NaN,NaN,NaN,NaN,NaN,102.08618410846172,102.25187872163268,101.92048949529077,102.41757333480363,101.75479488211981,101.98068749999919,102.3741970265693,101.58717797342908,101.98068749999919,102.17744226328425,101.78393273671414,101.59160721699915,101.9333994740759,99.0523880859381,100.62739765624977,101.04952000000151,101.2234906249991,101.98068749999919,0.2629473605230125,68.97666939336678,70.46913172760087,NaN,NaN,NaN,NaN,0.006573807620023964,0.22405160859068474,0.21747780097066077,74.17454720307772,72.70363205648793
1763654400,102.26137005501877,102.26137005501877,101.468,101.80625,101.867,100.596,101.23150000000001,NaN,NaN,101.867,NaN,NaN,102.06455019352275,102.23698916393107,101.89211122311443,102.4094281343394,101.7196722527061,101.99452499999919,102.34014834720521,101.64890165279316,101.99452499999919,102.16733667360221,101.82171332639616,101.6000245810384,101.9218404309781,99.0560042968756,100.62995468749976,101.0554687500015,101.2333812499991,101.99452499999919,0.3018975490570831,48.838981076781636,68.63208676595505,NaN,NaN,NaN,NaN,-0.025611964197132187,0.18546284572424554,0.21107480992137773,62.16762114498371,70.26685492825227
1763658000,102.03381002750939,102.03381002750939,101.305,101.50225,101.867,100.596,101.23150000000001,NaN,NaN,NaN,NaN,NaN,102.01560460045913,102.23049821708895,101.8007109838293,102.44539183371877,101.58581736719948,101.98556249999919,102.37027563662663,101.60084936337175,101.98556249999919,102.1779190683129,101.79320593168548,101.59619028374277,101.88369584634373,99.05936777343808,100.63159218749976,101.0592850000015,101.24077812499911,101.98556249999919,0.33239129751796165,40.58547560994547,66.1427454552128,NaN,NaN,NaN,NaN,-0.06576765949711766,0.12886523554998064,0.1946328950470983,40.2070616996001,58.849743349220496
1763661600,101.7680300137547,101.882,101.422,101.57375000000002,101.867,100.596,101.23150000000001,NaN,NaN,NaN,NaN,NaN,101.98648794891776,102.21719876036411,101.7557771374714,102.44790957181047,101.52506632602504,101.97571249999919,102.39080903394671,101.56061596605167,101.97571249999919,102.18326076697295,101.76816423302543,101.5953102726156,101.85551895122157,99.06275000000059,100.63362968749976,101.06347500000149,101.24959062499912,101.97571249999919,0.3415062048381078,43.02428993037279,63.739630768604734,NaN,NaN,NaN,NaN,-0.08470028996834328,0.08875753258666919,0.17345782255501246,24.1405877997699,42.17175688145122
1763665200,101.67089000687736,101.722,101.428,101.5835,101.867,100.596,101.23150000000001,NaN,NaN,NaN,NaN,NaN,101.96336082877855,102.20653011068713,101.72019154686997,102.4496993925957,101.47702226496139,101.96297499999919,102.4086689511887,101.51728104880968,101.96297499999919,102.18582197559395,101.74012802440443,101.5948471246699,101.83078995565597,99.06608476562559,100.63568203124976,101.0678575000015,101.2587281249991,101.96297499999919,0.33811290449252845,43.36567857397723,61.2769943165953,NaN,NaN,NaN,NaN,-0.09308592643680308,0.0571004145090086,0.15018634094581168,20.94233473980339,28.429994746391106
1763668800,101.62719500343869,101.751,101.522,101.63325,101.867,100.596,101.23150000000001,NaN,NaN,NaN,NaN,NaN,101.95232551742951,102.19857482406637,101.70607621079266,102.44482413070322,101.4598269041558,101.95153749999919,102.4182540708388,101.48482092915958,101.95153749999919,102.184895785419,101.71817921457938,101.59635311978089,101.81283177786906,99.06941152343809,100.63778906249976,101.0725725000015,101.2676343749991,101.95153749999919,0.330319125600205,45.17095277447816,58.8698133275455,NaN,NaN,NaN,NaN,-0.09165645426485577,0.035615773114741955,0.12727222737959773,24.6272855133618,23.23673601764501
1763672400,101.63022250171935,101.63022250171935,101.398,101.47475,101.867,100.596,101.23150000000001,NaN,NaN,NaN,NaN,NaN,101.94651611986812,102.19640897176401,101.69662326797223,102.44630182365991,101.44673041607633,101.9289124999992,102.43991551612703,101.41790948387137,101.9289124999992,102.18441400806311,101.67341099193528,101.59158436998555,101.78209707079006,99.07259843750059,100.63956249999976,101.07678125000149,101.2749968749991,101.9289124999992,0.3235284737716195,40.717790301782145,56.45856793690897,NaN,NaN,NaN,NaN,-0.09723112233128173,0.005733324465495571,0.1029644467967773,21.84247538677899,22.47069854664804
1763676000,101.55248625085967,101.55248625085967,101.416,101.492,102.49,101.305,101.89750000000001,NaN,NaN,NaN,NaN,NaN,101.48682875028655,101.48683065763518,101.48682684293792,101.48683256498381,101.48682493558928,101.9057624999992,102.45076047016998,101.36076452982842,101.9057624999992,102.17826148508459,101.6332635149138,101.58767910057436,101.75572460980915,99.07582441406308,100.64189062499976,101.0814237500015,101.2825124999991,101.9057624999992,0.31016831499219494,41.3949465222131,55.10013916560251,NaN,NaN,NaN,NaN,-0.09546605268303798,-0.01636811905702018,0.0790979336260178,19.268635724331805,21.91279887482418
1763679600,101.52224312542984,101.532,101.294,101.4655,102.49,101.305,101.89750000000001,NaN,NaN,NaN,NaN,NaN,101.44721783288666,101.47295124891146,101.42148441686187,101.49868466493625,101.39575100083708,101.8793499999992,102.45506708382999,101.30363291616843,101.8793499999992,102.1672085419146,101.59149145808381,101.58288776329694,101.72934055437196,99.07907148437559,100.64469296874975,101.08635000000152,101.2882531249991,101.8793499999992,0.3050134353498953,40.62719135754163,53.796652617531905,NaN,NaN,NaN,NaN,-0.09176754184436611,-0.03561149367943983,0.056156048164926274,14.814983371670344,18.64203149426036
1763683200,101.49387156271493,101.625,101.486,101.54249999999999,102.49,101.305,101.89750000000001,NaN,NaN,NaN,NaN,NaN,101.51115599700006,101.5641946409976,101.45811735300252,101.61723328499514,101.40507870900498,101.8540374999992,102.44212047244966,101.26595452754873,101.8540374999992,102.14807898622442,101.55999601377397,101.58130392944216,101.71235504942905,99.08241328125058,100.64743437499975,101.0921200000015,101.2948406249991,101.8540374999992,0.2946196185391881,43.883995889553695,52.39725025255002,NaN,NaN,NaN,NaN,-0.08023678457850877,-0.044139932558209694,0.03609685202029908,16.9658825244957,17.016500540165932
1763686800,101.51818578135746,101.663,101.47,101.58375,102.49,101.305,101.89750000000001,NaN,NaN,NaN,NaN,NaN,101.52707002651016,101.57997867750194,101.47416137551838,101.63288732849372,101.4212527245266,101.8280874999992,102.41578423939086,101.24039076060754,101.8280874999992,102.12193586969504,101.53423913030336,101.58139985377775,101.70066368129913,99.0857998046881,100.65002109374976,101.0972787500015,101.3013343749991,101.8280874999992,0.2873610743578174,45.60538064667863,51.013833030134855,NaN,NaN,NaN,NaN,-0.06649999395665895,-0.04702814042552461,0.019471853531134342,19.781215161649992,17.187360352605328
1763690400,101.55096789067872,101.662,101.443,101.54875000000001,102.49,101.305,101.89750000000001,NaN,NaN,NaN,NaN,NaN,101.53278447996009,101.58014776852625,101.48542119139393,101.6275110570924,101.43805790282777,101.7979624999992,102.37802842943707,101.21789657056134,101.7979624999992,102.08799546471813,101.50792953528027,101.5801194673551,101.68685334663557,99.0891615234381,100.65234843749974,101.10166250000151,101.30933749999909,101.7979624999992,0.2824781404751167,44.361924794354,49.41366369244719,NaN,NaN,NaN,NaN,-0.05681513955691271,-0.05154707091500654,0.005268068641906164,22.101449275362558,19.61618232050273
1763694000,101.54985894533937,101.54985894533937,101.417,101.4565,102.49,101.305,101.89750000000001,NaN,NaN,NaN,NaN,NaN,101.52365816281232,101.57204584966844,101.47527047595621,101.62043353652456,101.42688278910009,101.7660874999992,102.34764068543231,101.1845343145661,101.7660874999992,102.05686409271576,101.47531090728265,101.57527164510589,101.66591213330507,99.09245917968809,100.65431328124973,101.1054637500015,101.31845312499908,101.7660874999992,0.2717910551082773,41.1752786102373,47.27637034123167,NaN,NaN,NaN,NaN,-0.05370172441121973,-0.061859086872118496,-0.008157362460898768,19.704570791527985,20.52907840951349
1763697600,101.50317947266969,101.50317947266969,101.238,101.3605,102.49,101.305,101.89750000000001,NaN,NaN,NaN,NaN,NaN,101.49519376868119,101.5697447083128,101.42064282904958,101.6442956479444,101.34609188941798,101.7405124999992,102.34569390874695,101.13533109125144,101.7405124999992,102.04310320437307,101.43792179562533,101.56684922765075,101.6381473939137,99.09570019531309,100.65599999999974,101.10868500000151,101.32662187499909,101.7405124999992,0.2713187992198065,38.107503597752505,44.70257564850253,NaN,NaN,NaN,NaN,-0.05498728959328826,-0.0768914744525091,-0.021904184859220837,15.012084606795606,18.93936822456203
1763701200,101.43183973633484,101.483,101.322,101.3835,102.49,101.305,101.89750000000001,NaN,NaN,NaN,NaN,NaN,101.4816070609679,101.55878315594818,101.40443096598763,101.63595925092845,101.32725487100736,101.71751249999919,102.3400065461577,101.09501845384068,101.71751249999919,102.02875952307843,101.40626547691994,101.55965906186053,101.61499763083063,99.09893847656309,100.65778281249973,101.1119600000015,101.3339874999991,101.71751249999919,0.26343888498982043,39.274842332807644,42.581016572748304,NaN,NaN,NaN,NaN,-0.051243029821173736,-0.08595797213568801,-0.034714942314514274,12.651272481382946,15.789309293235496
1763704800,101.40766986816742,101.446,101.285,101.37100000000001,102.49,101.305,101.89750000000001,NaN,NaN,NaN,NaN,NaN,101.47308608273613,101.55316815307346,101.3930040123988,101.63325022341078,101.31292194206148,101.6873374999992,102.31555910301512,101.05911589698329,101.6873374999992,102.00144830150715,101.37322669849125,101.55226066727776,101.59281602802784,99.10218496093809,100.65951796874974,101.11538625000152,101.34094687499909,101.6873374999992,0.2561218217762619,38.84602498921626,41.86723399506507,NaN,NaN,NaN,NaN,-0.046691187331198106,-0.0930789264785119,-0.0463877391473138,13.693130743482207,13.7854959438869
1763708400,101.3893349340837,101.412,100.792,101.119,102.49,101.305,101.89750000000001,NaN,101.305,NaN,NaN,NaN,101.42994893376891,101.56980034055194,101.29009752698589,101.70965174733496,101.15024612020287,101.6422374999992,102.297112841189,100.98736215880939,101.6422374999992,101.9696751705941,101.3147998294043,101.53527005287471,101.54974184366168,99.1052251953131,100.66046171874974,101.11743375000151,101.3445312499991,101.6422374999992,0.282113120220815,31.40224122882796,41.21128868212811,NaN,NaN,NaN,NaN,-0.05704969456777992,-0.1176998573570387,-0.06065016278925878,20.310087385293695,15.551496870052931
1763712000,101.25416746704185,101.283,100.794,101.04775000000001,102.49,101.305,101.89750000000001,NaN,NaN,NaN,NaN,NaN,101.35690096166431,101.55416467453453,101.15963724879408,101.75142838740476,100.96237353592386,101.59073749999921,102.2623039989336,100.91917100106481,101.59073749999921,101.9265207494664,101.25495425053201,101.51615161942864,101.50410622151061,99.1082275390631,100.66109218749975,101.1188412500015,101.3484281249991,101.59073749999921,0.296890754490757,29.67103475729749,40.257484741194155,NaN,NaN,NaN,NaN,-0.06454563955660401,-0.1413322122350138,-0.07678657267840978,24.460311965383543,19.487843364719797
1763715600,101.15095873352092,101.244,100.892,101.067,102.49,101.305,101.89750000000001,NaN,NaN,NaN,NaN,NaN,101.32456407589133,101.53161406536648,101.11751408641618,101.73866405484164,100.91046409694103,101.53247499999921,102.17276870066405,100.89218129933437,101.53247499999921,101.85262185033163,101.21232814966679,101.49853783043145,101.46436929228237,99.11124960937559,100.66173437499974,101.1200925000015,101.35284687499909,101.53247499999921,0.30082712916998894,30.78133891050534,39.35860333666045,NaN,NaN,NaN,NaN,-0.06393182501849853,-0.15670135395153295,-0.09276952893303442,28.44803614876587,24.406145166481014
1763719200,101.10897936676045,101.10897936676045,100.608,100.83025,102.49,101.305,101.89750000000001,NaN,NaN,NaN,NaN,NaN,101.26257863881852,101.51340176241587,101.01175551522118,101.76422488601321,100.76093239162384,101.4558999999992,102.04548094068177,100.86631905931664,101.4558999999992,101.75069047034049,101.16110952965792,101.47233046453218,101.40672208389306,99.1141142578131,100.66217187499974,101.12035250000152,101.3538281249991,101.4558999999992,0.3151237175693074,25.458082726320185,37.950541190363445,NaN,NaN,NaN,NaN,-0.0744587558694764,-0.1858429737698799,-0.11138421790040351,25.470153052399578,26.12616705551631
1763722800,100.96961468338023,101.05,100.808,100.9065,102.49,101.305,101.89750000000001,NaN,NaN,NaN,NaN,NaN,101.231180254047,101.48972278604752,100.97263772204649,101.74826531804804,100.71409519004597,101.3874124999992,101.89200816237772,100.88281683762068,101.3874124999992,101.63971033118845,101.13511466880995,101.45014103455053,101.36124734899369,99.1170021484381,100.66316093749974,101.12122375000152,101.3574874999991,101.3874124999992,0.30990059488578475,29.6762740789663,37.161861460162314,NaN,NaN,NaN,NaN,-0.07127201564707458,-0.20047423745924675,-0.12920222181217217,26.01196447721468,26.64338455946002
1763726400,100.93805734169011,101.116,100.72,100.93475000000001,102.49,101.305,101.89750000000001,NaN,NaN,NaN,NaN,NaN,101.1974554270286,101.45966097400637,100.93524988005083,101.72186652098414,100.67304433307307,101.3438374999992,101.84674639582641,100.84092860417198,101.3438374999992,101.59529194791281,101.09238305208558,101.4299296214309,101.32247486272153,99.1198828125006,100.66417734374974,101.1223825000015,101.3638343749991,101.3438374999992,0.3160505523939431,31.228998398509205,36.43572230846918,NaN,NaN,NaN,NaN,-0.06255767078486607,-0.20739931029325476,-0.1448416395083887,26.777251184834228,26.086456238149477
1763730000,100.93640367084507,101.216,100.93640367084507,101.0855,102.49,101.305,101.89750000000001,NaN,NaN,NaN,NaN,NaN,101.1875270673715,101.44060635305368,100.93444778168933,101.69368563873586,100.68136849600715,101.3229999999992,101.83242055379652,100.81357944620187,101.3229999999992,101.57771027689786,101.06828972310053,101.41642257745322,101.30093169338322,99.12290468750061,100.66640781249974,101.12500375000153,101.3712499999991,101.3229999999992,0.3135647986515176,38.97256679396133,36.31753483964202,NaN,NaN,NaN,NaN,-0.04287530537588696,-0.1984357712282474,-0.15556046585236044,34.84202211690346,29.210412592984103
1763733600,101.01095183542253,101.149,100.784,100.98025,102.49,101.305,101.89750000000001,NaN,NaN,NaN,NaN,NaN,101.16939777225777,101.41895674448338,100.91983880003215,101.668515716709,100.67027982780654,101.2933249999992,101.80995569801104,100.77669430198736,101.2933249999992,101.55164034900513,101.03500965099327,101.39931777049426,101.27177881216656,99.1258910156256,100.66929765624975,101.12733125000153,101.3773312499991,101.2933249999992,0.3172387416049803,35.93063063110009,35.74943732118104,NaN,NaN,NaN,NaN,-0.03358977973593952,-0.19754769052228482,-0.1639579107863453,37.17219589257501,32.93048973143755
1763737200,100.99560091771127,100.99560091771127,100.358,100.70875000000001,102.49,101.305,101.89750000000001,NaN,NaN,NaN,NaN,NaN,101.10342282902707,101.38837515756099,100.81847050049315,101.6733274860949,100.53351817195923,101.2495874999992,101.8070466307944,100.69212836920399,101.2495874999992,101.5283170653968,100.97085793460158,101.37223668145528,101.22059437469687,99.1286800781256,100.67144374999975,101.12830375000154,101.38011562499909,101.2495874999992,0.3401217541840008,29.52801111296965,34.60105378305897,NaN,NaN,NaN,NaN,-0.041840683147772895,-0.21625876472106143,-0.17441808157328853,35.81434327721714,35.942853762231856
1763740800,100.85217545885564,101.074,100.596,100.8605,102.49,101.305,101.89750000000001,NaN,NaN,NaN,NaN,NaN,101.08002264313214,101.36184256958224,100.79820271668204,101.64366249603233,100.51638279023194,101.2109499999992,101.7637860431629,100.6581139568355,101.2109499999992,101.48736802158105,100.93453197841735,101.35216857630017,101.1878585224517,99.1315380859381,100.67401953124974,101.12963000000154,101.3827031249991,101.2109499999992,0.3499702003137147,36.35459538003042,34.02910168203586,NaN,NaN,NaN,NaN,-0.03354436497013841,-0.21634853778596153,-0.18280417281582312,34.781131898362666,35.92255702271826
1763744400,100.85633772942782,101.214,100.85633772942782,101.0865,102.49,101.305,101.89750000000001,NaN,NaN,NaN,NaN,NaN,101.07855551737948,101.35289290912077,100.8042181256382,101.62723030086205,100.52988073389692,101.1915374999992,101.73310908575435,100.64996591424405,101.1915374999992,101.46232329287677,100.92075170712162,101.341750200759,101.17864411131973,99.13465097656311,100.67784374999975,101.13198375000155,101.3865718749991,101.1915374999992,0.3505196339036049,44.91313059302827,34.296091109378075,NaN,NaN,NaN,NaN,-0.010496559649503329,-0.19592487237770229,-0.18542831272819896,44.22450614053415,38.2733271053713
1763748000,100.97141886471391,101.191,100.882,101.03925000000001,102.49,101.305,101.89750000000001,NaN,NaN,NaN,NaN,NaN,101.07662600907175,101.34459380964141,100.80865820850208,101.61256161021107,100.54069040793242,101.1688999999992,101.69599838798831,100.64180161201008,101.1688999999992,101.43244919399375,100.90535080600465,101.32988744778805,101.16597191938158,99.1378820312506,100.68189531249973,101.13410625000155,101.3880312499991,101.1688999999992,0.347553945767633,43.59326459569512,34.68793118065968,NaN,NaN,NaN,NaN,0.003174735133456008,-0.18145989381137895,-0.18463462894483496,55.44368928072962,44.81644243987546
1763751600,101.00533443235696,101.084,100.892,100.98525000000001,102.49,101.305,101.89750000000001,NaN,NaN,NaN,NaN,NaN,101.07376106638095,101.33787769268368,100.80964444007823,101.6019943189864,100.54552781377551,101.1448874999992,101.65935563554838,100.63041936445002,101.1448874999992,101.40212156777379,100.88765343222461,101.31637225375715,101.14954265398325,99.1410900390631,100.68555468749975,101.13585500000154,101.3872687499991,101.1448874999992,0.336442949641374,42.0715890584269,34.887698803918205,NaN,NaN,NaN,NaN,0.009814337807017737,-0.1723667066860628,-0.18218104449308054,60.607230961136366,53.4251421274667
1763755200,100.99529221617848,101.046,100.913,100.96625,102.49,101.305,101.89750000000001,NaN,NaN,NaN,NaN,NaN,101.06976718008451,101.3292134700656,100.81032089010343,101.58865976004668,100.55087460012234,101.1160749999992,101.60199675617235,100.63015324382604,101.1160749999992,101.35903587808578,100.87311412191262,101.30264196929609,101.13287968543932,99.14423652343811,100.68937187499975,101.13756750000155,101.3870562499991,101.1160749999992,0.32191131038127657,41.52239031311285,35.078867755625105,NaN,NaN,NaN,NaN,0.013909802521859638,-0.164793791340756,-0.17870359386261564,58.63864620669088,58.229855482852265
1763758800,100.98077110808924,101.066,100.928,100.98599999999999,102.49,101.305,101.89750000000001,NaN,NaN,NaN,NaN,NaN,101.06716874026273,101.32254275474472,100.81179472578074,101.5779167692267,100.55642071129876,101.08618749999921,101.5245786751861,100.64779632481232,101.08618749999921,101.30538308759266,100.86699191240577,101.29022463716683,101.11952698676302,99.14737324218811,100.69354531249975,101.13986125000154,101.38749999999911,101.08618749999921,0.30877478821118576,42.36461506583836,35.86189445826871,NaN,NaN,NaN,NaN,0.018637191043871626,-0.1554071050577761,-0.17404429610164773,61.08409165213572,60.1099896066543
1763935200,100.98338555404462,101.194,100.98338555404462,101.09275000000001,101.663,100.358,101.01050000000001,NaN,NaN,NaN,NaN,NaN,101.09004518468156,101.09004518468156,101.09004518468156,101.09004518468156,101.09004518468156,101.06338749999921,101.44721462577964,100.67956037421878,101.06338749999921,101.25530106288942,100.871473937109,101.28248053374853,101.11709271523911,99.15061953125061,100.69819531249973,101.14249625000153,101.3892593749991,101.06338749999921,0.3017633351929144,46.822717053189514,37.087014622260995,NaN,NaN,NaN,NaN,0.02902249847167529,-0.13776617301205363,-0.16678867148372892,69.50983814994488,63.077525336257146
1763938800,101.03806777702232,101.276,101.03806777702232,101.1665,101.663,100.358,101.01050000000001,NaN,NaN,NaN,NaN,NaN,101.12958067002333,101.16436752701955,101.09479381302711,101.19915438401577,101.06000695603089,101.04888749999921,101.39196360305787,100.70581139694055,101.04888749999921,101.22042555152855,100.87734944846987,101.27793227752309,101.12158428658101,99.1539017578131,100.70274296874973,101.14561000000153,101.3940218749991,101.04888749999921,0.2972039700346831,49.71649478370917,38.439525756061265,NaN,NaN,NaN,NaN,0.04023753383061107,-0.11649175419546509,-0.15672928802607616,79.63089374064012,70.07494118090689
1763942400,101.10228388851115,101.254,101.10228388851115,101.19475,101.663,100.358,101.01050000000001,NaN,NaN,NaN,NaN,NaN,101.15952235431784,101.19506960052777,101.12397510810791,101.2306168467377,101.08842786189798,101.0405999999992,101.36038302898015,100.72081697101825,101.0405999999992,101.20049151448967,100.88070848550873,101.27467022742415,101.12823571507364,99.1571677734381,100.70722187499975,101.14923250000153,101.3973906249991,101.0405999999992,0.2868119801385523,50.820482897300636,40.25112576827416,NaN,NaN,NaN,NaN,0.04838930271427411,-0.09624265963323353,-0.14463196234750764,87.38334226759896,78.84135805272797
1763946000,101.14851694425558,101.168,101.072,101.1345,101.663,100.358,101.01050000000001,NaN,NaN,NaN,NaN,NaN,101.1455588475379,101.17787545379396,101.11324224128184,101.21019206005002,101.08092563502578,101.0281499999992,101.31079560075588,100.74550439924252,101.0281499999992,101.16947280037755,100.88682719962085,101.26917335576046,101.1288051955215,99.16035605468811,100.71152734374974,101.15209625000152,101.3965187499991,101.0281499999992,0.2750932672715126,48.3807903778294,41.587162646764384,NaN,NaN,NaN,NaN,0.04843559406463438,-0.08408746976671466,-0.13252306383134904,87.93572984749493,84.98332195191131
1763949600,101.14150847212778,101.296,101.114,101.195,101.663,100.358,101.01050000000001,NaN,NaN,NaN,NaN,NaN,101.1610129519249,101.19822820120909,101.12379770264072,101.23544345049328,101.08658245335653,101.0193499999992,101.2676186762841,100.77108132371431,101.0193499999992,101.14348433814166,100.89521566185675,101.26626459671103,101.13482290501953,99.1635896484381,100.71627968749974,101.15486125000152,101.3943906249991,101.0193499999992,0.26844374818069044,50.92826980121781,42.99425346124357,NaN,NaN,NaN,NaN,0.05099469084682866,-0.06877970027281322,-0.11977439111964187,88.32256783310322,87.88054664939902
1763953200,101.16825423606389,101.254,101.162,101.2135,101.663,100.358,101.01050000000001,NaN,NaN,NaN,NaN,NaN,101.17016078350211,101.20874030837457,101.13158125862965,101.24731983324703,101.09300173375719,101.02407499999921,101.2831133236519,100.76503667634653,101.02407499999921,101.15359416182555,100.89455583817288,101.26419539684001,101.14197536819958,99.16684687500062,100.72121953124974,101.15770500000153,101.3926374999991,101.02407499999921,0.25584062331064106,51.71301818876929,43.90428570372985,NaN,NaN,NaN,NaN,0.05219804421457809,-0.054526835851419264,-0.10672488006599735,88.34105228603266,88.19978332221024
1763956800,101.19087711803195,101.26,101.118,101.18200000000002,101.663,100.358,101.01050000000001,NaN,NaN,NaN,NaN,NaN,101.17223340448483,101.20872176745027,101.13574504151939,101.24521013041571,101.09925667855394,101.0307874999992,101.2987363430554,100.76283865694302,101.0307874999992,101.1647619215273,100.89681307847111,101.26097204794432,101.14561397109053,99.17006640625061,100.72601796874974,101.16042000000152,101.3910687499991,101.0307874999992,0.24770915021702455,50.23978879624054,44.92636842981131,NaN,NaN,NaN,NaN,0.04917870901107381,-0.045251493802155096,-0.0944302028132289,89.42786069651699,88.69716027188427
1763960400,101.18643855901598,101.214,101.11,101.166,101.663,100.358,101.01050000000001,NaN,NaN,NaN,NaN,NaN,101.17118502911724,101.205576904495,101.13679315373948,101.23996877987277,101.10240127836171,101.03573749999921,101.3097681323938,100.76170686760463,101.03573749999921,101.1727528161965,100.89872218380192,101.25724765390729,101.14746724644593,99.17326406250062,100.73064921874973,101.16310500000154,101.3902624999991,101.03573749999921,0.23744421091580845,49.46889104956906,46.35071699671126,NaN,NaN,NaN,NaN,0.04454803852227124,-0.03874515466038986,-0.0832931931826611,86.82658137881977,88.19849812045645
1763964000,101.17621927950799,101.297,101.17621927950799,101.231,101.663,100.358,101.01050000000001,NaN,NaN,NaN,NaN,NaN,101.17918825897391,101.21763883015028,101.14073768779754,101.25608940132665,101.10228711662117,101.05577499999922,101.32534363339435,100.78620636660408,101.05577499999922,101.19055931669678,100.92099068330165,101.25621833414621,101.15506113313266,99.1765183593756,100.73532578124974,101.16646250000154,101.3906593749991,101.05577499999922,0.2298410529932507,52.647725240380225,47.51451198673625,NaN,NaN,NaN,NaN,0.044217858470522356,-0.028020870094508155,-0.07223872856503051,84.76586559307611,87.00676922280427
1763967600,101.20360963975399,101.372,101.192,101.28425,101.663,100.358,101.01050000000001,NaN,NaN,NaN,NaN,NaN,101.19119246070429,101.24024498078312,101.14213994062546,101.28929750086195,101.09308742054662,101.0746624999992,101.35255430897108,100.79677069102733,101.0746624999992,101.21360840448514,100.93571659551327,101.25731761516009,101.16680557557515,99.1798232421881,100.74037421874974,101.16991000000155,101.3911656249991,101.0746624999992,0.22628097777944758,55.137627080647036,48.24483316442331,NaN,NaN,NaN,NaN,0.04574981210062493,-0.015051463439249346,-0.06080127553987428,82.84765054586279,84.81336583925288
1763971200,101.243929819877,101.346,101.225,101.30325,101.663,100.358,101.01050000000001,NaN,NaN,NaN,NaN,NaN,101.20125796390506,101.25668352797837,101.14583239983176,101.31210909205167,101.09040683575846,101.0930874999992,101.38014373578457,100.80603126421383,101.0930874999992,101.23661561789189,100.94955938210651,101.25911888515381,101.17920961415923,99.18314082031311,100.74626171874974,101.17329875000154,101.39314687499909,101.0930874999992,0.21876090793805916,56.02612173909759,49.13289438895206,NaN,NaN,NaN,NaN,0.04607857944449816,-0.003203051234251575,-0.04928163067874974,84.2638211807843,83.95911243990771
1763974800,101.2735899099385,101.322,100.966,101.162,101.663,100.358,101.01050000000001,NaN,NaN,NaN,NaN,NaN,101.19532046248595,101.24995778515135,101.14068313982055,101.30459510781675,101.08604581715515,101.0969124999992,101.38549703267718,100.80832796732123,101.0969124999992,101.24120476633819,100.95262023366023,101.25531030142228,101.17764510378112,99.18631933593811,100.75275624999973,101.17587500000154,101.39500937499909,101.0969124999992,0.2285637002281984,48.35843507699789,49.58195481884998,NaN,NaN,NaN,NaN,0.0353041753762461,-0.005151411458442112,-0.04045558683468821,74.00576202703401,80.372411251227
1763978400,101.21779495496925,101.21779495496925,101,101.065,101.663,100.358,101.01050000000001,NaN,NaN,NaN,NaN,NaN,101.1856851908722,101.24553052543307,101.12583985631134,101.30537585999393,101.06599452175048,101.10114999999921,101.3852113676952,100.81708863230321,101.10114999999921,101.24318068384721,100.9591193161512,101.2478471523469,101.16740463980102,99.1893943359381,100.75860156249973,101.17773875000154,101.39687187499909,101.10114999999921,0.22779450413827354,43.91373803044366,49.7527653700879,NaN,NaN,NaN,NaN,0.020878796903121458,-0.01435709070578639,-0.03523588760890785,56.92710173408803,71.73222831396876
1763982000,101.14139747748462,101.223,101.046,101.12975,101.663,100.358,101.01050000000001,NaN,NaN,NaN,NaN,NaN,101.18254608948241,101.24191107261058,101.12318110635425,101.30127605573874,101.06381612322609,101.1221999999992,101.34194187274336,100.90245812725503,101.1221999999992,101.23207093637127,101.01232906362712,101.24321589147056,101.1639814907282,99.19249003906312,100.76359843749974,101.18001750000153,101.40163437499909,101.1221999999992,0.2241663252712535,47.3898382203467,50.11170988112421,NaN,NaN,NaN,NaN,0.015196180701538622,-0.016240661731984574,-0.031436842433523196,41.81224472806718,57.58170282972972
1763985600,101.13557373874231,101.261,101.068,101.18725,101.663,100.358,101.01050000000001,NaN,NaN,NaN,NaN,NaN,101.18166532946668,101.23855093087761,101.12477972805576,101.29543653228853,101.06789412664483,101.13853749999922,101.3239229295781,100.95315207042033,101.13853749999922,101.23123021478867,101.04584478520977,101.24102115062857,101.16609680975291,99.19554687500062,100.76847578124975,101.18202375000153,101.40781562499909,101.13853749999922,0.22194015918044951,50.33365480219675,50.36249114891044,NaN,NaN,NaN,NaN,0.014793937415301182,-0.012944420664396716,-0.0277383580796979,41.89448068758524,46.87794238324679
1763989200,101.16141186937116,101.384,101.16141186937116,101.28425,101.663,100.358,101.01050000000001,NaN,NaN,NaN,NaN,NaN,101.18894694056436,101.24915963233151,101.12873424879722,101.30937232409866,101.06852155703007,101.14842499999921,101.34254236946208,100.95430763053633,101.14842499999921,101.24548368473064,101.05136631526777,101.24271639962353,101.17683800886628,99.19859316406311,100.77354453124974,101.18386500000153,101.4144656249991,101.14842499999921,0.22198644285533423,54.91661609388253,50.7339283853514,NaN,NaN,NaN,NaN,0.02020949517724035,-0.0024764891081474616,-0.02268598428538781,56.987983281087956,46.89823623224677
1763992800,101.22283093468559,101.468,101.196,101.32275,101.663,100.358,101.01050000000001,NaN,NaN,NaN,NaN,NaN,101.20233631959766,101.27285994592401,101.13181269327131,101.34338357225036,101.06128906694497,101.16259999999922,101.36402451593418,100.96117548406426,101.16259999999922,101.26331225796669,101.06188774203174,101.24585497218732,101.19010273533299,99.20164804687562,100.77862656249974,101.18538250000152,101.4201343749991,101.16259999999922,0.22555883979423932,56.62731649879553,51.1487022140296,NaN,NaN,NaN,NaN,0.025208250579180008,0.0088243289385872,-0.016383921640592807,67.23239152659474,55.37161849842264
1763996400,101.27279046734279,101.477,101.206,101.3255,101.663,100.358,101.01050000000001,NaN,NaN,NaN,NaN,NaN,101.2157554481388,101.2937983590085,101.13771253726908,101.37184126987822,101.05966962639937,101.17961249999921,101.37565028334575,100.98357471665267,101.17961249999921,101.27763139167249,101.08159360832593,101.24897830661135,101.20241157757545,99.20469765625062,100.78382421874974,101.18668500000153,101.4249781249991,101.17961249999921,0.22880463695179373,56.75354708294442,51.74675626439496,NaN,NaN,NaN,NaN,0.027344783134785396,0.01779705727788894,-0.009547725856896457,72.51811705913137,65.57949728893801
1764000000,101.2991452336714,101.364,101.259,101.29724999999999,101.663,100.358,101.01050000000001,NaN,NaN,NaN,NaN,NaN,101.221015239824,101.29968912474277,101.14234135490523,101.37836300966154,101.06366746998646,101.19616249999922,101.37222557817792,101.02009942182052,101.19616249999922,101.28419403908858,101.10813096090986,101.25087131419522,101.21103325234131,99.20775234375063,100.78894843749973,101.18736000000153,101.4299468749991,101.19616249999922,0.21996144859809447,54.983238177275986,52.03639686268483,NaN,NaN,NaN,NaN,0.025534657423377377,0.022370595922325265,-0.0031640615010521123,68.74728743213664,69.49926533928759
1764003600,101.2981976168357,101.368,101.242,101.3135,101.663,100.358,101.01050000000001,NaN,NaN,NaN,NaN,NaN,101.22471941590265,101.30367107489877,101.14576775690654,101.38262273389489,101.06681609791042,101.21253749999921,101.36695773022231,101.05811726977612,101.21253749999921,101.28974761511076,101.13532738488767,101.25332734108953,101.22034841121938,99.21084199218812,100.79424062499974,101.18789500000153,101.4339281249991,101.21253749999921,0.21324991655537276,55.836609507198666,52.3309390997155,NaN,NaN,NaN,NaN,0.024127419941054672,0.02699521342526623,0.0028677934842115567,67.72667971298102,69.66402806808301
1764007200,101.30584880841785,101.399,101.30584880841785,101.35875,101.663,100.358,101.01050000000001,NaN,NaN,NaN,NaN,NaN,101.2282386253683,101.30891598133638,101.14756126940023,101.38959333730446,101.06688391343215,101.22583749999922,101.38250229342853,101.0691727065699,101.22583749999922,101.30416989671387,101.14750510328456,101.25746156300758,101.2329303738358,99.21393144531312,100.79976718749974,101.18890000000154,101.43532187499912,101.22583749999922,0.2046714362001427,58.21215666271703,52.90039394732096,NaN,NaN,NaN,NaN,0.024842195689838552,0.033920538096509745,0.009078342406671195,69.89562948467018,68.78986554326262
1764010800,101.33229940420892,101.398,101.27,101.33,101.663,100.358,101.01050000000001,NaN,NaN,NaN,NaN,NaN,101.23181880870729,101.31334636468662,101.15029125272795,101.39487392066596,101.06876369674862,101.23401249999921,101.394456610207,101.07356838979142,101.23401249999921,101.3142345551031,101.15379044489532,101.26030620759552,101.24175488530527,99.21700820312563,100.80539843749975,101.18968750000154,101.43541874999912,101.23401249999921,0.19919490504298967,56.14572112825482,53.37731038151281,NaN,NaN,NaN,NaN,0.022070410984255388,0.03666635613699043,0.014595945152735042,72.03196347031967,69.88475755599029
1764014400,101.33114970210445,101.424,101.287,101.3495,101.663,100.358,101.01050000000001,NaN,NaN,NaN,NaN,NaN,101.2357646135329,101.31880536653405,101.15272386053174,101.40184611953521,101.06968310753058,101.24174999999921,101.40866914396149,101.07483085603694,101.24174999999921,101.32520957198035,101.15829042801808,101.2638040033761,101.25154989573207,99.22008144531313,100.81095703124973,101.19025500000154,101.43530312499912,101.24174999999921,0.19475241182563333,57.25408966269863,53.70633641167841,NaN,NaN,NaN,NaN,0.02028751861437255,0.03995534342070073,0.019667824806328178,74.38030006523164,72.1026310067405
1764018000,101.34032485105223,101.446,101.34032485105223,101.41875,101.663,100.358,101.01050000000001,NaN,NaN,NaN,NaN,NaN,101.23875283556359,101.32394952728448,101.15355614384269,101.40914621900538,101.0683594521218,101.25596249999921,101.43208548967142,101.079839510327,101.25596249999921,101.34402399483533,101.1679010051631,101.26988031696919,101.26674990521097,99.22316054687562,100.81615468749973,101.19091875000154,101.43620312499911,101.25596249999921,0.1883897501915001,61.02169191449918,54.126626756953556,NaN,NaN,NaN,NaN,0.022346596382867328,0.04760107028491234,0.02525447390204501,78.29419439008494,74.90215264187874
1764021600,101.37953742552611,101.436,101.352,101.39600000000002,101.477,100.966,101.22149999999999,NaN,NaN,NaN,NaN,NaN,101.39466666666668,101.39466666666668,101.39466666666668,101.39466666666668,101.39466666666668,101.26601249999922,101.44984425051108,101.08218074948736,101.26601249999922,101.35792837525514,101.1740966247433,101.27482618689197,101.27849991382816,99.22613984375062,100.82075078124974,101.19172500000155,101.4348999999991,101.26601249999922,0.180933339463536,59.176398984492586,54.35164656019606,NaN,NaN,NaN,NaN,0.0207836488590431,0.051234034975848886,0.030450386116805787,82.5994781474245,78.42465753424703
1764025200,101.38776871276306,101.512,101.38776871276306,101.45675,101.477,100.966,101.22149999999999,NaN,NaN,NaN,NaN,NaN,101.43195586760244,101.45941269084213,101.40449904436275,101.48686951408182,101.37704222112306,101.27817499999922,101.47799254957822,101.07835745042023,101.27817499999922,101.37808377478872,101.17826622520973,101.28196045407267,101.2947044671165,99.22908730468812,100.82483437499974,101.19303125000155,101.43526249999911,101.27817499999922,0.17688319287592189,62.442484092225875,55.35765006128377,NaN,NaN,NaN,NaN,0.02231382313305405,0.05834266503312335,0.0360288419000693,87.31949837940391,82.7377236389711
1764028800,101.42225935638153,101.444,101.244,101.34675,101.477,100.966,101.22149999999999,NaN,NaN,NaN,NaN,NaN,101.37467089420439,101.41896741743315,101.33037437097562,101.46326394066192,101.28607784774685,101.28641249999922,101.4832530636577,101.08957193634073,101.28641249999922,101.38483278182846,101.18799221816997,101.28450122057963,101.29943587919682,99.23196035156312,100.82809765624975,101.19384750000155,101.43675624999909,101.28641249999922,0.17944510767049887,54.015609115103516,56.07921228161661,NaN,NaN,NaN,NaN,0.014754768148879084,0.054472302086168156,0.03971753393728907,79.29877965626275,83.07258539436371
1764032400,101.38450467819077,101.38450467819077,101.204,101.2595,101.477,100.966,101.22149999999999,NaN,NaN,NaN,NaN,NaN,101.33487743652937,101.39136702973003,101.2783878433287,101.4478566229307,101.22189825012804,101.29108749999924,101.48057050050878,101.1016044994897,101.29108749999924,101.385829000254,101.19634599974447,101.2835207805569,101.29580534472439,99.2348236328131,100.83110859374975,101.19445250000157,101.43664374999909,101.29108749999924,0.1795207912790898,48.432447159683456,56.15368434871209,NaN,NaN,NaN,NaN,0.003313241256969572,0.04385908550850104,0.04054584425153147,65.62608053835761,77.41478619134142
1764036000,101.32200233909538,101.32200233909538,101.202,101.26750000000001,101.477,100.966,101.22149999999999,NaN,NaN,NaN,NaN,NaN,101.3165607111049,101.37430250659554,101.25881891561426,101.43204430208618,101.20107712012361,101.29291249999923,101.48074129834494,101.10508370165353,101.29291249999923,101.38682689917208,101.19899810082639,101.2828925146527,101.29323213156762,99.23771738281312,100.83423437499974,101.19470875000155,101.4357156249991,101.29291249999923,0.1752694732659676,48.95344582869613,56.05509799346205,NaN,NaN,NaN,NaN,-0.003890879133205391,0.03568224533502473,0.03957312446823012,45.97643451129044,63.63376490197026
1764039600,101.2947511695477,101.31,101.125,101.2285,101.477,100.966,101.22149999999999,NaN,NaN,NaN,NaN,NaN,101.29619618511705,101.36061897197379,101.23177339826032,101.42504175883053,101.16735061140358,101.29012499999922,101.48002856270422,101.10022143729422,101.29012499999922,101.38507678135171,101.19517321864673,101.28075947486239,101.2873473923342,99.24059140625062,100.83719453124975,101.19460625000156,101.43322187499909,101.29012499999922,0.1759645108898272,46.48765067893937,55.45302903525182,NaN,NaN,NaN,NaN,-0.011051985424043564,0.025758142688175667,0.03681012811221923,33.3782876569802,48.32693423554273
1764043200,101.26162558477384,101.26162558477384,101.17,101.20100000000001,101.477,100.966,101.22149999999999,NaN,NaN,NaN,NaN,NaN,101.28604209099451,101.35252230193178,101.21956188005724,101.41900251286906,101.15308166911997,101.28501249999923,101.47869526251506,101.09132973748339,101.28501249999923,101.38185388125714,101.18817111874131,101.27763165231877,101.27949762939473,99.24346386718813,100.84009999999975,101.19443750000156,101.4291156249991,101.28501249999923,0.1699403018815422,44.77502544628725,54.60643681721552,NaN,NaN,NaN,NaN,-0.017051641441535058,0.015495576310300407,0.032547217751835465,25.547491744789298,34.96740463768662
1764046800,101.23131279238692,101.268,101.13,101.20450000000001,101.477,100.966,101.22149999999999,NaN,NaN,NaN,NaN,NaN,101.27861933960017,101.346531050191,101.21070762900933,101.41444276078184,101.1427959184185,101.28713749999922,101.4762538332453,101.09802116675314,101.28713749999922,101.38169566662226,101.19257933337617,101.2747637443847,101.27267966308611,99.24633300781312,100.84305781249975,101.19419250000155,101.4231531249991,101.28713749999922,0.1676588517471467,45.052480643220456,53.770646357235236,NaN,NaN,NaN,NaN,-0.01999159932795049,0.0075577185918973555,0.027549317919847844,22.308354866495623,27.07804475608835
1764050400,101.21790639619346,101.274,101.062,101.15775,101.477,100.966,101.22149999999999,NaN,NaN,NaN,NaN,NaN,101.26787943383441,101.34059141932876,101.19516744834006,101.41330340482311,101.1224554628457,101.29177499999922,101.46253264442242,101.12101735557602,101.29177499999922,101.37715382221083,101.20639617778761,101.2701749700951,101.26223151189646,99.24918613281312,100.84590546874975,101.19396500000157,101.4154906249991,101.29177499999922,0.17082607662235075,42.01600142717148,52.844415160799194,NaN,NaN,NaN,NaN,-0.024020952959630307,-0.0024768732796900395,0.021544079679940268,20.48621877691757,22.780688462734137
1764054000,101.18782819809672,101.18782819809672,101.014,101.076,101.477,100.966,101.22149999999999,NaN,NaN,NaN,NaN,NaN,101.24670419180944,101.33564953853643,101.15775884508245,101.42459488526342,101.06881349835547,101.28908749999923,101.47127046433356,101.1069045356649,101.28908749999923,101.38017898216638,101.19799601783207,101.26256026538549,101.24530137445133,99.25198457031311,100.84844062499975,101.19364000000157,101.4059624999991,101.28908749999923,0.1710405138705206,37.28380598482241,51.5192149092009,NaN,NaN,NaN,NaN,-0.030700762986668066,-0.016831874053394813,0.013868888933273253,18.09007087782682,20.29488150707998
1764057600,101.13191409904836,101.135,100.923,101.02674999999999,101.477,100.966,101.22149999999999,NaN,NaN,NaN,NaN,NaN,101.22367632564325,101.33127547260146,101.11607717868505,101.43887461955967,101.00847803172684,101.28106249999924,101.49230418025485,101.06982081974363,101.28106249999924,101.38668334012705,101.17544165987142,101.25331280399782,101.22543306768303,99.25472187500061,100.85103437499974,101.19202125000156,101.3955218749991,101.28106249999924,0.17396619145119793,34.74492420308265,49.842984019227,NaN,NaN,NaN,NaN,-0.03654761373191992,-0.03181562823162665,0.004731985500293273,17.114059331079122,18.563449661941146
1764061200,101.07933204952417,101.07933204952417,100.843,100.938,101.477,100.966,101.22149999999999,NaN,100.966,NaN,NaN,NaN,101.199713690426,101.32797987615118,101.07144750470081,101.45624606187636,100.94318131897563,101.26374999999923,101.52251727112173,101.00498272887674,101.26374999999923,101.39313363556047,101.134366364438,101.2409475959979,101.19930278880275,99.25740117187561,100.85364453124974,101.18907375000157,101.38315624999909,101.26374999999923,0.17842089559926702,30.689313802862443,48.02466921027041,NaN,NaN,NaN,NaN,-0.04400337847517395,-0.05027223759367416,-0.006268859118500215,14.754899723040944,16.653009977315605
1764064800,101.00866602476208,101.00866602476208,100.884,100.94325,101.477,100.966,101.22149999999999,NaN,NaN,NaN,NaN,NaN,101.17122275045386,101.316296340316,101.02614916059173,101.46136993017814,100.88107557072959,101.24477499999924,101.53695328137793,100.95259671862054,101.24477499999924,101.39086414068859,101.09868585930988,101.22927318046857,101.17602526254795,99.2600876953131,100.85602812499975,101.18630625000158,101.3705093749991,101.24477499999924,0.17458126196803922,31.20090517184633,46.163727460923816,NaN,NaN,NaN,NaN,-0.04597758283527403,-0.06374083766259275,-0.017763254827318723,15.599984096409209,15.8229810501764
1764068400,100.97595801238104,100.97595801238104,100.842,100.90424999999999,101.477,100.966,101.22149999999999,NaN,NaN,NaN,NaN,NaN,101.15171053962709,101.30745629119804,100.99596478805614,101.46320204276898,100.8402190364852,101.22371249999922,101.54849209063194,100.89893290936651,101.22371249999922,101.38610229531558,101.06132270468287,101.21652717339137,101.15131842049814,99.26273828125059,100.85821093749975,101.18333250000158,101.3568906249991,101.22371249999922,0.1716796012832538,29.46124623929346,43.909409912694834,NaN,NaN,NaN,NaN,-0.04713169970025039,-0.07667787945263171,-0.029546179752381323,12.825465348890518,14.393449722780197
1764072000,100.94010400619052,101.042,100.834,100.9145,101.477,100.966,101.22149999999999,NaN,NaN,NaN,NaN,NaN,101.13139373776377,101.29301227677728,100.96977519875027,101.45463081579078,100.80815665973677,101.20457499999924,101.55394261170011,100.85520738829837,101.20457499999924,101.37925880584967,101.0298911941488,101.20468297051328,101.12978947318013,99.26540761718812,100.86030624999975,101.18054750000158,101.34271249999911,101.20457499999924,0.17427391547730697,30.55714001025963,41.86517712882104,NaN,NaN,NaN,NaN,-0.0444608582774595,-0.0851222525992057,-0.040661394321746196,12.049751145064171,13.491733530121271
1764075600,100.92730200309526,101.017,100.866,100.91675000000001,101.477,100.966,101.22149999999999,NaN,NaN,NaN,NaN,NaN,101.11063229966821,101.27515087188513,100.94611372745129,101.43966944410205,100.78159515523437,101.18473749999923,101.55172433557136,100.8177506644271,101.18473749999923,101.3682309177853,101.00124408221316,101.19339148147354,101.11042224834557,99.2680958984381,100.86252187499974,101.17728125000158,101.32788749999911,101.18473749999923,0.17261149294321335,30.811248692875864,39.60580317172462,NaN,NaN,NaN,NaN,-0.03994182304341987,-0.09058867312602104,-0.05064685008260116,11.576591629597898,12.150602707850835
1764079200,100.92202600154764,100.92202600154764,100.347,100.71374999999999,101.477,100.966,101.22149999999999,NaN,NaN,NaN,NaN,NaN,101.05218573745093,101.26763058587325,100.8367408890286,101.48307543429557,100.62129604060628,101.15248749999924,101.56337539526004,100.74159960473844,101.15248749999924,101.35793144762964,100.94704355236884,101.17458201161183,101.07436113485961,99.2706443359381,100.86421015624974,101.17284000000159,101.3099187499991,101.15248749999924,0.2013553864149582,22.72984800072662,37.37110594926913,NaN,NaN,NaN,NaN,-0.047508811032729886,-0.11003286387351352,-0.06252405284078363,20.262656103267663,14.629666292643217
1764082800,100.81788800077382,100.81788800077382,100.501,100.66025000000002,101.477,100.966,101.22149999999999,NaN,NaN,NaN,NaN,NaN,100.99572106245833,101.23802500079837,100.75341712411829,101.48032893913842,100.51111318577824,101.11899999999923,101.57342339905445,100.66457660094402,101.11899999999923,101.34621169952685,100.89178830047162,101.15441212880353,101.0367146680542,99.27305625000062,100.86568906249974,101.16773375000157,101.2919968749991,101.11899999999923,0.2096077160120194,21.155019727297088,35.422718275527245,NaN,NaN,NaN,NaN,-0.05260538728787367,-0.12828078695062572,-0.07567539966275205,27.0143133393764,19.617853690747292
1764086400,100.73906900038692,100.846,100.648,100.75274999999999,101.477,100.966,101.22149999999999,NaN,NaN,NaN,NaN,NaN,100.97816605321492,101.22015694285473,100.73617516357511,101.46214783249454,100.4941842739353,101.08916249999923,101.55728778502791,100.62103721497056,101.08916249999923,101.32322514251356,100.8550998574849,101.13866067277202,101.01089969823109,99.27545058593812,100.86771093749975,101.16291625000159,101.2780062499991,101.08916249999923,0.20877859343973285,30.164239341768535,34.080632097889556,NaN,NaN,NaN,NaN,-0.04644910914289904,-0.13373678609137585,-0.0872876769484768,36.53710754464297,27.93802566242898
1764090000,100.74590950019345,100.998,100.74590950019345,100.88300000000001,101.477,100.966,101.22149999999999,NaN,NaN,NaN,NaN,NaN,100.97068304027847,101.20519724936403,100.73616883119291,101.4397114584496,100.50165462210735,101.06237499999924,101.51298127282104,100.61176872717743,101.06237499999924,101.28767813641014,100.83707186358833,101.12863476403587,100.99927245293735,99.27792578125062,100.87013749999974,101.15936375000157,101.2659999999991,101.06237499999924,0.21187230103736307,40.47788410129643,33.65136305662935,NaN,NaN,NaN,NaN,-0.031047498412534152,-0.1260970499641445,-0.09504955155161035,44.02767072021436,35.859697201411215
1764093600,100.81445475009673,100.958,100.81445475009673,100.912,101.477,100.966,101.22149999999999,NaN,NaN,NaN,NaN,NaN,100.96713729293411,101.1966648706224,100.73760971524582,101.42619244831069,100.50808213755754,101.03817499999923,101.4659189106665,100.61043108933195,101.03817499999923,101.25204695533287,100.82430304466558,101.12013928309328,100.99133859357941,99.28043066406312,100.87268828124975,101.1560212500016,101.2527187499991,101.03817499999923,0.2069917973849278,42.51354202693643,33.489828526675716,NaN,NaN,NaN,NaN,-0.017049245146336545,-0.11636110798453103,-0.09931186283819449,53.63472764117039,44.733168635342544
1764097200,100.86322737504837,100.931,100.814,100.88275,101.477,100.966,101.22149999999999,NaN,NaN,NaN,NaN,NaN,100.96428073044662,101.19074390117252,100.73781755972071,101.41720707189843,100.5113543889948,101.00947499999924,101.39607618093103,100.62287381906745,101.00947499999924,101.20277559046514,100.81617440953335,101.11082989944256,100.98146690325402,99.28289140625063,100.87539140624975,101.1525812500016,101.23849062499909,101.00947499999924,0.20056381185743327,40.990803193731836,33.199708708855105,NaN,NaN,NaN,NaN,-0.008342920957339128,-0.1097405140348684,-0.10139759307752927,58.854728514923515,52.172375625436054
1764100800,100.87298868752418,101.016,100.87298868752418,100.93325,101.477,100.966,101.22149999999999,NaN,NaN,NaN,NaN,NaN,100.96351432661928,101.18629874404833,100.74072990919022,101.40908316147738,100.51794549176117,100.98879999999923,101.34399264576471,100.63360735423375,100.98879999999923,101.16639632288197,100.8112036771165,101.10386598181736,100.97708354841274,99.28538671875062,100.87821171874975,101.14964875000162,101.2241843749991,100.98879999999923,0.19645291904446097,44.6752141582858,33.38965247536327,NaN,NaN,NaN,NaN,0.0016985986011892606,-0.09927434482604269,-0.10097294342723195,62.82206038776602,58.43717218128662
1764104400,100.90311934376209,101.019,100.90311934376209,100.96925,101.477,100.966,101.22149999999999,NaN,NaN,100.966,NaN,NaN,100.96351827938399,101.18469844877518,100.7423381099928,101.40587861816637,100.52115794060161,100.97428749999924,101.30706386256749,100.64151113743098,100.97428749999924,101.14067568128337,100.8078993187151,101.09858692370688,100.97637140764795,99.28797011718811,100.88123359374974,101.14743250000161,101.2083968749991,100.97428749999924,0.1906977574154223,47.20585175727565,34.0983700305385,NaN,NaN,NaN,NaN,0.011121372127065848,-0.08707122826839964,-0.09819260039546548,68.82753946350994,63.50144278873313
1764108000,100.93618467188105,100.97,100.868,100.92200000000001,101.512,100.347,100.92949999999999,NaN,NaN,NaN,NaN,NaN,100.92,100.92,100.92,100.92,100.92,100.95701249999924,101.26180503185856,100.65221996813992,100.95701249999924,101.10940876592889,100.80461623406958,101.0916619463066,100.97142855240722,99.29046035156311,100.88513281249973,101.1460862500016,101.1903999999991,100.95701249999924,0.184362203314321,44.33915582263921,34.783672289078254,NaN,NaN,NaN,NaN,0.014324201898638186,-0.08028734802216775,-0.09461154992080593,75.73498514098439,69.1281949974201
1764111600,100.92909233594054,101.084,100.92909233594054,101.01775,101.512,100.347,100.92949999999999,NaN,NaN,NaN,NaN,NaN,100.97322416744315,101.01763483373048,100.92881350115582,101.06204550001782,100.88440283486848,100.94647499999924,101.22656614249142,100.66638385750706,100.94647499999924,101.08652057124533,100.80642942875315,101.0887634386083,100.97563959309747,99.29296699218811,100.89071171874974,101.14574750000162,101.1746687499991,100.94647499999924,0.18276490307758322,50.85256421496161,36.22390446137105,NaN,NaN,NaN,NaN,0.022553871968596914,-0.06641920996005979,-0.0889730819286567,82.83096229913654,75.79782896787692
1764115200,100.97342116797027,101.324,100.97342116797027,101.1635,101.512,100.347,100.92949999999999,NaN,NaN,NaN,NaN,NaN,101.09905531260378,101.185456851421,101.01265377378657,101.27185839023821,100.92625223496935,100.94459999999924,101.21827930247451,100.67092069752397,100.94459999999924,101.08143965123688,100.8077603487616,101.09169428415306,100.99271781190679,99.29550019531311,100.89749843749975,101.14598875000162,101.1666343749991,100.94459999999924,0.19475161228845053,58.76299447018003,38.192625125537745,NaN,NaN,NaN,NaN,0.0366423336020487,-0.04317016492609582,-0.07981249852814452,84.36643684308915,80.97746142773667
1764118800,101.06846058398514,101.419,101.06846058398514,101.25925,101.512,100.347,100.92949999999999,NaN,NaN,NaN,NaN,NaN,101.17442225105985,101.2709829965457,101.077861505574,101.36754374203154,100.98130076008816,100.94733749999924,101.23222643886297,100.6624485611355,100.94733749999924,101.0897819694311,100.80489303056737,101.09826509653922,101.01694801082435,99.2980837890631,100.90451015624974,101.14666375000162,101.1635968749991,100.94733749999924,0.2058793125546222,62.978661149327806,40.586726190540205,NaN,NaN,NaN,NaN,0.05039003336378513,-0.016824956823413117,-0.06721499018719825,86.56032075016209,84.58590663079589
1764122400,101.16385529199258,101.272,101.084,101.18925000000002,101.512,100.347,100.92949999999999,NaN,NaN,NaN,NaN,NaN,101.17636500673353,101.25920483566836,101.09352517779871,101.34204466460318,101.01068534886389,100.94891249999924,101.23874250619787,100.65908249380061,100.94891249999924,101.09382750309855,100.80399749689992,101.10183313196906,101.03261182802214,99.30057089843811,100.91090156249975,101.14800750000163,101.1587906249991,100.94891249999924,0.20460221880072077,58.287318433868826,42.56745322079801,NaN,NaN,NaN,NaN,0.05251084619082064,-0.001576432448672449,-0.054087278639493086,82.41273481619598,84.4464974698157
1764126000,101.1765526459963,101.406,101.174,101.27825,101.512,100.347,100.92949999999999,NaN,NaN,NaN,NaN,NaN,101.19661322461876,101.28268066000713,101.11054578923039,101.3687480953955,101.02447835384201,100.95902499999923,101.27848512757316,100.6395648724253,100.95902499999923,101.1187550637862,100.79929493621226,101.10875144051928,101.05494257092921,99.30307636718811,100.91721328124973,101.1501837500016,101.1549749999991,100.95902499999923,0.2065592031720978,62.14804223921394,44.80579561696501,NaN,NaN,NaN,NaN,0.0572603007312241,0.01748809727453704,-0.03977220345668706,83.51212686567227,84.1617274773434
1764129600,101.22740132299815,101.518,101.22740132299815,101.41749999999999,101.512,100.347,100.92949999999999,NaN,NaN,NaN,NaN,NaN,101.22612804004258,101.33115116908871,101.12110491099645,101.43617429813484,101.01608178195032,100.97856249999924,101.35492727981226,100.60219772018623,100.97856249999924,101.16674488990574,100.79038011009274,101.12085922716558,101.08790233720838,99.30571191406311,100.92408906249975,101.15293375000161,101.1522781249991,100.97856249999924,0.21256202273136604,67.2547277135135,47.98614416787836,NaN,NaN,NaN,NaN,0.06648469251610567,0.04333366218844503,-0.023151030327660645,85.18547564537228,83.7034457757468
1764133200,101.32245066149906,101.605,101.32245066149906,101.52125000000001,101.512,100.347,100.92949999999999,101.512,NaN,NaN,NaN,NaN,101.25515694739066,101.38319614338398,101.12711775139734,101.51123533937731,100.99907855540401,101.00772499999924,101.45137071801078,100.5640792819877,101.00772499999924,101.22954785900501,100.78590214099347,101.13656082610026,101.12729757928034,99.30841640625061,100.93145078124974,101.15598750000161,101.15285937499911,101.00772499999924,0.21756111671490722,70.45317480463831,51.50744095911701,NaN,NaN,NaN,NaN,0.07561327128370854,0.07136555877697504,-0.00424771250673351,89.41234125203034,86.03664792102494
1764136800,101.42185033074954,101.701,101.42185033074954,101.60775,101.512,100.347,100.92949999999999,NaN,NaN,NaN,NaN,NaN,101.2966080562126,101.45753897376626,101.13567713865895,101.61846989131992,100.97474622110529,101.04094999999924,101.55435093065907,100.52754906933941,101.04094999999924,101.29765046532916,100.78424953466933,101.15503883291986,101.17097507207303,99.31120917968812,100.93902968749974,101.15935625000161,101.15430624999911,101.04094999999924,0.22196029903887513,72.83551978053247,54.55538956188587,NaN,NaN,NaN,NaN,0.08293006848392218,0.09941487309816921,0.016484804614247034,90.53440508568944,88.37740732769733
1764140400,101.51480016537477,101.746,101.51480016537477,101.65025,101.512,100.347,100.92949999999999,NaN,NaN,NaN,NaN,NaN,101.33311119775207,101.51808432361247,101.14813807189168,101.70305744947287,100.96316494603128,101.07824999999926,101.65142298924123,100.50507701075729,101.07824999999926,101.36483649462023,100.79166350537828,101.1744588786877,101.2145455200664,99.31401757812561,100.94675624999972,101.16284000000161,101.1566156249991,101.07824999999926,0.22262026586647185,73.94701800253388,56.94604198340283,NaN,NaN,NaN,NaN,0.08573072588897361,0.12364821197546405,0.03791748608649044,90.40387200218679,90.11687277996883
1764144000,101.58252508268738,101.727,101.477,101.62925,101.512,100.347,100.92949999999999,NaN,NaN,NaN,NaN,NaN,101.3673054091475,101.56311641810998,101.17149440018503,101.75892742707246,100.97568339122255,101.11398749999924,101.72943529428431,100.49853970571417,101.11398749999924,101.42171139714178,100.8062636028567,101.19229382462152,101.25224592733309,99.31677089843812,100.95427187499973,101.16612750000161,101.15769999999911,101.11398749999924,0.22457596116172387,72.37126343225631,59.07873636949711,NaN,NaN,NaN,NaN,0.08130611995530466,0.13955013603062127,0.05824401607531661,89.14536604577489,90.02788104455034
1764147600,101.60588754134369,101.718,101.55,101.64925,101.512,100.347,100.92949999999999,NaN,NaN,NaN,NaN,NaN,101.39265464366105,101.59517008624175,101.19013920108034,101.79768552882246,100.98762375849964,101.15061249999926,101.80094402120405,100.50028097879446,101.15061249999926,101.47577826060164,100.82544673939687,101.21021367463636,101.28833720666644,99.31950800781311,100.96188203124973,101.16924375000161,101.1585187499991,101.15061249999926,0.22053482107874406,72.96219171801559,61.362406978374516,NaN,NaN,NaN,NaN,0.07501601521447919,0.1520140350934156,0.07699801987893641,88.72673620955447,89.42532475250535
1764151200,101.62756877067184,101.691,101.55,101.62625,101.512,100.347,100.92949999999999,NaN,NaN,NaN,NaN,NaN,101.41024886822666,101.6142215736695,101.20627616278382,101.81819427911233,101.00230345734099,101.19623749999926,101.84560716549836,100.54686783450015,101.19623749999926,101.52092233274881,100.8715526672497,101.22652882465063,101.31905655151495,99.32222128906311,100.96960156249972,101.1718600000016,101.15948749999912,101.19623749999926,0.21485376243026272,71.07940949948215,63.24842093131711,NaN,NaN,NaN,NaN,0.06497125342946716,0.15821208666577036,0.0932408332363032,87.60495387162293,88.4923520423174
1764154800,101.62690938533592,101.648,101.518,101.57849999999999,101.512,100.347,100.92949999999999,NaN,NaN,NaN,NaN,NaN,101.42439872552139,101.62537177533282,101.22342567570995,101.82634482514426,101.02245262589851,101.24214999999926,101.86264781271984,100.62165218727867,101.24214999999926,101.55239890635956,100.93190109363896,101.2403316158408,101.34264231955905,99.32488300781311,100.97733203124973,101.1743350000016,101.16101249999912,101.24214999999926,0.20879277939952937,67.20222816893059,64.67673353214961,NaN,NaN,NaN,NaN,0.05137213855152083,0.15745600642570423,0.1060838678741834,85.42141230068334,87.2510341272869
1764158400,101.60270469266796,101.62,101.499,101.57125,101.512,100.347,100.92949999999999,NaN,NaN,NaN,NaN,NaN,101.43246768226513,101.63021105104382,101.23472431348644,101.8279544198225,101.03698094470775,101.28307499999926,101.87643576975759,100.68971423024092,101.28307499999926,101.57975538487842,100.98639461512009,101.25330880737646,101.36342483596277,99.3274976562506,100.98509062499973,101.17724625000159,101.1636468749991,101.28307499999926,0.20252186658527793,66.60814268672704,66.26737545101302,NaN,NaN,NaN,NaN,0.03872563997688848,0.154490917845294,0.11576527786840553,81.96398418514055,84.99678345248225
1764162000,101.58697734633398,101.727,101.58697734633398,101.64850000000001,101.512,100.347,100.92949999999999,NaN,NaN,NaN,NaN,NaN,101.45300167584095,101.65202723428328,101.25397611739862,101.85105279272561,101.05495055895629,101.32134999999924,101.9052268582511,100.73747314174739,101.32134999999924,101.61328842912518,101.02941157087331,101.26880650120484,101.38934075996616,99.3301664062506,100.99256484374972,101.18082125000159,101.16695937499911,101.32134999999924,0.19918101897204363,69.68346085213588,67.61243949652548,NaN,NaN,NaN,NaN,0.0326435022242661,0.15656965564873815,0.12392615342447205,82.30361111611785,83.22966920064722
1764165600,101.617738673167,101.838,101.617738673167,101.72425,101.512,100.347,100.92949999999999,NaN,NaN,NaN,NaN,NaN,101.47346670783767,101.67799207017869,101.26894134549666,101.8825174325197,101.06441598315564,101.36196249999925,101.93925521818126,100.78466978181724,101.36196249999925,101.65060885909026,101.07331614090825,101.28666703056935,101.41978705451469,99.3329421875006,100.99967499999971,101.1844450000016,101.17137499999912,101.36196249999925,0.200686755247826,72.37059778895238,68.58441116215208,NaN,NaN,NaN,NaN,0.030824486732926593,0.1624567618406303,0.1316322751077037,83.73557102145861,82.66772210757232
1764169200,101.6709943365835,101.866,101.67,101.77175,101.512,100.347,100.92949999999999,NaN,NaN,NaN,NaN,NaN,101.49327000576373,101.70420907717501,101.28233093435246,101.91514814858628,101.07139186294118,101.40641249999926,101.965894320489,100.84693067950953,101.40641249999926,101.68615341024413,101.1266715897544,101.30568989211565,101.45178368592244,99.3357904296881,101.00675312499973,101.18859250000159,101.17953437499912,101.40641249999926,0.20035198701583828,73.93097846531775,69.36671954186565,NaN,NaN,NaN,NaN,0.02989976523911206,0.16900698165659378,0.13910721641748172,86.84864331009095,84.29594181588912
1764172800,101.72137216829175,101.915,101.72137216829175,101.85775,101.512,100.347,100.92949999999999,NaN,NaN,NaN,NaN,NaN,101.5060177717187,101.72273238011935,101.28930316331805,101.93944698852,101.0725885549174,101.45263749999927,102.00075925878161,100.90451574121693,101.45263749999927,101.72669837939044,101.1785766206081,101.32733930811112,101.48868971447494,99.3386570312506,101.01417968749972,101.1933175000016,101.18965937499911,101.45263749999927,0.1998716902081538,76.51683930769146,70.66882817571012,NaN,NaN,NaN,NaN,0.0319728777702413,0.17907331363028334,0.14710043586004204,88.47998513913586,86.35473315689512
1764176400,101.78956108414587,101.916,101.78956108414587,101.886,101.512,100.347,100.92949999999999,NaN,NaN,NaN,NaN,NaN,101.51836406077663,101.74109778429217,101.2956303372611,101.9638315078077,101.07289661374557,101.49847499999927,102.03032185113675,100.9666281488618,101.49847499999927,101.76439842556802,101.23255157443053,101.34924757053814,101.52480883134086,99.3414933593756,101.02159374999971,101.1982137500016,101.19989687499911,101.49847499999927,0.19462649204000876,77.31293171410918,71.75203456677406,NaN,NaN,NaN,NaN,0.03205795586461396,0.1871728806908095,0.15511492482619554,91.95495012653289,89.09452619191988
1764180000,101.83778054207293,102.016,101.826,101.935,101.512,100.347,100.92949999999999,NaN,NaN,NaN,NaN,NaN,101.53098571413216,101.76132132560768,101.30065010265663,101.9916569370832,101.07031449118111,101.54912499999926,102.04333701227779,101.05491298772074,101.54912499999926,101.79623100613853,101.30201899386,101.37221825404644,101.5620989375826,99.3442972656256,101.02926874999972,101.20357750000161,101.2137062499991,101.54912499999926,0.19429602832286613,78.66401446942491,72.56698362076773,NaN,NaN,NaN,NaN,0.032143662512497284,0.19529450296681716,0.16315084045431988,92.0794087669697,90.83811467754613
1764183600,101.88639027103648,102.034,101.88639027103648,101.997,101.512,100.347,100.92949999999999,NaN,NaN,NaN,NaN,NaN,101.54180146214303,101.77931492460324,101.30428799968281,102.01682838706346,101.0667745372226,101.59808749999927,102.06531627956794,101.1308587204306,101.59808749999927,101.8317018897836,101.36447311021493,101.3967194989858,101.60163539780237,99.34717656250061,101.03756484374972,101.20988500000162,101.22733749999911,101.59808749999927,0.19096129265434217,80.26545557100467,73.26786081836532,NaN,NaN,NaN,NaN,0.032981637962224,0.20437788790709988,0.17139624994487587,92.63999957462245,92.22478615604166
1764187200,101.94169513551824,102.016,101.94169513551824,101.9805,101.512,100.347,100.92949999999999,NaN,NaN,NaN,NaN,NaN,101.55050312420063,101.79344956862727,101.307556679774,102.0363960130539,101.06461023534736,101.63893749999927,102.08960638892889,101.18826861106966,101.63893749999927,101.86427194446408,101.41360305553447,101.41961285196675,101.63607763436579,99.3501095703131,101.04611796874971,101.21719625000162,101.24040937499912,101.63893749999927,0.18262869064201492,78.57516830179883,73.6778357127415,NaN,NaN,NaN,NaN,0.029162334431203724,0.20784916798388053,0.1786868335526768,90.89054862094171,91.86998565417794
1764190800,101.96109756775913,101.997,101.944,101.97550000000001,101.512,100.347,100.92949999999999,NaN,NaN,NaN,NaN,NaN,101.55523978161212,101.80087120079277,101.30960836243146,102.04650261997342,101.06397694325081,101.67474999999926,102.11269366142788,101.23680633857064,101.67474999999926,101.89372183071357,101.45577816928495,101.44141234796805,101.6669342130598,99.3530619140631,101.05433281249972,101.22496625000161,101.25153437499911,101.67474999999926,0.17336949845329938,78.03886124383831,73.97011022997752,NaN,NaN,NaN,NaN,0.023291589138532992,0.20780131997584306,0.18450973083731007,91.28266887027682,91.60440568861362
1764194400,101.96829878387956,102.018,101.932,101.96625,102.034,100.868,101.451,NaN,NaN,NaN,NaN,NaN,101.97208333333333,101.97208333333333,101.97208333333333,101.97208333333333,101.97208333333333,101.71359999999927,102.1080740302873,101.31912596971125,101.71359999999927,101.91083701514329,101.51636298485526,101.4619942166752,101.69414473914527,99.35606445312561,101.06232656249973,101.2314312500016,101.2638593749991,101.71359999999927,0.16712881999234933,76.99190229231233,74.30015586283866,NaN,NaN,NaN,NaN,0.016118482747602747,0.2046578342718135,0.18853935152421075,89.07624288998154,90.41648679373334
1764198000,101.96727439193978,102.024,101.9,101.94650000000001,102.034,100.868,101.451,NaN,NaN,NaN,NaN,NaN,101.9644438016154,101.9720687875863,101.95681881564451,101.97969377355719,101.94919382967362,101.74701249999927,102.09927197460692,101.39475302539162,101.74701249999927,101.9231422373031,101.57088276269545,101.48099444347224,101.7170861264957,99.3590687500006,101.07074374999974,101.23645625000161,101.2793312499991,101.74701249999927,0.16404818999289544,74.6879199509072,74.42342216518807,NaN,NaN,NaN,NaN,0.007798284988509152,0.1982872077598472,0.19048892277133805,86.82620513767087,89.06170563264305
1764201600,101.9568871959699,101.9568871959699,101.72,101.84925,102.034,100.868,101.451,NaN,NaN,NaN,NaN,NaN,101.89412730169967,101.954847421951,101.83340718144834,102.01556754220233,101.772687061197,101.76859999999928,102.08890838354976,101.4482916164488,101.76859999999928,101.92875419177453,101.60844580822403,101.49543583784587,101.729101024087,99.3619996093756,101.07927265624974,101.23991500000162,101.29169062499912,101.76859999999928,0.16925097613411003,64.45910014874019,73.95054292584936,NaN,NaN,NaN,NaN,-0.00576837171706851,0.18327845812500243,0.18904682984207094,78.81619937694724,84.90621580153321
1764205200,101.90306859798494,101.944,101.643,101.83625,102.034,100.868,101.451,NaN,NaN,NaN,NaN,NaN,101.8577003495861,101.92056227904271,101.79483842012948,101.98342420849933,101.73197649067286,101.78434999999928,102.08482314450772,101.48387685549083,101.78434999999928,101.9345865722535,101.63411342774506,101.50880109910682,101.73884184007909,99.3649160156256,101.08757187499974,101.2430437500016,101.30106249999912,101.78434999999928,0.17866162069595945,63.212811341654124,73.66558458104389,NaN,NaN,NaN,NaN,-0.0165224352245453,0.1683937858113893,0.1849162210359346,70.71651090342743,78.78630513934849
1764208800,101.86965929899247,102.052,101.86965929899247,101.94500000000001,102.034,100.868,101.451,NaN,NaN,NaN,NaN,NaN,101.8855651743927,101.95467775203737,101.81645259674802,102.02379032968204,101.74734001910335,101.80121249999927,102.09797992992155,101.50444507007698,101.80121249999927,101.94959621496041,101.65282878503812,101.52590693835754,101.75758349098099,99.36792382812561,101.09576718749975,101.2473100000016,101.31238437499911,101.80121249999927,0.18131079064624805,68.66996232937177,73.81285741266136,NaN,NaN,NaN,NaN,-0.017142415483318157,0.1634882016817869,0.18063061716510506,68.49834706072299,72.6770191136992
1764212400,101.90732964949623,101.968,101.857,101.92699999999999,102.034,100.868,101.451,NaN,NaN,NaN,NaN,NaN,101.89053889924462,101.95505234587519,101.82602545261405,102.01956579250576,101.76151200598348,101.81504999999927,102.10815674776185,101.5219432522367,101.81504999999927,101.96160337388056,101.66849662611799,101.5416360780298,101.7729849918009,99.37092089843811,101.10315156249975,101.2517812500016,101.3241562499991,101.81504999999927,0.1762885913143735,66.90095508629638,73.61410700081568,NaN,NaN,NaN,NaN,-0.019427866158433088,0.1563457844670637,0.1757736506254968,70.41441344076692,69.87642380163909
1764216000,101.91716482474811,101.992,101.899,101.9505,102.034,100.868,101.451,NaN,NaN,NaN,NaN,NaN,101.89839203992302,101.96138279014019,101.83540128970586,102.02437354035736,101.77241053948869,101.83111249999926,102.11684762639901,101.54537737359952,101.83111249999926,101.97398006319914,101.68824493679939,101.55766995732274,101.78912271981899,99.3739000000006,101.11021718749974,101.2564237500016,101.33645937499912,101.83111249999926,0.17033940622048993,68.05788361440676,73.30605598834813,NaN,NaN,NaN,NaN,-0.019944681238799528,0.15084279907699738,0.1707874803157969,74.46307707595314,71.12527919248099
1764219600,101.93383241237406,101.97,101.857,101.92474999999999,102.034,100.868,101.451,NaN,NaN,NaN,NaN,NaN,101.90112452443472,101.95975015978541,101.84249888908403,102.01837579513611,101.78387325373333,101.84488749999926,102.12061265748069,101.56916234251783,101.84488749999926,101.98275007873998,101.70702492125854,101.572065253114,101.80145247256272,99.37682929687561,101.11725234374975,101.2609825000016,101.34819374999913,101.84488749999926,0.16624373434759776,65.3619444607294,72.69398213087753,NaN,NaN,NaN,NaN,-0.022423419472137746,0.14275820597562472,0.16518162544776246,71.76213116841,72.21320722837665
1764223200,101.92929120618703,101.968,101.854,101.91149999999999,102.034,100.868,101.451,NaN,NaN,NaN,NaN,NaN,101.9017648215428,101.95854369733837,101.84498594574723,102.01532257313394,101.78820706995165,101.85914999999927,102.11709894953857,101.60120105045998,101.85914999999927,101.98812447476892,101.73017552522963,101.58537641965856,101.81145679323883,99.37978652343811,101.12374609374974,101.26559375000161,101.35842812499912,101.85914999999927,0.16251203903705536,63.95800024804008,71.7969221980453,NaN,NaN,NaN,NaN,-0.02515308526837215,0.13374026886229728,0.15889335413066943,69.90627546862011,72.04382790432771
1764226800,101.92039560309351,102.016,101.904,101.9515,102.034,100.868,101.451,NaN,NaN,NaN,NaN,NaN,101.90583326937208,101.96236595430669,101.84930058443747,102.0188986392413,101.79276789950286,101.87779999999927,102.10385130076034,101.6517486992382,101.87779999999927,101.9908256503798,101.76477434961873,101.59973420712294,101.82418799385349,99.3827287109381,101.13015468749975,101.27051875000161,101.36824062499912,101.87779999999927,0.1589040362486949,66.31059449732754,71.01104096827517,NaN,NaN,NaN,NaN,-0.024441314440594497,0.1283417110799263,0.1527830255205208,69.98777506112138,70.55206056605046
1764230400,101.93594780154675,102.036,101.9,101.97725,102.034,100.868,101.451,NaN,NaN,NaN,NaN,NaN,101.91279161048746,101.96989449134425,101.85568872963067,102.02699737220104,101.79858584877388,101.89809999999926,102.0787496902409,101.71745030975762,101.89809999999926,101.98842484512008,101.80777515487844,101.61453874802008,101.83810272168499,99.3856917968756,101.13630624999975,101.2757187500016,101.37802187499912,101.89809999999926,0.1572680336595021,67.76911425879459,70.23283381037301,NaN,NaN,NaN,NaN,-0.022463525021362785,0.12470361924381734,0.14716714426518013,74.26650366747903,71.38685139907348
1764234000,101.95659890077337,102.07,101.95659890077337,102.00824999999999,102.034,100.868,101.451,NaN,NaN,NaN,NaN,NaN,101.92141419211518,101.98268417136045,101.86014421286991,102.04395415060571,101.79887423362464,101.91608749999925,102.06205558719613,101.77011941280237,101.91608749999925,101.98907154359769,101.84310345640081,101.62997840496047,101.85357065607727,99.3886955078131,101.14196171874974,101.28151750000161,101.38894374999913,101.91608749999925,0.15413468120001061,69.48205896371721,69.46259119556676,NaN,NaN,NaN,NaN,-0.019409657012884413,0.1229050729990746,0.14231473001195902,80.89674364274373,75.05034079044802
1764237600,101.98242445038667,102.036,101.939,101.98524999999998,102.034,100.868,101.451,NaN,NaN,NaN,NaN,NaN,101.9255890288056,101.98698506403429,101.86419299357692,102.04838109926297,101.80279695834824,101.92913749999926,102.04839284565567,101.80988215434284,101.92913749999926,101.98876517282746,101.86950982717106,101.64391062437379,101.86554150552479,99.3916523437506,101.14729843749974,101.2873812500016,101.39882187499913,101.92913749999926,0.1500536325428676,66.65175225861923,68.61091862105393,NaN,NaN,NaN,NaN,-0.01924332791070202,0.11826057012358149,0.1375038980342835,82.47152763065006,79.21159164695757
1764241200,101.98383722519333,102.051,101.937,101.9945,102.034,100.868,101.451,NaN,NaN,NaN,NaN,NaN,101.9314596612031,101.99322465750073,101.86969466490548,102.05498965379836,101.80792966860785,101.94027499999926,102.03838691612141,101.84216308387711,101.94027499999926,101.98933095806034,101.89121904193819,101.65765922733952,101.87726500502254,99.39460820312559,101.15256093749974,101.2931387500016,101.40858437499912,101.94027499999926,0.14747837307552022,67.22989782089346,67.8388498051293,NaN,NaN,NaN,NaN,-0.018793592405496523,0.11401190752741286,0.13280549993290938,82.66978922716531,82.01268683351968
1764244800,101.98916861259667,102.076,101.98916861259667,102.04275,102.034,100.868,101.451,102.034,NaN,NaN,NaN,NaN,101.93896834668536,102.0043075469484,101.87362914642232,102.06964674721144,101.80828994615928,101.94952499999926,102.04963418087077,101.84941581912774,101.94952499999926,101.99957959043502,101.89947040956349,101.67276082626738,101.89230909547503,99.39761582031309,101.15789218749975,101.2991187500016,101.41934374999913,101.94952499999926,0.14314644552750605,70.138083444036,67.34929131596671,NaN,NaN,NaN,NaN,-0.015658075848178604,0.11323290512268613,0.12889098097086474,84.93058072053235,83.35729919278255
1764248400,102.01595930629833,102.058,101.99,102.02300000000001,102.034,100.868,101.451,NaN,NaN,102.034,NaN,NaN,101.94415167797146,102.01063549763819,101.87766785830473,102.07711931730492,101.811184038638,101.95637499999927,102.05690752250985,101.8558424774887,101.95637499999927,102.00664126125456,101.90610873874398,101.68649569582553,101.90419008679548,99.40059296875059,101.16278437499975,101.3048250000016,101.43005624999913,101.95637499999927,0.13777884227554218,67.49757849471769,66.83569549766746,NaN,NaN,NaN,NaN,-0.015307445936183967,0.10975667355063479,0.12506411948681875,87.46644419324753,85.02227138031503
1764252000,102.01947965314918,102.051,101.986,102.018,102.034,100.868,101.451,NaN,NaN,NaN,NaN,NaN,101.94753807470781,102.01430679025462,101.880769359161,102.08107550580144,101.81400064361418,101.96052499999925,102.06399503480301,101.85705496519549,101.96052499999925,102.01226001740113,101.90878998259737,101.69949586461668,101.91453644254135,99.4035599609381,101.16751874999974,101.3102712500016,101.43989374999913,101.96052499999925,0.13258035354157474,66.81181564626638,67.00374660463362,NaN,NaN,NaN,NaN,-0.015744510313660975,0.10538348159474253,0.12112799190840351,88.89530408006362,87.0974429979478
1764255600,102.01873982657459,102.139,102.01873982657459,102.08275,102.034,100.868,101.451,102.034,NaN,NaN,NaN,NaN,101.95209090589205,102.02200595762908,101.88217585415502,102.0919210093661,101.812260802418,101.96481249999927,102.0803729709985,101.84925202900004,101.96481249999927,102.02259273549889,101.90703226449965,101.71452543855328,101.9298285841285,99.40656933593809,101.17229843749975,101.3155537500016,101.44987499999914,101.96481249999927,0.13175318543146192,70.9306600265891,67.5550215107004,NaN,NaN,NaN,NaN,-0.01216520759964626,0.10592148240884569,0.11808669000849195,84.87601798954925,87.07925542095346
1764259200,102.0507449132873,102.135,102.0507449132873,102.09825,102.034,100.868,101.451,NaN,NaN,NaN,NaN,NaN,101.95645151958433,102.0295357684295,101.88336727073917,102.10262001727466,101.81028302189401,101.97069999999927,102.10003470373543,101.8413652962631,101.97069999999927,102.03536735186735,101.90603264813119,101.7295734605708,101.945139621935,99.40958378906309,101.17692890624974,101.32097000000158,101.45981249999913,101.97069999999927,0.12836046409440763,71.83187105697779,67.78087213410083,NaN,NaN,NaN,NaN,-0.009371449739565857,0.10637237783403464,0.1157438275736005,84.18999770403788,85.9871065912169
1764262800,102.07449745664366,102.12,102.072,102.09475,102.034,100.868,101.451,NaN,NaN,NaN,NaN,NaN,101.95877399802373,102.03340565079213,101.88414234525533,102.10803730356054,101.80951069248692,101.97666249999926,102.11687067545648,101.83645432454205,101.97666249999926,102.04676658772787,101.90655841227066,101.74389410917587,101.95874056539546,99.41261425781309,101.18116562499975,101.32689125000157,101.47147187499914,101.97666249999926,0.12262043094480722,71.29438440854813,68.09468851426166,NaN,NaN,NaN,NaN,-0.008407685761805464,0.10523422037134367,0.11364190613314913,83.47953216374422,84.18184928577709
1764266400,102.08462372832183,102.13,102.08462372832183,102.108,102.034,100.868,101.451,NaN,NaN,NaN,NaN,NaN,101.95963709697489,102.0349047850106,101.88436940893918,102.1101724730463,101.80910172090347,101.98374999999928,102.13502995764513,101.83247004235342,101.98374999999928,102.0593899788222,101.90811002117636,101.75817277156114,101.97230960490496,99.41572929687558,101.18545390624975,101.33308750000157,101.48450937499913,101.98374999999928,0.11710299099718995,72.14415055495395,68.38656472430075,NaN,NaN,NaN,NaN,-0.0075533399113814625,0.1042002312439223,0.11175357115530377,86.43274853801324,84.70075946859843
1764270000,102.09631186416092,102.112,102.087,102.09825,102.034,100.868,101.451,NaN,NaN,NaN,NaN,NaN,101.96119358121564,102.03746030688313,101.88492685554814,102.11372703255063,101.80866012988065,101.99133749999928,102.14945101130796,101.83322398869059,101.99133749999928,102.07039425565361,101.91228074434494,101.7715091334607,101.98375873173178,99.41886132812559,101.18980156249974,101.33931625000157,101.49661562499914,101.99133749999928,0.11052420592596147,70.4905266692064,68.75289202490625,NaN,NaN,NaN,NaN,-0.008262952122878933,0.1014248810017051,0.10968783312458404,86.43274853801324,85.44834307992353
1764273600,102.09728093208045,102.104,102.07,102.08825,102.034,100.868,101.451,NaN,NaN,NaN,NaN,NaN,101.96436121639415,102.04221002642304,101.88651240636527,102.12005883645192,101.80866359633639,102.00328749999929,102.15251654357509,101.85405845642349,102.00328749999929,102.0779020217872,101.92867297821138,101.78393034391321,101.99325793793798,99.42194472656308,101.19417031249974,101.34515375000157,101.50787812499914,102.00328749999929,0.10505819121696466,68.74996990008316,69.09517557148077,NaN,NaN,NaN,NaN,-0.009912745380622173,0.09729690139880631,0.10720964677942849,84.53008392669376,85.79852700090673
1764277200,102.09276546604022,102.136,102.074,102.10900000000001,102.034,100.868,101.451,NaN,NaN,NaN,NaN,NaN,101.96574974674783,102.04446676451316,101.8870327289825,102.12318378227849,101.80831571121718,102.01692499999928,102.1517586125923,101.88209138740625,102.01692499999928,102.0843418062958,101.94950819370275,101.79667817356368,102.00377994357999,99.42501113281308,101.19878281249973,101.35127000000156,101.51818749999913,102.01692499999928,0.10198260613003844,70.38409474739456,69.38613987505697,NaN,NaN,NaN,NaN,-0.010080354700839081,0.09460920340337964,0.10468955810421872,83.9717145024365,84.97818232238116
1764280800,102.10088273302011,102.141,102.076,102.10974999999999,102.139,101.643,101.89099999999999,NaN,NaN,NaN,NaN,NaN,102.10891666666664,102.10891666666664,102.10891666666664,102.10891666666664,102.10891666666664,102.02516249999928,102.16153453692438,101.88879046307419,102.02516249999928,102.09334851846184,101.95697648153673,101.80895550009059,102.01341358507271,99.4281197265631,101.20361484374973,101.35736500000158,101.52802499999913,102.02516249999928,0.09934099140646512,70.44425429484163,69.57722130620319,NaN,NaN,NaN,NaN,-0.010563551595094603,0.09148511861035047,0.10204867020544507,83.63158722345297,84.04446188419439
1764284400,102.10531636651005,102.16,102.046,102.11825,102.139,101.643,101.89099999999999,NaN,NaN,NaN,NaN,NaN,102.10831693262412,102.10869122762125,102.10794263762699,102.10906552261838,102.10756834262986,102.03472499999927,102.16902856690729,101.90042143309125,102.03472499999927,102.10187678345328,101.96757321654526,101.82108469616547,102.02294416824792,99.43123261718809,101.20873359374973,101.36292500000158,101.53793437499914,102.03472499999927,0.10038806344885975,71.15929018182251,69.69702353606786,NaN,NaN,NaN,NaN,-0.010700559321716888,0.08867297105329897,0.09937353037501585,84.46903273320687,84.02411148636543
1764288000,102.11178318325503,102.314,102.104,102.20599999999999,102.139,101.643,101.89099999999999,102.139,NaN,NaN,NaN,NaN,102.18486939438823,102.22694952402118,102.14278926475528,102.26902965365413,102.10070913512233,102.04749999999927,102.19525960404405,101.8997403959545,102.04749999999927,102.12137980202166,101.97362019797689,101.83617941396291,102.03958560749811,99.43436035156309,101.21441328124975,101.36887750000159,101.54929374999912,102.04749999999927,0.10821748748822646,77.27229107692595,70.4556334516612,NaN,NaN,NaN,NaN,-0.005531461616690353,0.09245920335415292,0.09799066497084327,79.10406153357765,82.40156049674582
1764291600,102.15889159162751,102.288,102.15889159162751,102.23150000000001,102.139,101.643,101.89099999999999,NaN,NaN,NaN,NaN,NaN,102.19737373698362,102.23729482794204,102.1574526460252,102.27721591890045,102.11753155506679,102.06283749999928,102.21983951419547,101.90583548580308,102.06283749999928,102.14133850709737,101.98433649290118,101.8516821820428,102.05703237045283,99.43748515625057,101.21966171874973,101.37471375000159,101.56076874999913,102.06283749999928,0.10970969612281659,78.68609529444792,71.2739332712008,NaN,NaN,NaN,NaN,-0.0012676147194093934,0.09640614657158153,0.09767376129099092,75.82612434244471,79.79973953640973
1764295200,102.19519579581376,102.234,102.036,102.15299999999999,102.139,101.643,101.89099999999999,NaN,NaN,NaN,NaN,NaN,102.16916385287011,102.20904737231128,102.12928033342895,102.24893089175244,102.08939681398779,102.07491249999927,102.22021101156992,101.92961398842863,102.07491249999927,102.1475617557846,102.00226324421395,101.86349856706072,102.06575670041167,99.44053906250058,101.22428984374974,101.3809362500016,101.57069687499913,102.07491249999927,0.11601614639975778,65.23318214960193,70.92358317874123,NaN,NaN,NaN,NaN,-0.004428827277501574,0.09213772719411395,0.09656655447161552,65.70499342261367,73.54505976621199
1764298800,102.17409789790688,102.222,102.072,102.1355,102.139,101.643,101.89099999999999,NaN,NaN,102.139,NaN,NaN,102.15722561725158,102.18928910015285,102.12516213435032,102.22135258305411,102.09309865144905,102.08411249999928,102.21998426843206,101.9482407315665,102.08411249999928,102.15204838421568,102.01617661578288,101.87416528992108,102.07209700037424,99.44354980468808,101.22878749999975,101.3879775000016,101.58076562499913,102.08411249999928,0.1184435645140602,62.66118761774328,70.57812668752877,NaN,NaN,NaN,NaN,-0.008175235582877666,0.08634750999301843,0.0945227455758961,57.11382113821168,66.21497963442333
1764302400,102.15479894895344,102.15479894895344,102.019,102.07950000000001,102.139,101.643,101.89099999999999,NaN,NaN,NaN,NaN,NaN,102.13465862829557,102.177586355946,102.09173090064513,102.22051408359644,102.0488031729947,102.08922499999929,102.21601980698601,101.96243019301257,102.08922499999929,102.15262240349264,102.02582759650593,101.88221763149281,102.07277000034023,99.44649160156308,101.23304765624975,101.39484000000158,101.58989062499913,102.08922499999929,0.11968323483115849,55.16561824615782,69.74625544466387,NaN,NaN,NaN,NaN,-0.014530387372902326,0.07635976135976819,0.09089014873267051,39.02414076616006,53.94765177566179
1764306000,102.11714947447672,102.146,102,102.0725,102.139,101.643,101.89099999999999,NaN,NaN,NaN,NaN,NaN,102.11843072224161,102.16424605154387,102.07261539293935,102.21006138084613,102.0268000636371,102.09243749999929,102.21401133542416,101.97086366457442,102.09243749999929,102.15322441771173,102.03165058228686,101.88967968515976,102.07274545485475,99.44941171875057,101.23724765624976,101.40123125000159,101.59806249999913,102.09243749999929,0.12156300377179008,54.291376471087865,68.55773519069949,NaN,NaN,NaN,NaN,-0.019027318262045845,0.0671060009051132,0.08613331916715905,29.748986708888424,41.96231620442004
1764309600,102.09482473723835,102.141,102.01,102.07675,102.139,101.643,101.89099999999999,NaN,NaN,NaN,NaN,NaN,102.11049312405792,102.15500824255547,102.06597800556038,102.19952336105301,102.02146288706284,102.09701249999928,102.20858248908186,101.9854425109167,102.09701249999928,102.15279749454056,102.041227505458,101.89701577593782,102.07310950441341,99.45238906250059,101.24159453124976,101.4075437500016,101.60657187499912,102.09701249999928,0.12223707493094794,54.760146491102226,67.33832629313694,NaN,NaN,NaN,NaN,-0.021362499917107675,0.05943019427077445,0.08079269418788212,22.703455664407205,30.492194379818553
1764313200,102.08578736861918,102.118,101.944,102.0195,102.139,101.643,101.89099999999999,NaN,NaN,NaN,NaN,NaN,102.09546839858142,102.14695146255262,102.04398533461021,102.19843452652383,101.99250227063901,102.09826249999928,102.2056938150797,101.99083118491886,102.09826249999928,102.15197815753949,102.04454684245907,101.90181907884221,102.0682359131031,99.45530214843808,101.24568828124976,101.41348000000158,101.61360624999912,102.09826249999928,0.12593442672159397,47.66825355265364,65.65074551771592,NaN,NaN,NaN,NaN,-0.02609642181750267,0.04817216691600379,0.07426858873350646,22.645750846388513,25.032731073228035
1764316800,102.05264368430959,102.05264368430959,101.918,101.96175,102.139,101.643,101.89099999999999,NaN,NaN,NaN,NaN,NaN,102.07713051129508,102.14089788677613,102.01336313581403,102.20466526225718,101.94959576033298,102.09421249999927,102.21498783885227,101.97343716114628,102.09421249999927,102.15460016942578,102.03382483057277,101.90416931104447,102.05855537554827,99.45813457031309,101.24942421874975,101.41960875000159,101.62129374999913,102.09421249999927,0.12655651654930727,41.78901734086394,63.482521716709485,NaN,NaN,NaN,NaN,-0.03205809743172103,0.03419596694385518,0.06625406437557621,18.6320201208728,21.327075543889496
1764320400,102.0071968421548,102.058,101.959,101.99350000000001,102.139,101.643,101.89099999999999,NaN,NaN,NaN,NaN,NaN,102.06707299603127,102.13149530381982,102.00265068824272,102.19591761160837,101.93822838045418,102.09273749999929,102.21760678149916,101.96786821849942,102.09273749999929,102.15517214074923,102.03030285924935,101.90767247531724,102.05264125049843,99.46099082031309,101.25310156249975,101.42600875000159,101.63046874999912,102.09273749999929,0.12458819393864273,45.750551631300766,61.71538064257337,NaN,NaN,NaN,NaN,-0.03269203660091084,0.025389018624437654,0.058081055225348496,16.8396805896798,19.372483852313692
1764324000,102.0003484210774,102.054,101.904,101.9725,102.139,101.643,101.89099999999999,NaN,NaN,NaN,NaN,NaN,102.05768741286474,102.12460110238837,101.9907737233411,102.191514791912,101.92386003381748,102.09046249999928,102.22216636278314,101.95875863721541,102.09046249999928,102.15631443139121,102.02461056860734,101.91021473118715,102.04535568227129,99.46385507812559,101.25683359374975,101.43211250000158,101.63928124999913,102.09046249999928,0.12640332294302578,43.63532478387537,59.921477419987106,NaN,NaN,NaN,NaN,-0.033245291645031594,0.016524440669059004,0.0497697323140906,15.60698447893561,17.02622839649606
1764327600,101.9864242105387,101.9864242105387,101.863,101.91875,102.139,101.643,101.89099999999999,NaN,NaN,NaN,NaN,NaN,102.04450393526672,102.11964079659201,101.96936707394143,102.1947776579173,101.89423021261614,102.08226249999927,102.23379496340901,101.93073003658954,102.08226249999927,102.15802873170414,102.00649626829441,101.91054944761119,102.03384607479208,99.46678105468808,101.26054140624976,101.43863750000159,101.64790937499913,102.08226249999927,0.12619052919985974,38.70302582702006,57.65854392567463,NaN,NaN,NaN,NaN,-0.03573322864458599,0.00510319650835811,0.0408364251529441,16.04479756918886,16.16382087926809
1764331200,101.95258710526934,101.954,101.842,101.8955,102.139,101.643,101.89099999999999,NaN,NaN,NaN,NaN,NaN,102.03298673024368,102.11525767704111,101.95071578344624,102.19752862383855,101.8684448366488,102.07212499999928,102.24381057916135,101.9004394208372,102.07212499999928,102.15796778958031,101.98628221041824,101.90995927319506,102.02126915890189,99.46975175781309,101.26426796874975,101.4459800000016,101.65659062499913,102.07212499999928,0.12517691997129796,36.76705335914125,55.2530295731246,NaN,NaN,NaN,NaN,-0.037275483041547056,-0.005757928648989719,0.03151755439255734,13.467827301539993,15.039869783221485
1764334800,101.92404355263467,102.036,101.87,101.938,102.139,101.643,101.89099999999999,NaN,NaN,NaN,NaN,NaN,102.02729840923372,102.10955747884854,101.9450393396189,102.19181654846336,101.86278027000408,102.06428749999927,102.24519011876257,101.88338488123597,102.06428749999927,102.15473880938092,101.97383619061762,101.91105890954034,102.01369923536535,99.47281464843807,101.26857031249975,101.4532087500016,101.66575937499911,102.06428749999927,0.12809285425906217,42.43544756656376,53.20132652917755,NaN,NaN,NaN,NaN,-0.03386318461824064,-0.01081142638024346,0.023051758237997176,14.678382627432512,14.730335832720451
1764338400,101.93102177631734,102.216,101.93102177631734,102.066,102.139,101.643,101.89099999999999,NaN,NaN,NaN,NaN,NaN,102.0289078547066,102.11005681302642,101.94775889638679,102.19120577134623,101.86660993806697,102.06218749999928,102.24198334938983,101.88239165060874,102.06218749999928,102.15208542469456,101.972289575304,101.91713503073484,102.01845385033214,99.4760203125006,101.27341796874977,101.4610700000016,101.67711249999911,102.06218749999928,0.13929895207503323,55.402305586826365,51.63918470845615,NaN,NaN,NaN,NaN,-0.021990755490776132,-0.004436686125472988,0.017554069365303144,27.299314686732753,18.481841538568418
1764342000,101.99851088815868,102.368,101.99851088815868,102.23675,102.139,101.643,101.89099999999999,102.139,NaN,NaN,NaN,NaN,102.03590183385002,102.12234813746603,101.949455530234,102.20879444108205,101.86300922661799,102.06911249999928,102.26396895349372,101.87425604650484,102.06911249999928,102.16654072674649,101.97168427325207,101.92966895109818,102.03829895484739,99.47935996093808,101.27880078124977,101.4698237500016,101.69162187499913,102.06911249999928,0.1557411063440536,66.30588523009774,50.754883989574004,NaN,NaN,NaN,NaN,-0.0026597261827985864,0.014229411636804912,0.016889137819603498,48.53690893819917,30.17153541745481
1764345600,102.11763044407934,102.354,102.11763044407934,102.30525,102.139,101.643,101.89099999999999,NaN,NaN,NaN,NaN,NaN,102.04175100983568,102.1342036848753,101.94929833479605,102.22665635991493,101.85684565975643,102.07996249999928,102.30036459268403,101.85956040731453,102.07996249999928,102.19016354634165,101.96976145365691,101.94439761968256,102.06256723167945,99.48280273437558,101.28414453124977,101.47808250000158,101.70760312499911,102.07996249999928,0.16150028131381125,69.52485578970405,51.061432106724155,NaN,NaN,NaN,NaN,0.013813550650536528,0.03415607613277416,0.020342525482237632,71.11402865635775,48.983417427096555
1764349200,102.21144022203967,102.35,102.194,102.29625,102.139,101.643,101.89099999999999,NaN,NaN,NaN,NaN,NaN,102.04472300906644,102.14032845194032,101.94911756619257,102.2359338948142,101.8535121233187,102.08932499999928,102.3289369322855,101.84971306771305,102.08932499999928,102.2091309661424,101.96951903385616,101.95819575224402,102.0838111197086,99.4862275390631,101.28939609374976,101.48567875000158,101.72458124999913,102.08932499999928,0.16110740407710986,68.59758116055107,51.48546021692471,NaN,NaN,NaN,NaN,0.022654734382204073,0.04866094345999272,0.02600620907778865,83.15906210393,67.60333323282897
1764352800,102.25384511101984,102.354,102.23,102.29775000000001,102.139,101.643,101.89099999999999,NaN,NaN,NaN,NaN,NaN,102.0476591044311,102.14643025752007,101.94888795134214,102.24520141060903,101.85011679825318,102.09872499999929,102.35497721576058,101.842472784238,102.09872499999929,102.22685110787994,101.97059889211864,101.9715116050972,102.103260108826,99.4896064453131,101.29465546874975,101.49255500000159,101.74151249999912,102.09872499999929,0.1584568752144588,68.67257514192849,52.4502428523369,NaN,NaN,NaN,NaN,0.026867251303249844,0.05959027320685095,0.03272302190360111,87.02471482889878,80.43260186306217
1764356400,102.27579755550993,102.29,102.228,102.26174999999999,102.139,101.643,101.89099999999999,NaN,NaN,NaN,NaN,NaN,102.04930065992686,102.14943072379117,101.94917059606254,102.24956078765548,101.84904053219823,102.10589999999928,102.37179182122198,101.84000817877659,102.10589999999928,102.23884591061062,101.97295408938794,101.98289350293653,102.11766828075092,99.4929251953131,101.29973749999975,101.4986325000016,101.75848124999914,102.10589999999928,0.1521206698419984,64.6802065358507,53.192302142677114,NaN,NaN,NaN,NaN,0.02550338414815085,0.06460225208878967,0.03909886794063882,84.26806083650277,84.81727925644384
1764360000,102.26877377775496,102.298,102.23,102.269,102.139,101.643,101.89099999999999,NaN,NaN,NaN,NaN,NaN,102.0539754594835,102.15789379981126,101.95005711915573,102.26181214013903,101.84613877882796,102.10904999999927,102.38103362193185,101.8370663780667,102.10904999999927,102.24504181096556,101.97305818903298,101.99411336556648,102.13142570977357,99.4962121093756,101.30487890624975,101.5050612500016,101.77541249999913,102.10904999999927,0.14611205056756976,65.1199951928903,53.93229133566198,NaN,NaN,NaN,NaN,0.023417830245431544,0.06837115574742825,0.0449533255019967,82.54119138149673,84.61132234896608
1764363600,102.26888688887749,102.335,102.222,102.28425,102.139,101.643,101.89099999999999,NaN,NaN,NaN,NaN,NaN,102.06425558261532,102.17619718845106,101.95231397677958,102.2881387942868,101.84037237094384,102.11168749999928,102.3893338082215,101.83404119177706,102.11168749999928,102.25051065411039,101.97286434588817,102.00549127279916,102.14531882706687,99.4994898437506,101.31036953124976,101.51173000000159,101.79250624999912,102.11168749999928,0.14374690409845758,66.07683396927015,55.24718993684887,NaN,NaN,NaN,NaN,0.02144643259095727,0.07176136624069329,0.05031493364973602,81.68567807351144,82.83164343050365
1764540000,102.27656844443874,102.27656844443874,102.048,102.12800000000001,102.368,101.842,102.10499999999999,NaN,NaN,NaN,NaN,NaN,102.15085614814625,102.15085614814625,102.15085614814625,102.15085614814625,102.15085614814625,102.11043749999928,102.38755317524864,101.83332182474992,102.11043749999928,102.24899533762395,101.9718796623746,102.01029553661095,102.14374438824261,99.5027332031256,101.31525156249975,101.51761000000158,101.81018437499912,102.11043749999928,0.15035426809142477,50.723401960951485,55.88536026685512,NaN,NaN,NaN,NaN,0.00865631968116063,0.06113533325118681,0.05247901357002618,73.20975918884865,79.1455428812856
1764543600,102.20228422221938,102.277,102.103,102.15825,102.368,101.842,102.10499999999999,NaN,NaN,NaN,NaN,NaN,102.17061652479988,102.18380341688184,102.15742963271792,102.1969903089638,102.14424274063596,102.11157499999928,102.38927898466189,101.83387101533667,102.11157499999928,102.25042699233059,101.97272300766797,102.01609767243013,102.14506308022055,99.5061175781256,101.32029687499977,101.52447375000158,101.82890937499913,102.11157499999928,0.15204324894203777,53.00028891560533,56.403198644305455,NaN,NaN,NaN,NaN,0.0016379892945186658,0.05452650018817451,0.05288851089365584,66.19138149556534,73.69560625264181
1764547200,102.18026711110969,102.18026711110969,101.822,102.01175,102.368,101.842,102.10499999999999,NaN,NaN,NaN,NaN,NaN,102.06521644957209,102.14549593072113,101.98493696842306,102.22577541187016,101.90465748727402,102.10818749999927,102.38900923611648,101.82736576388207,102.10818749999927,102.24859836805787,101.96777663194068,102.01592717547209,102.13294370929141,99.5093978515631,101.32511406249976,101.52990625000159,101.84464687499911,102.10818749999927,0.1667735248111553,42.70809651845979,56.336968053918625,NaN,NaN,NaN,NaN,-0.012678292537228388,0.03704064522212036,0.04971893775934875,49.74964832379425,63.05026300273608
1764550800,102.09600855555485,102.09600855555485,101.782,101.94575,102.368,101.842,102.10499999999999,NaN,NaN,NaN,NaN,NaN,102.0094294910613,102.09514898140138,101.92371000072121,102.18086847174146,101.83799051038113,102.10184999999929,102.39119868339002,101.81250131660856,102.10184999999929,102.24652434169465,101.95717565830392,102.01317512937514,102.11592609935583,99.5126072265631,101.32943906249977,101.53361375000159,101.85793124999911,102.10184999999929,0.17729031272141915,39.030804212240454,56.36038079572008,NaN,NaN,NaN,NaN,-0.02565208746922066,0.017653828422822926,0.043305915892043585,40.94000246802073,52.293677429126774
1764554400,102.02087927777742,102.02087927777742,101.664,101.84599999999999,102.368,101.842,102.10499999999999,NaN,NaN,NaN,NaN,NaN,101.97150999244117,102.07406070102739,101.86895928385495,102.17661140961361,101.76640857526873,102.09031249999927,102.40040288597606,101.78022211402248,102.09031249999927,102.24535769298767,101.93526730701088,102.00661924194867,102.09138736305076,99.5157447265631,101.33320156249977,101.53601750000158,101.86960624999911,102.09031249999927,0.19011809593970516,34.233251642424264,56.17939495881173,NaN,NaN,NaN,NaN,-0.03919970970983569,-0.005693721245251027,0.03350598846458466,29.51623532894898,40.068628706921324
1764558000,101.9334396388887,101.9334396388887,101.673,101.74974999999999,102.368,101.842,102.10499999999999,NaN,101.842,NaN,NaN,NaN,101.93975251811693,102.05647481707558,101.82303021915828,102.17319711603423,101.70630792019963,102.07682499999927,102.41978575298829,101.73386424701026,102.07682499999927,102.24830537649378,101.90534462350477,101.99654593834283,102.06032942095523,99.5188052734381,101.33665468749976,101.53799750000158,101.8804437499991,102.07682499999927,0.19514106329320466,30.355957921863947,55.316574269904606,NaN,NaN,NaN,NaN,-0.05208410115532296,-0.031599137979569036,0.02048496317575392,21.992118820456664,30.81611887247546
1764561600,101.84159481944434,101.878,101.712,101.79249999999999,102.368,101.842,102.10499999999999,NaN,NaN,NaN,NaN,NaN,101.922694041025,102.04194262178433,101.80344546026566,102.16119120254366,101.68419687950633,102.06836249999928,102.43010178797032,101.70662321202825,102.06836249999928,102.2492321439848,101.88749285601376,101.9885441368392,102.03598129177747,99.52189628906311,101.34025937499976,101.54042250000157,101.8911843749991,102.06836249999928,0.19305955877226125,33.935041030750696,53.78319823018491,NaN,NaN,NaN,NaN,-0.054888005824585605,-0.04812504410497809,0.006762961719607517,18.761837121210707,23.42339709020545
1764565200,101.81704740972216,101.81704740972216,101.619,101.74875,102.368,101.842,102.10499999999999,NaN,NaN,NaN,NaN,NaN,101.89967976701995,102.02806184676871,101.77129768727119,102.15644392651747,101.64291560752243,102.05612499999928,102.44286242783394,101.66938757216462,102.05612499999928,102.2494937139166,101.86275628608196,101.97914044519844,102.00986935616135,99.5249048828131,101.34375859374977,101.54301375000158,101.9009281249991,102.05612499999928,0.1934158338401115,32.11602620340358,51.341065442563895,NaN,NaN,NaN,NaN,-0.056621798410235395,-0.06401428629318673,-0.007392487882951333,16.028766620283623,18.927574187317
1764568800,101.78289870486108,101.842,101.78,101.799,102.368,101.842,102.10499999999999,NaN,NaN,NaN,NaN,NaN,101.8880083242429,102.01191078449548,101.76410586399032,102.13581324474806,101.64020340373774,102.04744999999929,102.44880874301123,101.64609125698735,102.04744999999929,102.24812937150526,101.84677062849332,101.97207611401419,101.99069941469213,99.5279533203131,101.34763203124977,101.54601250000157,101.9118906249991,102.04744999999929,0.1862611314229605,36.33704554333855,48.97050756782351,NaN,NaN,NaN,NaN,-0.05146606427026787,-0.07172506822078617,-0.0202590039505183,20.131899350649235,18.307501030714523
1764572400,101.79094935243054,101.828,101.73,101.7805,102.368,101.842,102.10499999999999,NaN,NaN,NaN,NaN,NaN,101.8759757217231,101.99767327385473,101.75427816959146,102.11937082598637,101.63258061745982,102.04053749999927,102.45507028817177,101.62600471182678,102.04053749999927,102.24780389408552,101.83327110591303,101.96456332522932,101.97159037699285,99.53098339843811,101.35133749999977,101.54869625000156,101.92142499999912,102.04053749999927,0.17995676489274895,35.46278030230822,46.60373607794902,NaN,NaN,NaN,NaN,-0.046532543170527484,-0.07842468291367766,-0.03189213974315017,21.37188208616836,19.177516019033742
1764576000,101.78572467621527,101.894,101.703,101.8,102.368,101.842,102.10499999999999,NaN,NaN,NaN,NaN,NaN,101.86613332603186,101.98265520759794,101.74961144446577,102.09917708916403,101.63308956289968,102.03576249999928,102.45897723563485,101.61254776436371,102.03576249999928,102.24736986781706,101.8241551321815,101.95810986149483,101.95599125181168,99.5340291015631,101.35500781249978,101.55197250000155,101.92938124999911,102.03576249999928,0.18074556740040992,37.1785120358922,44.35416014180357,NaN,NaN,NaN,NaN,-0.039465795924206244,-0.08122438464840798,-0.04175858872420173,23.91397154765116,21.805917661489584
1764579600,101.79286233810762,101.828,101.698,101.76599999999999,102.368,101.842,102.10499999999999,NaN,NaN,NaN,NaN,NaN,101.85663666435015,101.97150452536918,101.74176880333111,102.08637238638822,101.62690094231208,102.02716249999928,102.46472133314539,101.58960366685317,102.02716249999928,102.24594191657233,101.80838308342622,101.95057614143622,101.9387193198288,99.5370466796881,101.35850546874977,101.55573750000156,101.9357156249991,102.02716249999928,0.17712088401466705,35.41082969332237,42.26349036733726,NaN,NaN,NaN,NaN,-0.0347567289067952,-0.08520449985769574,-0.050447770950900535,22.594281660522466,22.626711764780662
1764583200,101.77943116905381,101.77943116905381,101.594,101.68,102.368,101.842,102.10499999999999,NaN,NaN,NaN,NaN,NaN,101.84440360023686,101.9636237867658,101.72518341370792,102.08284397329473,101.60596322717899,102.00786249999928,102.47021567935677,101.54550932064178,102.00786249999928,102.23903908967802,101.77668591032054,101.93996531236029,101.91519938166255,99.54000781250059,101.36159218749978,101.55955750000156,101.9418499999991,102.00786249999928,0.17771447580317754,31.350503232488023,39.8513837987371,NaN,NaN,NaN,NaN,-0.035011568158196164,-0.09421223114864574,-0.05920066299044958,19.13866459588324,21.882305934685622
1764586800,101.7297155845269,101.736,101.618,101.67425,102.368,101.842,102.10499999999999,NaN,NaN,NaN,NaN,NaN,101.83368012933495,101.9561461101616,101.7112141485083,102.07861209098824,101.58874816768166,101.97973749999927,102.45131778209904,101.50815721789951,101.97973749999927,102.21552764104915,101.7439473589494,101.92954510403243,101.8932948924205,99.5429976562506,101.36471796874977,101.56418500000154,101.94679999999912,101.97973749999927,0.17344915610295122,31.093787459467492,37.35259476232262,NaN,NaN,NaN,NaN,-0.03316316263006858,-0.10065461627803529,-0.06749145364796671,14.628766048833782,18.78723743507983
1764590400,101.70198279226345,101.70198279226345,101.53,101.62049999999999,102.368,101.842,102.10499999999999,NaN,NaN,NaN,NaN,NaN,101.81582683191984,101.94735717994574,101.68429648389393,102.07888752797164,101.55276613586803,101.94549999999927,102.41700585955459,101.47399414044395,101.94549999999927,102.18125292977693,101.70974707022161,101.91742568818802,101.86849535674591,99.5459476562506,101.36732578124978,101.56882375000156,101.9493374999991,101.94549999999927,0.1733444158287011,28.72581975405849,35.78133889040169,NaN,NaN,NaN,NaN,-0.03308104280028559,-0.1088427571483237,-0.0757617143480381,11.823566354962052,15.196998999893026
1764594000,101.66124139613171,101.66124139613171,101.512,101.58125,102.368,101.842,102.10499999999999,NaN,NaN,NaN,NaN,NaN,101.79867352029785,101.93897202203772,101.65837501855799,102.07927052377758,101.51807651681813,101.90974999999928,102.37786967015772,101.44163032984083,101.90974999999928,102.1438098350785,101.67569016492006,101.90424232786692,101.84238214249628,99.5489025390631,101.36940468749977,101.57296875000155,101.9500874999991,101.90974999999928,0.1716227715646306,27.102664667332633,33.93150858695364,NaN,NaN,NaN,NaN,-0.03310954697124828,-0.11714864806209846,-0.08403910109085018,11.409127980016988,12.620486794604275
1764597600,101.62124569806585,101.71,101.53,101.6275,102.368,101.842,102.10499999999999,NaN,NaN,NaN,NaN,NaN,101.78384416557428,101.92674074462096,101.6409475865276,102.06963732366764,101.49805100748092,101.87623749999928,102.32397390398964,101.42850109600892,101.87623749999928,102.10010570199445,101.6523692980041,101.89338968755841,101.82284740226935,99.5518960937506,101.37130546874977,101.57676000000154,101.95033437499909,101.87623749999928,0.17222114502429933,31.97998278515982,33.165214748860784,NaN,NaN,NaN,NaN,-0.027674020275664138,-0.11863162643543035,-0.09095760615976621,14.08495249981278,12.439215611597277
1764601200,101.62437284903292,101.792,101.571,101.67075,102.368,101.842,102.10499999999999,NaN,NaN,NaN,NaN,NaN,101.7739734355197,101.91348982103612,101.63445705000326,102.05300620655255,101.49494066448683,101.84668749999928,102.26584871297116,101.42752628702739,101.84668749999928,102.05626810648522,101.63710689351333,101.88465871941887,101.80902036569941,99.55492558593811,101.37319843749977,101.58042375000154,101.9505906249991,101.84668749999928,0.17570534895113535,36.2738273886518,32.96828783289017,NaN,NaN,NaN,NaN,-0.019227062481328355,-0.11499143426142666,-0.0957643717800983,20.445244784475424,15.313108421435066
1764604800,101.64756142451645,101.809,101.645,101.717,102.368,101.842,102.10499999999999,NaN,NaN,NaN,NaN,NaN,101.7706239000349,101.90599781196464,101.63524998810517,102.04137172389437,101.49987607617544,101.81908749999927,102.1937116883182,101.44446331168034,101.81908749999927,102.00639959415874,101.6317754058398,101.87808386767695,101.80065487790856,99.5579929687506,101.37493203124976,101.58451000000156,101.95168749999911,101.81908749999927,0.17486925259748293,40.5926009390566,33.4225270683639,NaN,NaN,NaN,NaN,-0.00910012614484182,-0.10713952946115057,-0.09803940331630875,33.20530063579323,22.57849930669381
1764608400,101.68228071225823,101.838,101.68228071225823,101.78275,102.368,101.842,102.10499999999999,NaN,NaN,NaN,NaN,NaN,101.77049866225535,101.90296620438865,101.63803112012205,102.03543374652195,101.50556357798875,101.79401249999928,102.10193637445838,101.48608862554019,101.79401249999928,101.94797443722882,101.64005056276974,101.87434528463079,101.79902716173505,99.56113632812561,101.37673281249977,101.58844875000153,101.95335624999909,101.79401249999928,0.17350139796493133,46.177032111184474,34.55260379617251,NaN,NaN,NaN,NaN,0.0028141029312354765,-0.09452177465226441,-0.09733587758349989,50.23858591032825,34.629710443532296
1764612000,101.73251535612911,101.83,101.73251535612911,101.80175,102.368,101.842,102.10499999999999,NaN,NaN,NaN,NaN,NaN,101.77103998537056,101.90148864264073,101.6405913281004,102.0319372999109,101.51014267083023,101.77769999999927,102.04501099041738,101.51038900958116,101.77769999999927,101.91135549520833,101.64404450479022,101.8714984107237,101.7992746924864,99.56436972656311,101.37874531249976,101.59122125000154,101.95554999999909,101.77769999999927,0.16807162981535662,47.70680208483597,35.53630101432147,NaN,NaN,NaN,NaN,0.01223411920209086,-0.08204322858088631,-0.09427734778297717,65.1235130139808,49.522466520034094
1764615600,101.76713267806456,101.821,101.69,101.76525,102.368,101.842,102.10499999999999,NaN,NaN,NaN,NaN,NaN,101.77068430084739,101.89924795135532,101.64212065033946,102.02781160186325,101.51355699983154,101.75804999999927,101.96048027341934,101.55561972657921,101.75804999999927,101.8592651367093,101.65683486328925,101.8673318063816,101.79618153862401,99.5676294921881,101.38059765624976,101.59343625000156,101.9578843749991,101.75804999999927,0.16542365625711689,45.057396017688916,36.4606845724847,NaN,NaN,NaN,NaN,0.01602723401456363,-0.07424330526477263,-0.09027053927933626,71.0078534031391,62.123317442482715
1764619200,101.76619133903228,101.76619133903228,101.684,101.717,102.368,101.842,102.10499999999999,NaN,NaN,NaN,NaN,NaN,101.76916014393667,101.8959598696026,101.64236041827074,102.02275959526854,101.51556069260481,101.74331249999926,101.90936527016174,101.57725972983678,101.74331249999926,101.8263388850805,101.66028611491802,101.86143644142545,101.78898321693092,99.57082421875062,101.38210078124976,101.59522750000154,101.95970624999909,101.74331249999926,0.15947849074105694,41.75615059030654,36.84776350441099,NaN,NaN,NaN,NaN,0.015308287799659676,-0.07113517952976167,-0.08644346732942135,65.27050610820076,67.13395750844022
1764622800,101.74159566951613,101.763,101.682,101.72425000000001,102.368,101.842,102.10499999999999,NaN,NaN,NaN,NaN,NaN,101.76857897752167,101.8946813848875,101.64247657015584,102.02078379225334,101.51637416279,101.73223749999927,101.86993059160068,101.59454440839787,101.73223749999927,101.80108404579997,101.66339095419858,101.8560565809774,101.7830983790281,99.57392929687562,101.38347031249975,101.59711500000157,101.96065312499908,101.73223749999927,0.1538728842595531,42.43859686546397,37.34603611606497,NaN,NaN,NaN,NaN,0.01530594715197034,-0.06731103338945843,-0.08261698054142877,58.507853403140956,64.92873763816027
1764626400,101.73292283475807,101.742,101.6,101.68725,102.277,101.512,101.8945,NaN,NaN,NaN,NaN,NaN,101.67641666666667,101.67641666666667,101.67641666666667,101.67641666666667,101.67641666666667,101.72429999999926,101.85284479998657,101.59575520001195,101.72429999999926,101.78857239999292,101.6600276000056,101.84943671505671,101.77438489002554,99.57700605468811,101.38488437499976,101.59805000000156,101.9601906249991,101.72429999999926,0.15302482109815715,39.87101616495695,37.53835783956959,NaN,NaN,NaN,NaN,0.012894066717909089,-0.0664993971440424,-0.0793934638619515,54.32847246758661,59.36894399297611
1764630000,101.71008641737905,101.804,101.666,101.7255,102.277,101.512,101.8945,NaN,NaN,NaN,NaN,NaN,101.71551392836838,101.7407734621399,101.69025439459686,101.76603299591142,101.66499486082535,101.72308749999927,101.85110559429168,101.59506940570685,101.72308749999927,101.78709654714547,101.65907845285307,101.84457645172115,101.76994080911413,99.58016406250061,101.38654062499975,101.59953875000156,101.9596124999991,101.72308749999927,0.1519516195911463,43.66549363086391,38.12797669225113,NaN,NaN,NaN,NaN,0.013871259200121541,-0.062054389861799564,-0.0759256490619211,58.27043116093495,57.035585677220844
1764633600,101.71779320868953,101.841,101.696,101.782,102.277,101.512,101.8945,NaN,NaN,NaN,NaN,NaN,101.75866921768707,101.78655304700673,101.73078538836741,101.8144368763264,101.70290155904775,101.72256249999927,101.84951937247138,101.59560562752716,101.72256249999927,101.78604093623532,101.65908406376322,101.84212247322229,101.77103709919467,99.58343789062562,101.38841093749976,101.60231250000156,101.9586656249991,101.72256249999927,0.15145507533463556,48.80474129615413,39.374707982512994,NaN,NaN,NaN,NaN,0.018054487843430944,-0.053357539257632425,-0.07141202710106337,67.1051118528613,59.9013384937943
1764637200,101.74989660434477,101.886,101.74989660434477,101.84949999999999,102.277,101.512,101.8945,NaN,NaN,NaN,NaN,NaN,101.78825300816943,101.82872019536028,101.74778582097859,101.86918738255112,101.70731863378775,101.72759999999927,101.8658100234859,101.58938997651263,101.72759999999927,101.79670501174259,101.65849498825595,101.84241178799789,101.77817009017697,99.5868148437506,101.39063281249976,101.60521750000154,101.95820937499909,101.72759999999927,0.1503585267861063,54.18244613228664,41.02389788771437,NaN,NaN,NaN,NaN,0.024688750555493882,-0.04055108890669601,-0.06523983946218989,79.26610285271785,68.2138819555047
1764640800,101.79969830217237,101.998,101.79969830217237,101.9135,102.277,101.512,101.8945,NaN,NaN,NaN,NaN,NaN,101.82008711969833,101.88212699025159,101.75804724914506,101.94416686080486,101.6960073785918,101.73332499999927,101.89100530345807,101.57564469654046,101.73332499999927,101.81216515172868,101.65448484826986,101.84519956101758,101.7904728092518,99.5902501953131,101.39281171874975,101.60807625000155,101.9579406249991,101.73332499999927,0.1537830390033581,58.62069172608799,43.15924588571647,NaN,NaN,NaN,NaN,0.03223186244354916,-0.024950011407753436,-0.0571818738513026,84.97355991213998,77.11492487257306
1764644400,101.85659915108619,102.012,101.85659915108619,101.948,102.277,101.512,101.8945,NaN,NaN,NaN,NaN,NaN,101.84420129787581,101.91734715171775,101.77105544403388,101.99049300555969,101.69790959019194,101.74169999999927,101.92433211819109,101.55906788180745,101.74169999999927,101.83301605909517,101.65038394090337,101.8492309507816,101.80479346295618,99.59365332031311,101.39499609374977,101.61067625000155,101.9573281249991,101.74169999999927,0.15389859685410495,60.823750544473846,45.56789487694085,NaN,NaN,NaN,NaN,0.03799311698125811,-0.009690477624729965,-0.047683594605988075,86.52526737891698,83.58831004792495
1764648000,101.90229957554308,101.988,101.902,101.945,102.277,101.512,101.8945,NaN,NaN,NaN,NaN,NaN,101.85977924259495,101.93627117101799,101.78328731417191,102.01276309944103,101.70679538574888,101.74894999999927,101.95076833565051,101.54713166434803,101.74894999999927,101.84985916782489,101.64804083217365,101.85298659977056,101.81753951177835,99.59695644531311,101.39721562499976,101.61275375000154,101.95688437499909,101.74894999999927,0.14904869707881163,60.522003513652386,47.60661064326174,NaN,NaN,NaN,NaN,0.039855766977214144,0.002136114115529608,-0.037719652861684536,84.71413888711608,85.40432205939102
1764651600,101.92364978777154,102.07,101.922,101.98225,102.277,101.512,101.8945,NaN,NaN,NaN,NaN,NaN,101.87685028617862,101.96080271141932,101.79289786093793,102.04475513666002,101.70894543569723,101.75976249999927,101.98579488147722,101.53373011852132,101.75976249999927,101.87277869073824,101.6467463092603,101.85805575272073,101.83251319252577,99.60024765625062,101.39949296874977,101.61425750000153,101.95696874999909,101.75976249999927,0.1489737901446105,62.97795571813194,49.51404838108176,NaN,NaN,NaN,NaN,0.041655025597972,0.014349129135780458,-0.027305896462191538,84.28634505703732,85.17525044102346
1764655200,101.95294989388577,102.108,101.95294989388577,102.0465,102.277,101.512,101.8945,NaN,NaN,NaN,NaN,NaN,101.89907465198853,101.99447728880865,101.8036720151684,102.08987992562878,101.70826937834828,101.77808749999927,102.03287894898048,101.52329605101806,101.77808749999927,101.90548322448988,101.65069177550866,101.86544572320227,101.85196653865978,99.60359726562561,101.40212812499976,101.61563625000151,101.95797187499909,101.77808749999927,0.14940781271386916,66.81295216774507,51.38693061170236,NaN,NaN,NaN,NaN,0.0449483683166106,0.028879563933571717,-0.016068804383038884,84.67691475242287,84.55913289885876
1764658800,101.99972494694288,102.176,101.99972494694288,102.11125000000001,102.277,101.512,101.8945,NaN,NaN,NaN,NaN,NaN,101.920700368739,102.02971413432533,101.81168660315268,102.13872789991166,101.70267283756635,101.79993749999927,102.08812493461386,101.51175006538469,101.79993749999927,101.94403121730657,101.65584378269197,101.87508510660611,101.87553776241798,99.6070082031256,101.40516015624976,101.61700125000154,101.96003124999909,101.79993749999927,0.15132690130981602,70.16688594209039,53.10049159962421,NaN,NaN,NaN,NaN,0.048934993943691885,0.04509993804657597,-0.003835055897115913,85.99405619233335,84.98577200059786
1764662400,102.05548747347144,102.273,102.05548747347144,102.1865,102.277,101.512,101.8945,NaN,NaN,NaN,NaN,NaN,101.9508179344735,102.08161977484731,101.8200160940997,102.21242161522112,101.6892142537259,101.82823749999928,102.14963287562189,101.50684212437666,101.82823749999928,101.98893518781058,101.66753981218797,101.88729745536665,101.90380705674362,99.6104970703131,101.40777265624976,101.61862375000153,101.96424687499908,101.82823749999928,0.15605444596829712,73.51662246306094,54.94405019806885,NaN,NaN,NaN,NaN,0.053705723084046794,0.06329709795794258,0.009591374873895787,87.93316128965346,86.20137741146989
1764666000,102.12099373673573,102.268,102.12099373673573,102.19175000000001,102.277,101.512,101.8945,NaN,NaN,NaN,NaN,NaN,101.9719093211645,102.11438051642759,101.82943812590142,102.25685171169067,101.68696693063833,101.85876249999926,102.19609851568707,101.52142648431145,101.85876249999926,102.02743050784316,101.69009449215535,101.89923677084246,101.92998368794875,99.6140083984381,101.40984843749978,101.61994625000153,101.96869062499908,101.85876249999926,0.15540814720372403,73.7381738455237,56.99267718577134,NaN,NaN,NaN,NaN,0.054128180937411265,0.07725160104565987,0.023123420108248603,87.94432492020401,87.2905141340636
1764669600,102.15637186836787,102.16,102.108,102.13400000000001,102.277,101.512,101.8945,NaN,NaN,NaN,NaN,NaN,101.98346244944435,102.12695622557986,101.83996867330883,102.27045000171537,101.69647489717332,101.88408749999927,102.22421223076047,101.54396276923806,101.88408749999927,102.05414986537987,101.71402513461867,101.9084431719859,101.94853062540795,99.61748535156309,101.41183984374977,101.62084125000152,101.97105312499907,101.88408749999927,0.1502897081177444,67.08952803223127,58.802204145908824,NaN,NaN,NaN,NaN,0.047659198755502556,0.0826974185526268,0.035038219797124244,84.80683506686654,86.894773758908
1764673200,102.14518593418394,102.186,102.092,102.13175,102.277,101.512,101.8945,NaN,NaN,NaN,NaN,NaN,101.99535851241221,102.13913193266023,101.85158509216419,102.28290535290826,101.70781167191616,101.90713749999927,102.24878700970277,101.56548799029576,101.90713749999927,102.07796225485102,101.73631274514752,101.91720030249625,101.96518693218906,99.62096953125061,101.41381718749977,101.62153125000154,101.97361249999908,101.90713749999927,0.14626901468076323,66.83667343211224,60.54492390066941,NaN,NaN,NaN,NaN,0.04064316559175042,0.08584217678681227,0.04519901119506185,82.0950965824684,84.94875218984633
1764676800,102.13846796709197,102.273,102.106,102.18599999999999,102.277,101.512,101.8945,NaN,NaN,NaN,NaN,NaN,102.00638821019274,102.15300380607735,101.85977261430813,102.29961940196196,101.71315701842352,101.93058749999928,102.2810831240411,101.58009187595745,101.93058749999928,102.10583531202019,101.75533968797836,101.92774146710424,101.9852608474446,99.62448710937561,101.41604999999979,101.62221750000154,101.97655624999908,101.93058749999928,0.1477497993464231,69.79283395470108,62.68219659993685,NaN,NaN,NaN,NaN,0.037165107532681776,0.09165539561091407,0.054490288078232293,81.34177129461301,82.747900981316
1764680400,102.16223398354597,102.368,102.16223398354597,102.31025,102.277,101.512,101.8945,102.277,NaN,NaN,NaN,NaN,102.02580036039522,102.18362818420528,101.86797253658517,102.34145600801533,101.71014471277512,101.95696249999928,102.33712319954077,101.57680180045779,101.95696249999928,102.14704284977003,101.76688215022853,101.9427418017276,102.01480531585872,99.6281328125006,101.41836328124978,101.62325500000152,101.98137499999908,101.95696249999928,0.15189381485410866,75.23723799271716,64.93732119721209,NaN,NaN,NaN,NaN,0.040469438947350875,0.10507708676242089,0.06460764781507002,85.36178429609804,82.93288405772648
1764684000,102.23624199177299,102.5,102.23624199177299,102.3775,102.277,101.512,101.8945,NaN,NaN,NaN,NaN,NaN,102.06444149951837,102.24877434727394,101.8801086517628,102.4331071950295,101.69577580400723,101.98574999999929,102.40018871753168,101.5713112824669,101.98574999999929,102.19296935876548,101.77853064123309,101.95979114283632,102.04777755987156,99.63187148437561,101.42078671874978,101.62438625000152,101.98719999999908,101.98574999999929,0.1598841143807448,77.59139664995779,66.99351086534091,NaN,NaN,NaN,NaN,0.044121777299457404,0.11975986943939176,0.07563809213993436,86.91412796645749,84.53922785238952
1764687600,102.3068709958865,102.47,102.236,102.36575,102.277,101.512,101.8945,NaN,NaN,NaN,NaN,NaN,102.0960870385168,102.29248198289359,101.89969209414001,102.48887692727038,101.70329714976322,102.01577499999928,102.44856755781142,101.58298244218715,102.01577499999928,102.23217127890534,101.79937872109322,101.97571109801922,102.07668414533778,99.6355888671881,101.42292499999978,101.62574500000152,101.99237812499908,102.01577499999928,0.1651781062106912,76.22781737748942,68.56818023999826,NaN,NaN,NaN,NaN,0.04265862014932942,0.12896136732659613,0.08630274717726671,85.30161966634633,85.85917730963395
1764691200,102.33631049794326,102.422,102.14,102.29325,102.277,101.512,101.8945,NaN,NaN,NaN,NaN,NaN,102.11274955472571,102.30779300741573,101.9177061020357,102.50283646010574,101.72266264934568,102.04458749999927,102.4706554904446,101.61851950955393,102.04458749999927,102.25762149522194,101.8315535047766,101.98816360397925,102.09637195030707,99.63921035156311,101.42472812499979,101.62785125000151,101.99632812499908,102.04458749999927,0.17352252719564157,68.25706602406066,69.25649268985345,NaN,NaN,NaN,NaN,0.03409171993638785,0.12891739709775152,0.09482567716136367,77.45489188111155,83.22354650463845
1764694800,102.31478024897163,102.373,102.202,102.2505,102.277,101.512,101.8945,NaN,NaN,102.277,NaN,NaN,102.12166069731056,102.31485143362801,101.92846996099311,102.50804216994545,101.73527922467566,102.07089999999928,102.47921520984362,101.66258479015495,102.07089999999928,102.27505760492144,101.86674239507713,101.99845130578399,102.11038359118825,99.64268105468811,101.42678124999978,101.62988625000153,101.99935624999908,102.07089999999928,0.17334234668166765,64.00699662153548,69.48386740964357,NaN,NaN,NaN,NaN,0.023342295832131238,0.12400354695152771,0.10066125111939647,68.99111651089744,77.2492093527851
1764698400,102.28264012448582,102.29,102.2,102.248,102.277,101.512,101.8945,NaN,NaN,NaN,NaN,NaN,102.12734349028062,102.31784590301896,101.93684107754228,102.5083483157573,101.74633866480394,102.09893749999928,102.47365382266364,101.72422117733493,102.09893749999928,102.28629566133145,101.91157933866711,102.00823752908657,102.12289417380751,99.64606347656311,101.42886718749978,101.63125375000152,102.00264062499909,102.09893749999928,0.16738932191869163,63.75698238910737,69.71493732931891,NaN,NaN,NaN,NaN,0.014303869764246385,0.11854108832470445,0.10423721856045806,60.84834756686212,69.09811865295704
1764702000,102.26532006224292,102.346,102.258,102.30725000000001,102.277,101.512,101.8945,102.277,NaN,NaN,NaN,NaN,102.13468259357383,102.32447758267233,101.94488760447533,102.51427257177083,101.75509261537682,102.12802499999928,102.47126791412398,101.78478208587458,102.12802499999928,102.29964645706164,101.95640354293693,102.01996350833808,102.13965379437046,99.6494189453131,101.43116874999978,101.63268500000152,102.00654999999908,102.12802499999928,0.16243294178164217,67.04264291175889,70.0052721288637,NaN,NaN,NaN,NaN,0.010719812675948528,0.11763698440539372,0.10691717172944519,59.814847875251694,63.21810398433709
1764705600,102.28628503112147,102.346,102.28628503112147,102.32149999999999,102.277,101.512,101.8945,NaN,NaN,NaN,NaN,NaN,102.14173626486301,102.33115205140582,101.9523204783202,102.52056783794863,101.7629046917774,102.15499999999929,102.46875938324972,101.84124061674886,102.15499999999929,102.3118796916245,101.99812030837408,102.03178846879541,102.1561852676095,99.6527699218756,101.43367421874977,101.63390375000152,102.01003437499908,102.15499999999929,0.1550959437171347,67.79874822047377,70.07568613263003,NaN,NaN,NaN,NaN,0.007846103097043644,0.11672480060074975,0.1088786975037061,61.828859881102886,60.8306851077389
1764709200,102.30389251556073,102.352,102.3,102.32400000000001,102.277,101.512,101.8945,NaN,NaN,NaN,NaN,NaN,102.14430437237775,102.33362258396636,101.95498616078913,102.52294079555497,101.76566794920052,102.17872499999929,102.46723773471058,101.890212265288,102.17872499999929,102.32298136735493,102.03446863264365,102.04324774452893,102.17144115237228,99.65613632812561,101.43652265624976,101.63436250000153,102.01379687499909,102.17872499999929,0.14773194773733983,67.93772239640677,69.9164601650812,NaN,NaN,NaN,NaN,0.004800529774086515,0.11487935972131424,0.11007882994722773,63.163753581622096,61.6024871126589
1764712800,102.31394625778037,102.376,102.28,102.33474999999999,102.5,101.6,102.05,NaN,NaN,NaN,NaN,NaN,102.33024999999999,102.33024999999999,102.33024999999999,102.33024999999999,102.33024999999999,102.19978749999929,102.46860896949192,101.93096603050665,102.19978749999929,102.33419823474561,102.06537676525296,102.05467920552779,102.18628741124753,99.65950566406312,101.44009609374977,101.63422750000153,102.01775624999908,102.19978749999929,0.1440368086132444,68.565946903477,69.56284048225378,NaN,NaN,NaN,NaN,0.0023224439201607466,0.11298188484742866,0.11065944092726791,61.40774739833535,62.13345362035344
1764716400,102.32434812889018,102.434,102.32434812889018,102.382,102.5,101.6,102.05,NaN,NaN,NaN,NaN,NaN,102.36335305550615,102.38690950057536,102.33979661043695,102.41046594564456,102.31624016536774,102.22148749999928,102.47514536498898,101.9678296350096,102.22148749999928,102.34831643249413,102.09465856750444,102.06751531511493,102.20407946477049,99.66295136718811,101.44414765624978,101.63475625000152,102.02149687499909,102.22148749999928,0.14158074164871395,71.233907486923,69.3839643137823,NaN,NaN,NaN,NaN,0.002654004982955066,0.11397694715596174,0.11132294217300667,63.66068185891945,62.7440609462923
1764720000,102.35317406444508,102.428,102.02,102.2855,102.5,101.6,102.05,NaN,NaN,NaN,NaN,NaN,102.27662512514149,102.33081121877578,102.22243903150721,102.38499731241006,102.16825293787292,102.23851249999929,102.45922353836303,102.01780146163554,102.23851249999929,102.34886801918115,102.12815698081742,102.07606373413003,102.21148133160953,99.6663927734381,101.44780468749978,101.63715250000153,102.02383749999908,102.23851249999929,0.1606106886738059,60.028085851734545,68.87957558660396,NaN,NaN,NaN,NaN,-0.004450620865545596,0.10575966609107468,0.11021028695662027,61.96282679738497,62.34375201821326
1764723600,102.31933703222253,102.354,102.208,102.3005,102.5,101.6,102.05,NaN,NaN,NaN,NaN,NaN,102.2813182684347,102.32252545017394,102.24011108669546,102.36373263191318,102.19890390495623,102.25442499999929,102.4424008710365,102.06644912896208,102.25442499999929,102.34841293551789,102.16043706448069,102.08486515632102,102.21957393782685,99.6698453125006,101.45148046874979,101.64114375000153,102.02640937499908,102.25442499999929,0.15956706805424842,61.05367185537394,68.46650404540837,NaN,NaN,NaN,NaN,-0.00871785499946727,0.09931296820728619,0.10803082320675346,61.60947712418359,62.41099526016268
1764727200,102.30991851611127,102.456,102.30991851611127,102.37625,102.5,101.6,102.05,NaN,NaN,NaN,NaN,NaN,102.30534342081602,102.3610088091768,102.24967803245524,102.41667419753757,102.19401264409446,102.27091249999928,102.43993700259102,102.10188799740754,102.27091249999928,102.35542475129515,102.18640024870342,102.09629201293588,102.23381721620623,99.67337128906311,101.4560296874998,101.64515625000153,102.02976249999908,102.27091249999928,0.1592765631932309,65.8227102720635,68.1829237823628,NaN,NaN,NaN,NaN,-0.00708617867961131,0.09917309985723932,0.10625927853685063,62.656250000000135,62.076184640522904
1764730800,102.34308425805563,102.44,102.34308425805563,102.406,102.5,101.6,102.05,NaN,NaN,NaN,NaN,NaN,102.31838001708134,102.37897231818955,102.25778771597312,102.43956461929777,102.19719541486491,102.28564999999926,102.4476741050497,102.12362589494883,102.28564999999926,102.36666205252449,102.20463794747404,102.1084374241933,102.24947019655112,99.67693652343812,101.4609140624998,101.64926875000154,102.03360937499909,102.28564999999926,0.1548222188183124,67.50562277254326,67.63066555235038,NaN,NaN,NaN,NaN,-0.0047621764381436255,0.1003065579891711,0.10506873442731472,71.0243055555561,65.09667755991327
1764734400,102.37454212902782,102.476,102.37454212902782,102.42825,102.5,101.6,102.05,NaN,NaN,NaN,NaN,NaN,102.33067367551871,102.39721850150879,102.26412884952863,102.46376332749887,102.19758402353855,102.29773749999927,102.46437539328745,102.13109960671109,102.29773749999927,102.38105644664336,102.21441855335519,102.12097909383277,102.26572290595556,99.68052910156311,101.46579140624979,101.65324375000154,102.03785937499909,102.29773749999927,0.15101047968644601,68.74518566931528,66.99879333944736,NaN,NaN,NaN,NaN,-0.002593844274561302,0.1018264290841131,0.1044202733586744,81.38797514619979,71.68951023391868
1764738000,102.4013960645139,102.515,102.4013960645139,102.46075,102.5,101.6,102.05,NaN,NaN,NaN,NaN,NaN,102.34688548112048,102.42230010913026,102.2714708531107,102.49771473714004,102.19605622510092,102.31118749999928,102.48471710116176,102.13765789883679,102.31118749999928,102.39795230058053,102.22442269941803,102.13430344309424,102.28345264177779,99.6841345703131,101.4706359374998,101.65817375000154,102.04225624999908,102.31118749999928,0.14833858367213537,70.51450722930562,66.59069975743422,NaN,NaN,NaN,NaN,0.000023292294925994494,0.1044493887273319,0.1044260964324059,86.32852649300143,79.58026906491911
1764741600,102.43107303225696,102.493,102.366,102.4455,102.5,101.6,102.05,NaN,NaN,NaN,NaN,NaN,102.35899144366785,102.43529768905238,102.28268519828332,102.5116039344369,102.20637895289879,102.32676249999926,102.4894618776364,102.16406312236212,102.32676249999926,102.40811218881784,102.24541281118069,102.14650722963957,102.29818421979799,99.68771464843812,101.4753593749998,101.66294125000154,102.04645312499909,102.32676249999926,0.14681439912412536,68.55344973482944,66.61187002248913,NaN,NaN,NaN,NaN,-0.0002628103874717652,0.10409758344806619,0.10436039383553795,88.17616959064378,85.297557076615
1764745200,102.43828651612847,102.459,102.374,102.41675,102.5,101.6,102.05,NaN,NaN,NaN,NaN,NaN,102.36633533258852,102.44015388385031,102.29251678132673,102.51397243511211,102.21869823006493,102.34101249999927,102.4812708775868,102.20075412241174,102.34101249999927,102.41114168879304,102.2708833112055,102.15710498533997,102.30896292708908,99.69128222656312,101.4799320312498,101.66769750000152,102.05018437499908,102.34101249999927,0.1423990849009741,64.88958416237003,66.6749119896916,NaN,NaN,NaN,NaN,-0.003214548676001336,0.10034220799053628,0.10355675666653762,85.05050505050463,86.51840037804995
1764748800,102.42751825806423,102.486,102.354,102.42825,102.5,101.6,102.05,NaN,NaN,NaN,NaN,NaN,102.37329849159273,102.4448592008635,102.30173778232196,102.51641991013427,102.2301770730512,102.35312499999927,102.47883046171263,102.2274195382859,102.35312499999927,102.41597773085596,102.29027226914258,102.16773812316977,102.31980720644462,99.69483085937561,101.48448359374979,101.67212625000153,102.05296249999908,102.35312499999927,0.14165629312233347,65.6797270312424,66.81225089270126,NaN,NaN,NaN,NaN,-0.005106333146570552,0.09717384023332443,0.10228017337989498,82.86195286195253,85.36287583436699
1764752400,102.42788412903212,102.48,102.394,102.4425,102.5,101.6,102.05,NaN,NaN,NaN,NaN,NaN,102.3789936974304,102.4498224138614,102.30816498099941,102.52065113029239,102.23733626456841,102.35973749999927,102.48957157675471,102.22990342324383,102.35973749999927,102.42465453837698,102.29482046162155,102.17851309873174,102.33096109676784,99.69838671875061,101.48891015624979,101.67642000000153,102.05559999999909,102.35973749999927,0.13768084361359526,66.68035295766562,66.78637303883745,NaN,NaN,NaN,NaN,-0.006047451689152578,0.09472085876845426,0.10076831045760684,82.65993265993232,83.5241301907965
1764756000,102.43519206451606,102.505,102.417,102.453,102.5,101.6,102.05,NaN,NaN,NaN,NaN,NaN,102.38681179458817,102.4580966108452,102.31552697833114,102.52938142710224,102.2442421620741,102.36351249999926,102.49944028410887,102.22758471588965,102.36351249999926,102.43147639205407,102.29554860794445,102.18927729093834,102.34205554251622,99.7020132812506,101.4931289062498,101.68094125000152,102.05934999999907,102.36351249999926,0.13413221192690944,67.43379065598666,66.76030464137408,NaN,NaN,NaN,NaN,-0.006568909130030082,0.09255717404506925,0.09912608317509933,85.10101010101039,83.54096520763174
1764759600,102.44409603225803,102.466,102.37,102.42825,102.5,101.6,102.05,NaN,NaN,NaN,NaN,NaN,102.38926600395831,102.4585483469647,102.31998366095192,102.5278306899711,102.25070131794553,102.36663749999926,102.50547008798769,102.22780491201082,102.36663749999926,102.43605379399347,102.29722120600505,102.19864876972507,102.34989140228747,99.70565820312561,101.4973312499998,101.68580000000152,102.06300937499908,102.36663749999926,0.13140848250355802,63.77316345645612,66.46283614566332,NaN,NaN,NaN,NaN,-0.009034596238750608,0.08783283787666107,0.09686743411541168,85.10101010101039,84.28731762065104
1764763200,102.43617301612902,102.446,102.364,102.40424999999999,102.5,101.6,102.05,NaN,NaN,NaN,NaN,NaN,102.39046498927678,102.4571394580942,102.32379052045935,102.52381392691163,102.25711605164193,102.37218749999927,102.5076757743135,102.23669922568504,102.37218749999927,102.43993163715638,102.30444336284216,102.20671156306918,102.35483309298861,99.7093517578131,101.5017539062498,101.69101875000152,102.06706874999908,102.37218749999927,0.12787930518187485,60.35187704324981,65.87611686993282,NaN,NaN,NaN,NaN,-0.012521178524492901,0.08121596095979555,0.09373713948428845,82.5252525252525,84.24242424242443
1764766800,102.42021150806451,102.491,102.36,102.43275,102.5,101.6,102.05,NaN,NaN,NaN,NaN,NaN,102.39479509555927,102.45863023079725,102.3309599603213,102.52246536603523,102.26712482508331,102.38129999999927,102.50698578124039,102.25561421875815,102.38129999999927,102.44414289061983,102.31845710937871,102.21557581549784,102.36191644817147,99.7132113281256,101.50643906249981,101.69626500000152,102.07157187499908,102.38129999999927,0.1281022119545981,62.89738409338353,65.28065091325142,NaN,NaN,NaN,NaN,-0.013085900075383294,0.07737976439005934,0.09046566446544263,81.16161616161584,82.92929292929291
1764770400,102.42648075403226,102.493,102.104,102.34325,102.5,101.6,102.05,NaN,NaN,NaN,NaN,NaN,102.3833150360452,102.44890857308413,102.31772149900628,102.51450211012305,102.25212796196736,102.38606249999927,102.49760609005092,102.27451890994762,102.38606249999927,102.44183429502509,102.33029070497345,102.22058264626263,102.3602194983377,99.7170888671881,101.51063828124981,101.70112625000152,102.07490312499907,102.38606249999927,0.14673776824355508,51.676912943920996,64.6841385626933,NaN,NaN,NaN,NaN,-0.01929031120387345,0.06635277546060081,0.08564308666447426,73.07392661407171,78.92026510031336
1764774000,102.38486537701613,102.507,102.28,102.37525000000001,102.5,101.6,102.05,NaN,NaN,NaN,NaN,NaN,102.3837815288722,102.44554614726414,102.32201691048027,102.50731076565607,102.26025229208834,102.38946249999927,102.49518303952999,102.28374196046855,102.38946249999927,102.44232276976463,102.33660223023391,102.2266480326837,102.36158590757972,99.72095156250059,101.5151164062498,101.70740750000152,102.07934999999907,102.38946249999927,0.15247078479758716,54.782854495229635,64.23622303696871,NaN,NaN,NaN,NaN,-0.020906512341888367,0.05950994623711381,0.08041645857900218,69.197694708644,74.47774582811051
1764777600,102.38005768850806,102.433,102.242,102.33875,102.5,101.6,102.05,NaN,NaN,NaN,NaN,NaN,102.3804570330261,102.44111817541491,102.3197958906373,102.50177931780372,102.25913474824848,102.39032499999927,102.49407676195449,102.28657323804404,102.39032499999927,102.44220088097688,102.33844911902165,102.23104418826473,102.35950991598156,99.72465585937559,101.5195726562498,101.71386250000153,102.08406249999908,102.39032499999927,0.1552228715977597,50.774108969616925,63.16132294393681,NaN,NaN,NaN,NaN,-0.02388604821290434,0.05055889831287175,0.07444494652577609,60.44201135442095,67.57121089237889
1764781200,102.35940384425403,102.363,102.242,102.3005,102.5,101.6,102.05,NaN,NaN,NaN,NaN,NaN,102.376371034305,102.43795918891482,102.31478287969517,102.49954734352464,102.25319472508535,102.38914999999926,102.49635452697913,102.28194547301939,102.38914999999926,102.4427522634892,102.33554773650933,102.23376794558769,102.35414537816506,99.7282732421881,101.5239281249998,101.72003000000151,102.08789999999907,102.38914999999926,0.15277838076934794,46.90092194102645,61.68955859882847,NaN,NaN,NaN,NaN,-0.027621143464719056,0.03991851719487727,0.06753966065959632,56.97485806974959,62.20485471093818
1764784800,102.32995192212701,102.392,102.294,102.34575000000001,102.5,101.6,102.05,NaN,NaN,NaN,NaN,NaN,102.37473960230565,102.43517727986396,102.31430192474734,102.49561495742228,102.25386424718903,102.38969999999927,102.49589058621264,102.2835094137859,102.38969999999927,102.44279529310596,102.33660470689257,102.2381593987019,102.35338216196824,99.73190800781308,101.5285640624998,101.72760750000153,102.09256562499907,102.38969999999927,0.148865639285823,51.60424938792049,60.46520600730027,NaN,NaN,NaN,NaN,-0.02624227973183646,0.03473681099480075,0.06097909072663721,54.582319545824305,57.33306298999829
1764788400,102.33785096106351,102.415,102.33785096106351,102.38575,102.5,101.6,102.05,NaN,NaN,NaN,NaN,NaN,102.37485497312575,102.43456551336503,102.31514443288647,102.49427605360431,102.25543389264719,102.38988749999926,102.49603627520115,102.28373872479737,102.38988749999926,102.4429618876002,102.33681311239832,102.24394726541946,102.35632469269841,99.73556171875057,101.5337210937498,101.73500375000152,102.09840312499907,102.38988749999926,0.14374302497515684,55.36775891931759,59.38329541372969,NaN,NaN,NaN,NaN,-0.022005599167804313,0.03347209176688182,0.05547769093468613,58.84777389368926,56.80165050308772
1764792000,102.36180048053176,102.488,102.36180048053176,102.4445,102.5,101.6,102.05,NaN,NaN,NaN,NaN,NaN,102.37614924888136,102.43577593476276,102.31652256299996,102.49540262064416,102.25689587711857,102.39783749999927,102.49495550799905,102.30071949199949,102.39783749999927,102.44639650399917,102.34927849599937,102.25181207854027,102.36434062972583,99.73926738281308,101.53974062499981,101.74255250000151,102.10526562499908,102.39783749999927,0.1424899174389488,60.25637397299625,58.79064714502732,NaN,NaN,NaN,NaN,-0.014953051766706693,0.036786376226302764,0.05173942799300946,71.07480594648077,61.501633128664785
1764795600,102.40315024026589,102.526,102.40315024026589,102.48275,102.5,101.6,102.05,NaN,NaN,NaN,NaN,NaN,102.37767537104592,102.43800596524267,102.31734477684918,102.49833655943941,102.25701418265244,102.40694999999926,102.49993852406632,102.31396147593219,102.40694999999926,102.45344426203279,102.36045573796572,102.26086846761712,102.37510511793258,99.74304960937557,101.5461820312498,101.7495387500015,102.11207499999907,102.40694999999926,0.14108704903146022,63.09089033071619,58.6621690141949,NaN,NaN,NaN,NaN,-0.007779460851688215,0.04201510192839919,0.049794562780087405,81.38521711178784,70.43593231731928
1764799200,102.44295012013293,102.471,102.396,102.44225,102.526,102.02,102.273,NaN,NaN,NaN,NaN,NaN,102.43641666666667,102.43641666666667,102.43641666666667,102.43641666666667,102.43641666666667,102.41024999999927,102.50333074776677,102.31716925223176,102.41024999999927,102.45679037388302,102.36370962611551,102.26798146888703,102.38120919812053,99.74687187500058,101.55171015624981,101.75684875000152,102.11677812499907,102.41024999999927,0.13720583124349842,58.345952958588214,58.13832800900532,NaN,NaN,NaN,NaN,-0.005913963757457168,0.042402108083265944,0.04831607184072311,84.79884280220656,79.08628862015838
1764802800,102.44260006006647,102.469,102.38,102.43074999999999,102.526,102.02,102.273,NaN,NaN,NaN,NaN,NaN,102.429547625969,102.43406003614537,102.42503521579262,102.43857244632174,102.42052280561624,102.41148749999925,102.5049665751557,102.3180084248428,102.41148749999925,102.45822703757747,102.36474796242103,102.27436454853851,102.3857129073823,99.75070273437557,101.55636406249981,101.76545875000151,102.11920312499907,102.41148749999925,0.13376255758324843,57.03427490097844,57.44932243352766,NaN,NaN,NaN,NaN,-0.0056090781050952485,0.04130472420935405,0.0469138023144493,82.44470774091594,82.87625588497012
1764806400,102.43667503003323,102.605,102.41,102.494,102.526,102.02,102.273,NaN,NaN,NaN,NaN,NaN,102.47598447913325,102.51150918590174,102.44045977236475,102.54703389267024,102.40493506559625,102.41477499999925,102.51477786556791,102.3147721344306,102.41477499999925,102.46477643278358,102.36477356721493,102.28297770349779,102.39555718852937,99.75457304687556,101.56054062499982,101.77362625000151,102.12156249999909,102.41477499999925,0.13813666061301694,62.08316551482361,57.06713492344459,NaN,NaN,NaN,NaN,-0.0015151814861608728,0.04501982545674821,0.04653500694290908,78.47574992195655,81.9064334883597
1764810000,102.46533751501661,102.63,102.46533751501661,102.55875,102.526,102.02,102.273,102.526,NaN,NaN,NaN,NaN,102.50979102815056,102.5556319717544,102.46395008454672,102.60147291535823,102.41810914094289,102.41967499999926,102.53641211111346,102.30293788888505,102.41967499999926,102.47804355555637,102.36130644444215,102.29379230336062,102.41039289866306,99.75851601562557,101.56475390624982,101.7809875000015,102.12484374999909,102.41967499999926,0.14003136235375727,66.43191427624143,57.2570456962864,NaN,NaN,NaN,NaN,0.004838164876498616,0.05258271303853235,0.04774454816203373,80.57586465114174,80.49877410467143
1764813600,102.51204375750831,102.714,102.51204375750831,102.63650000000001,102.526,102.02,102.273,NaN,NaN,NaN,NaN,NaN,102.54486704879712,102.60892014050346,102.48081395709077,102.6729732322098,102.41676086538443,102.42922499999926,102.57933153919974,102.27911846079878,102.42922499999926,102.5042782695995,102.35417173039903,102.30723182087588,102.4309480896937,99.76249160156308,101.56958124999981,101.7889737500015,102.12907812499908,102.42922499999926,0.1444545680778953,70.76746291624723,58.001016115786214,NaN,NaN,NaN,NaN,0.013093240124188589,0.06411109831726947,0.05101785819308088,83.86458865601192,80.97206774303675
1764817200,102.57427187875416,102.743,102.57427187875416,102.695,102.526,102.02,102.273,NaN,NaN,NaN,NaN,NaN,102.5715657045115,102.64825314747686,102.49487826154613,102.72494059044223,102.41819081858077,102.44313749999927,102.63248872782438,102.25378627217415,102.44313749999927,102.53781311391182,102.34846188608671,102.32243841613565,102.45495280881245,99.76649589843808,101.57477578124983,101.7975225000015,102.13449374999908,102.44313749999927,0.14618839330417668,73.53693956495599,58.760984363755675,NaN,NaN,NaN,NaN,0.020849205337830794,0.07707936486536937,0.05623015952753858,88.74590583386289,84.39545304700552
1764820800,102.63463593937708,102.838,102.63463593937708,102.75999999999999,102.526,102.02,102.273,NaN,NaN,NaN,NaN,NaN,102.59366033136439,102.6856098966788,102.50171076604998,102.7775594619932,102.40976120073557,102.45972499999925,102.6937962458039,102.22565375419461,102.45972499999925,102.57676062290157,102.34268937709693,102.33959769393425,102.48268437164768,99.77053593750057,101.58020703124983,101.80649125000151,102.14063124999907,102.45972499999925,0.15027236954122955,76.23142877343827,60.51487835157833,NaN,NaN,NaN,NaN,0.028253052797360872,0.09154647552423967,0.0632934227268788,88.89869885195492,87.16973111394326
1764824400,102.69731796968853,102.852,102.588,102.721,102.526,102.02,102.273,NaN,NaN,NaN,NaN,NaN,102.6070776050482,102.70236022057804,102.51179498951836,102.79764283610788,102.41651237398852,102.47364999999927,102.73366405848044,102.21363594151809,102.47364999999927,102.60365702923986,102.34364297075868,102.3545546471133,102.50434942877062,99.77457089843807,101.58554453124982,101.8151662500015,102.14609062499908,102.47364999999927,0.1583957717168567,71.52562335828458,61.71079041322512,NaN,NaN,NaN,NaN,0.028346646292806338,0.09872673059288672,0.07038008430008039,85.97520158419458,87.87326875667081
1764828000,102.70915898484427,102.70915898484427,102.617,102.65475,102.526,102.02,102.273,NaN,NaN,NaN,NaN,NaN,102.61060962610914,102.70362483947584,102.51759441274244,102.79664005284253,102.42457919937574,102.48373749999925,102.75516785477807,102.21230714522044,102.48373749999925,102.61945267738867,102.34802232260984,102.36632701389317,102.51802220797329,99.77857187500057,101.59074921874982,101.8229762500015,102.15267499999908,102.48373749999925,0.15451035945136687,64.26790655458495,62.674633097865694,NaN,NaN,NaN,NaN,0.022049768821150534,0.09794229532651855,0.07589252650536801,77.70042542267198,84.19144195294051
1764831600,102.68195449242214,102.739,102.636,102.68725,102.526,102.02,102.273,NaN,NaN,NaN,NaN,NaN,102.62006440667689,102.71074852441191,102.52938028894187,102.80143264214693,102.43869617120684,102.49668749999925,102.78071447493005,102.21266052506846,102.49668749999925,102.63870098746466,102.35467401253385,102.37891222903461,102.53340655270298,99.78259277343807,101.5961265624998,101.83058000000148,102.15928749999907,102.49668749999925,0.15083104806198414,66.08593381787597,64.04499108906923,NaN,NaN,NaN,NaN,0.018329299092115142,0.09880415037051193,0.08047485127839679,72.2211449948101,78.63225733389224
1764835200,102.68460224621107,102.714,102.375,102.56475,102.526,102.02,102.273,NaN,NaN,NaN,NaN,NaN,102.6107327396169,102.69827421045939,102.52319126877443,102.78581568130187,102.43564979793194,102.50471249999927,102.78690265304331,102.22252234695523,102.50471249999927,102.64580757652129,102.36361742347725,102.38619998475875,102.53625595700271,99.78647773437557,101.6012124999998,101.83743000000149,102.16619999999908,102.50471249999927,0.16427168748612805,54.773634212656006,64.27137571940747,NaN,NaN,NaN,NaN,0.006485190921818457,0.08858133993066986,0.0820961490088514,60.756610179122355,70.22606019886815
1764838800,102.62467612310553,102.62467612310553,102.412,102.4485,102.526,102.02,102.273,NaN,NaN,102.526,NaN,NaN,102.59798316193529,102.6881556710513,102.50781065281927,102.77832818016732,102.41763814370326,102.50549999999926,102.78696944880832,102.2240305511902,102.50549999999926,102.64623472440378,102.36476527559473,102.38864312261134,102.52827814272973,99.79026171875056,101.60621249999981,101.8440000000015,102.17248437499907,102.50549999999926,0.1677291471732278,46.61833048160343,63.64641654528504,NaN,NaN,NaN,NaN,-0.009445689383747416,0.07028903727916713,0.07973472666291455,44.09749130930615,59.02508216107955
1764842400,102.53658806155276,102.53658806155276,102.294,102.37049999999999,102.526,102.02,102.273,NaN,NaN,NaN,NaN,NaN,102.58712114699019,102.68567436963622,102.48856792434415,102.78422759228225,102.39001470169812,102.50686249999926,102.78542598017206,102.22829901982645,102.50686249999926,102.64614424008566,102.36758075991285,102.38793162760697,102.51393467520884,99.79399980468806,101.61108124999981,101.8498775000015,102.17904062499909,102.50686249999926,0.17307621248605193,42.09004030321244,62.348821283157626,NaN,NaN,NaN,NaN,-0.024640401941821877,0.0489342242356372,0.07357462617745908,25.175746984335472,43.343282824254665
1764846000,102.45354403077638,102.45354403077638,102.1,102.22149999999999,102.526,102.02,102.273,NaN,NaN,NaN,NaN,NaN,102.55886765566923,102.69065836774188,102.42707694359659,102.82244907981452,102.29528623152395,102.49917499999927,102.79948018327345,102.1988698167251,102.49917499999927,102.64932759163635,102.34902240836219,102.38140489711259,102.48734970473531,99.79753437500055,101.61538906249982,101.8549175000015,102.18493749999908,102.49917499999927,0.18596677093536185,35.08009481835809,60.34805017513205,NaN,NaN,NaN,NaN,-0.0430520605481306,0.01975955049229583,0.06281161104042643,15.851056709917268,28.374765001186315
1764849600,102.33752201538819,102.33752201538819,102.15,102.19824999999999,102.526,102.02,102.273,NaN,NaN,NaN,NaN,NaN,102.53094819891048,102.68696808738362,102.37492831043734,102.84298797585676,102.2189084219642,102.49214999999924,102.81300781215475,102.17129218784373,102.49214999999924,102.652578906077,102.33172109392149,102.37422235212777,102.46106791339574,99.80096699218805,101.6196124999998,101.85999875000148,102.19000937499908,102.49214999999924,0.18607785982484906,34.12503670505831,58.61798472845135,NaN,NaN,NaN,NaN,-0.05439167346731555,-0.005177980793718007,0.04921369267359754,14.310583962479134,18.445795885577308
1764853200,102.26788600769409,102.402,102.208,102.27875,102.526,102.02,102.273,NaN,NaN,NaN,NaN,NaN,102.50834447135925,102.67202690545024,102.34466203726826,102.83570933954122,102.18097960317728,102.49106249999925,102.81464706775272,102.16747793224577,102.49106249999925,102.65285478387598,102.32927021612251,102.37047833831885,102.44449355763248,99.80446230468806,101.62397812499981,101.86556250000149,102.19663437499908,102.49106249999925,0.18734015555164654,40.19599076049056,57.41525014698793,NaN,NaN,NaN,NaN,-0.053959171663820624,-0.01823527190617824,0.03572389975764238,17.664007092198293,15.941882588198245
1764856800,102.27331800384704,102.383,102.262,102.31575000000001,102.526,102.02,102.273,NaN,NaN,NaN,NaN,NaN,102.48701135210909,102.65227119733409,102.3217515068841,102.81753104255908,102.1564916616591,102.48956249999927,102.81609231865674,102.16303268134179,102.48956249999927,102.652827409328,102.32629759067053,102.36833212897301,102.43278959784772,99.80801445312555,101.6283124999998,101.8709862500015,102.20309374999907,102.48956249999927,0.18260157301224286,42.805054778372806,56.03824223724144,NaN,NaN,NaN,NaN,-0.048823893384179085,-0.025305966972581473,0.02351792641159761,21.84175531914933,17.93878212460893
1764860400,102.29453400192352,102.463,102.29453400192352,102.36574999999999,102.526,102.02,102.273,NaN,NaN,NaN,NaN,NaN,102.47659559148795,102.63736960150628,102.31582158146962,102.79814361152461,102.15504757145129,102.48856249999926,102.8164774622645,102.16064753773402,102.48856249999926,102.65251998113187,102.32460501886665,102.36823086901329,102.42669508895247,99.81170195312555,101.6324984374998,101.8763937500015,102.21040937499909,102.48856249999926,0.18159188908825913,46.21958934198707,54.59450474193756,NaN,NaN,NaN,NaN,-0.04006929653155385,-0.026568694252844693,0.01350060227870915,29.26640070922033,22.924054373522665
1764864000,102.33014200096176,102.528,102.33014200096176,102.43825,102.526,102.02,102.273,NaN,NaN,NaN,NaN,NaN,102.47303988045064,102.6277225979866,102.31835716291468,102.78240531552257,102.16367444537872,102.48824999999927,102.81634419469319,102.16015580530535,102.48824999999927,102.65229709734623,102.3242029026523,102.37097671728728,102.42774553541133,99.81557304687556,101.6369460937498,101.8820687500015,102.21838749999908,102.48824999999927,0.18275375408468694,50.80566914891092,53.16866232998496,NaN,NaN,NaN,NaN,-0.027977887880636806,-0.021471757572086858,0.0065061303085499475,36.33643617021289,29.148197399527533
1764867600,102.38419600048087,102.53,102.38419600048087,102.50399999999999,102.526,102.02,102.273,NaN,NaN,NaN,NaN,NaN,102.47302532994874,102.62400865129526,102.32204200860222,102.77499197264177,102.17105868725571,102.48931249999926,102.81746619491074,102.16115880508778,102.48931249999926,102.65338934745499,102.32523565254353,102.37619331660935,102.43467775946485,99.81950000000055,101.64192578124981,101.88877875000149,102.22761249999908,102.48931249999926,0.18011448590143297,54.58776719753563,51.815150018026365,NaN,NaN,NaN,NaN,-0.014795883825887556,-0.011988724473809498,0.002807159352078058,44.68085106382902,36.76122931442077
1764871200,102.44409800024043,102.535,102.44409800024043,102.51425,102.526,102.02,102.273,NaN,NaN,NaN,NaN,NaN,102.47415516555063,102.62174355577639,102.32656677532486,102.76933194600215,102.1789783850991,102.49291249999926,102.82050127800642,102.16532372199211,102.49291249999926,102.65670688900285,102.32911811099568,102.3816073041933,102.4419115995135,99.82339921875055,101.64706796874981,101.8960250000015,102.23804062499909,102.49291249999926,0.17374216546272822,55.16644088361247,50.310508025895956,NaN,NaN,NaN,NaN,-0.005129495664883937,-0.003604710229026864,0.0015247854358570738,51.26329787234014,44.09352836879403
1764874800,102.47917400012022,102.536,102.423,102.505,102.526,102.02,102.273,NaN,NaN,NaN,NaN,NaN,102.47477887379446,102.61903311946055,102.33052462812837,102.76328736512664,102.18627038246228,102.49662499999927,102.8229923744428,102.17025762555573,102.49662499999927,102.65980868722103,102.33344131277751,102.38644623344062,102.44764690864864,99.82727734375054,101.65223203124981,101.90290125000149,102.24842499999909,102.49662499999927,0.1694034393582476,54.49161288671659,49.09379299221253,NaN,NaN,NaN,NaN,0.0005938912361483026,0.002267149481042452,0.0016732582448941494,57.396707371890464,51.113618769353224
1764878400,102.49208700006011,102.578,102.472,102.536,102.526,102.02,102.273,102.526,NaN,NaN,NaN,NaN,102.47664802795927,102.61872098971341,102.33457506620513,102.76079395146755,102.192502104451,102.49872499999927,102.82553797878475,102.17191202121379,102.49872499999927,102.66213148939201,102.33531851060653,102.39231108703119,102.4556790078624,99.83120273437554,101.65727968749982,101.90964500000149,102.25986874999909,102.49872499999927,0.16487462226123054,56.41581929697252,48.532929616668774,NaN,NaN,NaN,NaN,0.0061131593076524555,0.009314707379459719,0.0032015480718072635,62.23277658464573,56.964260609625455
1764882000,102.51404350003006,102.583,102.506,102.54925,102.526,102.02,102.273,NaN,NaN,NaN,NaN,NaN,102.47776643502652,102.6189613836268,102.33657148642625,102.76015633222707,102.19537653782598,102.49824999999926,102.82474008500533,102.17175991499319,102.49824999999926,102.6614950425023,102.33500495749622,102.39846555420644,102.46418546169309,99.83512539062554,101.66247812499981,101.9159700000015,102.27196874999909,102.49824999999926,0.15859786352828537,57.247883242303416,47.90164028984217,NaN,NaN,NaN,NaN,0.01006846383938297,0.015787127871035977,0.005718664031653007,68.25988200890701,62.629788655147756
1764885600,102.53164675001503,102.53164675001503,102.435,102.48700000000001,102.852,102.1,102.476,NaN,NaN,NaN,NaN,NaN,102.48454891667167,102.48454891667167,102.48454891667167,102.48454891667167,102.48454891667167,102.49077499999926,102.811048278798,102.17050172120052,102.49077499999926,102.65091163939863,102.33063836059989,102.40193749325717,102.46625951063008,99.83904882812553,101.66746640624982,101.92179125000149,102.28271249999908,102.49077499999926,0.1554301589905506,52.20532649524516,47.71818973859854,NaN,NaN,NaN,NaN,0.007994981040060349,0.015712390331728443,0.007717409291668094,71.71971769398202,67.40412542917828
1764889200,102.50932337500751,102.538,102.47,102.49175000000001,102.852,102.1,102.476,NaN,NaN,NaN,NaN,NaN,102.49562955494966,102.50252186460351,102.48873724529581,102.50941417425736,102.48184493564196,102.48061249999928,102.78691380177452,102.17431119822405,102.48061249999928,102.63376315088689,102.32746184911167,102.40545955234512,102.46857682784552,99.84302675781302,101.67210859374981,101.92762250000149,102.29297499999907,102.48061249999928,0.14918514763408255,52.54878763863381,48.14179382124356,NaN,NaN,NaN,NaN,0.006509027830023578,0.015853694079197567,0.009344666249173988,76.01173388128382,71.9971111947243
1764892800,102.50053668750377,102.575,102.434,102.48475,102.852,102.1,102.476,NaN,NaN,NaN,NaN,NaN,102.49726738358615,102.50108172487623,102.49345304229607,102.50489606616631,102.48963870100599,102.46684999999927,102.7451570437577,102.18854295624084,102.46684999999927,102.60600352187849,102.32769647812005,102.40856898166491,102.4700471162232,99.84697910156302,101.6766999999998,101.93356000000149,102.30257187499907,102.46684999999927,0.14860049423164848,51.95623774927282,48.846522210247876,NaN,NaN,NaN,NaN,0.004704529965991067,0.015225328706662822,0.010520798740671754,78.17527809800784,75.30224322442457
1764896400,102.4926433437519,102.59,102.44,102.5,102.852,102.1,102.476,NaN,NaN,NaN,NaN,NaN,102.50240867689239,102.50931545690246,102.49550189688232,102.51622223691253,102.48859511687225,102.45579999999927,102.70931082936704,102.2022891706315,102.45579999999927,102.58255541468316,102.32904458531539,102.4121545117957,102.47277010565746,99.85094003906303,101.6811867187498,101.93949250000149,102.31153749999909,102.45579999999927,0.1487004589293883,53.19450823096407,50.14040888257688,NaN,NaN,NaN,NaN,0.004204189688402717,0.015776035851175152,0.011571846162772435,80.10383336470404,78.09694844799857
1764900000,102.49632167187595,102.611,102.49632167187595,102.56025000000001,102.852,102.1,102.476,NaN,NaN,NaN,NaN,NaN,102.51677731227254,102.54119870444752,102.49235592009755,102.56562009662251,102.46793452792257,102.45107499999926,102.69282730735169,102.20932269264684,102.45107499999926,102.57195115367547,102.33019884632306,102.4179621779998,102.48072282332497,99.85495019531302,101.6863484374998,101.9455000000015,102.32101874999907,102.45107499999926,0.14627030672900748,57.81999102485279,51.83290561970506,NaN,NaN,NaN,NaN,0.007409711457473619,0.02083398548461446,0.01342427402714084,82.20359584314787,80.16090243528659
1764903600,102.52828583593798,102.62,102.52828583593798,102.58425,102.852,102.1,102.476,NaN,NaN,NaN,NaN,NaN,102.52637398200933,102.55788462743891,102.49486333657975,102.58939527286849,102.46335269115018,102.44592499999926,102.6711570539187,102.22069294607982,102.44592499999926,102.55854102695899,102.33330897303954,102.42448326905863,102.49013438484089,99.85894375000052,101.69215156249982,101.9517712500015,102.33125624999909,102.44592499999926,0.14237343939565164,59.53542540587403,53.21429380866102,NaN,NaN,NaN,NaN,0.010439678470268825,0.02647387211497687,0.016034193644708046,85.65545630557308,82.65429517114167
1764907200,102.556267917969,102.624,102.453,102.55625,102.852,102.1,102.476,NaN,NaN,NaN,NaN,NaN,102.5294092447218,102.55892934599846,102.49988914344515,102.58844944727512,102.47036904216849,102.44549999999927,102.66986399133185,102.22113600866669,102.44549999999927,102.55768199566556,102.33331800433298,102.42965059184064,102.4961448953099,99.86289082031303,101.69793046874982,101.9578050000015,102.34174687499907,102.44549999999927,0.1444181937245331,56.64120628022183,54.20259034450738,NaN,NaN,NaN,NaN,0.009858462627817217,0.028357271929479566,0.01849880930166235,85.61911187061268,84.4927213397779
1764910800,102.5562589589845,102.5562589589845,102.33,102.4515,102.852,102.1,102.476,NaN,NaN,NaN,NaN,NaN,102.51552816690996,102.55667171486729,102.47438461895263,102.59781526282462,102.4332410709953,102.44564999999928,102.67002582447203,102.22127417552652,102.44564999999928,102.55783791223566,102.3334620877629,102.4305074313763,102.49208626846354,99.86675761718803,101.70310937499981,101.9629687500015,102.35083749999907,102.44564999999928,0.15026396267167375,47.36457533266175,54.284375058127004,NaN,NaN,NaN,NaN,0.0021238204983084277,0.021153584924547886,0.019029764426239458,70.25897277775395,80.51118031797992
1764914400,102.50387947949224,102.50387947949224,102.344,102.40575,102.852,102.1,102.476,NaN,NaN,NaN,NaN,NaN,102.49931464395152,102.55158441997547,102.44704486792757,102.60385419599942,102.39477509190363,102.44741249999927,102.66994560425029,102.22487939574826,102.44741249999927,102.55867905212479,102.33614594787376,102.42953655171448,102.48423751678503,99.87060214843804,101.70808281249982,101.9680175000015,102.35981874999908,102.44741249999927,0.15095078530171469,43.97688286550705,53.796604609312446,NaN,NaN,NaN,NaN,-0.005928586372991224,0.011619031460000429,0.017547617832991653,48.842752658421965,68.24027910226289
1764918000,102.45481473974613,102.47,102.292,102.406,102.852,102.1,102.476,NaN,NaN,NaN,NaN,NaN,102.48466889153251,102.54602493590083,102.42331284716418,102.60738098026916,102.36195680279586,102.45663749999929,102.65492085150038,102.2583541484982,102.45663749999929,102.55577917574983,102.35749582424874,102.42861354968646,102.47712501525912,99.87445156250052,101.71300078124982,101.97276375000149,102.36832499999907,102.45663749999929,0.15288287206587772,44.000453345977945,53.04036790562975,NaN,NaN,NaN,NaN,-0.010808916570956676,0.004036472119295809,0.014845388690252485,33.80972871076194,50.970484715645966
1764921600,102.43040736987307,102.701,102.412,102.54250000000002,102.852,102.1,102.476,NaN,NaN,NaN,NaN,NaN,102.49446411546113,102.55592537659025,102.433002854332,102.61738663771938,102.37154159320288,102.47384999999929,102.63587734521079,102.31182265478779,102.47384999999929,102.55486367260504,102.39283632739354,102.43307968499288,102.48306819569011,99.87839511718803,101.71864609374983,101.97874250000149,102.37783124999908,102.47384999999929,0.1630340954897427,55.106550513490774,53.03609002204963,NaN,NaN,NaN,NaN,-0.0047254231876350285,0.0089386097057087,0.013664032893343728,40.44986642844261,41.03411593254219
1764925200,102.48645368493655,102.743,102.48645368493655,102.667,102.852,102.1,102.476,NaN,NaN,NaN,NaN,NaN,102.50305539234135,102.57125275647891,102.43485802820379,102.63945012061647,102.36666066406623,102.49326249999929,102.65008744215105,102.33643755784753,102.49326249999929,102.57167497107517,102.41485002892341,102.44225303067942,102.4997892688092,99.88246562500053,101.72475078124982,101.98578000000148,102.38804999999907,102.49326249999929,0.1697135397450072,62.42610373684851,53.60283936848763,NaN,NaN,NaN,NaN,0.007156033865704889,0.02260907522547484,0.01545304135976995,59.57761730706496,44.612404148756525
1764928800,102.57672684246828,102.956,102.57672684246828,102.822,102.852,102.1,102.476,NaN,NaN,NaN,NaN,NaN,102.52274658368142,102.62015420323122,102.42533896413163,102.71756182278102,102.32793134458183,102.51857499999929,102.71181760165224,102.32533239834633,102.51857499999929,102.61519630082576,102.42195369917282,102.457145068692,102.52908115346291,99.88672480468804,101.73122031249981,101.9935525000015,102.39940624999907,102.51857499999929,0.1846820838726301,69.1663219877863,54.51358956068861,NaN,NaN,NaN,NaN,0.02397882530803471,0.04542657299481334,0.02144774768677863,74.73825987734543,58.255247870951
1764932400,102.69936342123414,102.965,102.69936342123414,102.89325,102.852,102.1,102.476,102.852,NaN,NaN,NaN,NaN,102.53572174631428,102.65072471539125,102.42071877723731,102.76572768446822,102.30571580816034,102.54494999999926,102.78570987128958,102.30419012870894,102.54494999999926,102.66532993564442,102.4245700643541,102.47424722286094,102.56218741223901,99.89107792968805,101.73834374999981,102.0018762500015,102.41122187499907,102.54494999999926,0.1904645477935754,71.68111226759083,55.54453449106628,NaN,NaN,NaN,NaN,0.037617488952036975,0.06846960887682485,0.030852119924787876,84.10220581392856,72.806027666113
1764936000,102.79630671061707,103.025,102.79630671061707,102.93575,102.852,102.1,102.476,NaN,NaN,NaN,NaN,NaN,102.55238762177146,102.68935790145322,102.4154173420897,102.82632818113498,102.27844706240793,102.56982499999927,102.85923509504832,102.28041490495022,102.56982499999927,102.7145300475238,102.42511995247474,102.49234537098404,102.59614764749001,99.89544843750055,101.7461835937498,102.0105500000015,102.42360624999908,102.56982499999927,0.19319517219281515,73.09093279039593,57.036363512148476,NaN,NaN,NaN,NaN,0.04662494599250512,0.08913330241541928,0.04250835642291416,85.6606898658402,81.50038518570473
1764939600,102.86602835530854,103.128,102.86602835530854,103.05199999999999,102.852,102.1,102.476,NaN,NaN,NaN,NaN,NaN,102.58151944253929,102.75535378765822,102.40768509742036,102.92918813277716,102.23385075230142,102.59722499999927,102.95273466669357,102.24171533330497,102.59722499999927,102.77497983334642,102.41947016665212,102.51429261133761,102.63758877044546,99.89992421875054,101.7541828124998,102.0197875000015,102.43697812499906,102.59722499999927,0.19810777737128954,76.53240962430864,58.74947936826811,NaN,NaN,NaN,NaN,0.05685775169645232,0.11358054604347956,0.05672279434702724,89.35729446605895,86.37339671527592
1764943200,102.95901417765427,103.143,102.95901417765427,103.087,102.852,102.1,102.476,NaN,NaN,NaN,NaN,NaN,102.61674066441515,102.82584789675191,102.40763343207838,103.03495512908867,102.19852619974162,102.62586249999927,103.037815940925,102.21390905907354,102.62586249999927,102.83183922046214,102.4198857795364,102.53675172461848,102.6784443367686,99.90441816406305,101.76228671874982,102.0294337500015,102.44998437499908,102.62586249999927,0.19709906629803547,77.46680100841,60.57166245820648,NaN,NaN,NaN,NaN,0.06200738611737272,0.13423202699374315,0.07222464087637043,90.71753609537534,88.5785068090915
1764946800,103.02300708882714,103.191,103.02300708882714,103.1325,102.852,102.1,102.476,NaN,NaN,NaN,NaN,NaN,102.65573607760612,102.89705729547812,102.41441485973412,103.13837851335012,102.17309364186212,102.65723749999927,103.12003641691155,102.19443858308699,102.65723749999927,102.88863695845541,102.42583804154313,102.56011440208442,102.71972212433509,99.90892285156305,101.77055703124981,102.03971625000149,102.46274999999908,102.65723749999927,0.19502005521766577,78.6565438696986,62.39037928954467,NaN,NaN,NaN,NaN,0.06422979300409719,0.15251188213149192,0.08828208912739473,92.60712237207805,90.89398431117077
1764950400,103.07775354441357,103.136,102.947,103.05775,102.852,102.1,102.476,NaN,NaN,NaN,NaN,NaN,102.6823799991189,102.93532678462003,102.42943321361776,103.18827357012117,102.17648642811662,102.68332499999926,103.17383794898905,102.19281205100947,102.68332499999926,102.92858147449415,102.43806852550436,102.57962952357131,102.75045193121372,99.91338515625054,101.7780703124998,102.04987125000149,102.47364062499908,102.68332499999926,0.19459005127354628,71.93661413167129,63.398709511460275,NaN,NaN,NaN,NaN,0.05668050137615668,0.1591327158475906,0.1024522144714339,90.69675057850289,91.34046968198543
1764954000,103.06775177220678,103.126,102.988,103.05975000000001,102.852,102.1,102.476,NaN,NaN,NaN,NaN,NaN,102.70233523236429,102.96248502193473,102.44218544279386,103.22263481150516,102.18203565322342,102.70884999999927,103.22143246713266,102.19626753286589,102.70884999999927,102.96514123356597,102.45255876643257,102.59845777754892,102.77856993746701,99.91783457031303,101.78520390624982,102.0604800000015,102.48449062499908,102.70884999999927,0.19054790475400765,72.00552784272395,64.28943111409241,NaN,NaN,NaN,NaN,0.04817106414032539,0.16266604464684065,0.11449498050651526,88.0237300704484,90.4425343403431
1764957600,103.06375088610339,103.122,103.056,103.09275,102.852,102.1,102.476,NaN,NaN,NaN,NaN,NaN,102.72020050804244,102.98698144281293,102.45341957327194,103.25376237758343,102.18663863850145,102.73913749999926,103.2670615594079,102.21121344059061,102.73913749999926,103.00309952970358,102.47517547029494,102.61784178627249,102.80713176133365,99.92225234375054,101.79198593749982,102.07122750000151,102.49647499999908,102.73913749999926,0.18165162584300729,73.17599135013997,65.47048719051513,NaN,NaN,NaN,NaN,0.04137446097883414,0.16621305673005793,0.12483859575122379,86.54987022617706,88.42345029170944
1764961200,103.0782504430517,103.11,103.052,103.08600000000001,102.852,102.1,102.476,NaN,NaN,NaN,NaN,NaN,102.73652488824068,103.00784986381322,102.46519991266814,103.27917483938576,102.1938749370956,102.76884999999928,103.30456922274418,102.23313077725437,102.76884999999928,103.03670961137172,102.50099038862683,102.63620093190886,102.83248341939422,99.92657402343804,101.79836015624983,102.08213625000151,102.50840312499906,102.76884999999928,0.17281936685422053,72.5081901792682,67.26645967955845,NaN,NaN,NaN,NaN,0.033376665298093494,0.16655942737384066,0.13318276207574717,87.59733036707486,87.39031022123343
1764964800,103.08212522152586,103.128,103.061,103.10075,102.852,102.1,102.476,NaN,NaN,NaN,NaN,NaN,102.74851644652834,103.02299654227086,102.47403635078582,103.29747663801338,102.1995562550433,102.79964999999927,103.33732042471131,102.26197957528724,102.79964999999927,103.0684852123553,102.53081478764325,102.65441854242223,102.85687129035838,99.93085976562554,101.80497734374981,102.09306750000151,102.51983749999906,102.79964999999927,0.16526084065034713,73.08618865894029,69.34569580766085,NaN,NaN,NaN,NaN,0.026341250683015655,0.16610932542951673,0.13976807474650108,89.11753800519118,87.75491286614768
1764968400,103.09143761076294,103.188,103.09143761076294,103.14275,102.852,102.1,102.476,NaN,NaN,NaN,NaN,NaN,102.75861483044255,103.03656857351312,102.48066108737198,103.31452231658369,102.20270734430142,102.83178749999927,103.37080856405436,102.29276643594417,102.83178749999927,103.10129803202682,102.56227696797171,102.67356879566059,102.88286026396217,99.93516621093804,101.81182812499983,102.10419750000152,102.53024374999907,102.83178749999927,0.16035380840654123,74.7162600786991,71.5396820028552,NaN,NaN,NaN,NaN,0.021956840235507646,0.16721412504088562,0.14525728480537797,90.69586185001896,89.13691007409498
1765144800,103.11709380538147,103.11709380538147,102.934,102.977,103.191,102.292,102.7415,NaN,NaN,NaN,NaN,NaN,103.00936460179382,103.00936460179382,103.00936460179382,103.00936460179382,103.00936460179382,102.85262499999926,103.38014534379796,102.32510465620057,102.85262499999926,103.11638517189861,102.58886482809991,102.68546805857585,102.8914184217838,99.93935507812554,101.81815624999983,102.11551375000153,102.53773749999907,102.85262499999926,0.1638106792346461,59.42090338458207,71.847850065076,NaN,NaN,NaN,NaN,0.006155702143886138,0.15295191248523565,0.14679621034134951,84.464357716337,88.09258585718237
1765148400,103.04704690269074,103.132,102.932,103.01250000000002,103.191,102.292,102.7415,NaN,NaN,NaN,NaN,NaN,103.02197629181678,103.02864261895202,103.01530996468155,103.03530894608726,103.00864363754631,102.87403749999928,103.39090373752303,102.35717126247552,102.87403749999928,103.13247061876115,102.6156043812374,102.69829284059249,102.90242583798528,99.94360800781304,101.82511562499982,102.12727500000152,102.54582187499906,102.87403749999928,0.16639563071788585,61.2505592912794,71.76388260467822,NaN,NaN,NaN,NaN,-0.0031436231344512122,0.1428666814232855,0.14601030455773673,78.12442392159282,84.42821449598291
1765152000,103.02977345134538,103.056,102.986,103.0305,103.191,102.292,102.7415,NaN,NaN,NaN,NaN,NaN,103.02235698387786,103.0284729541501,103.01624101360561,103.03458892442235,103.01012504333336,102.89774999999926,103.39734974041205,102.39815025958647,102.89774999999926,103.14754987020565,102.64795012979287,102.71132057233396,102.91406894362298,99.94786015625053,101.83169453124984,102.13866375000153,102.55503749999907,102.89774999999926,0.15951022852375066,62.18166353164131,71.26497842923929,NaN,NaN,NaN,NaN,-0.008989896268771919,0.13477293422177183,0.14376283049054375,69.30701480750321,77.29859881514433