time,open,high,low,close,Plot,Plot,Mid Price,Breakout Up,Breakout Down,Fake Breakout,Breakout midPrice Up,Breakout midPrice Down,VWAP,Upper Band #1,Lower Band #1,Upper Band #2,Lower Band #2,Basis,Upper,Lower,Basis,Upper,Lower,EMA,EMA,MA,MA,MA,MA,MA,ATR,RSI,RSI-based MA,Regular Bullish,Regular Bullish Label,Regular Bearish,Regular Bearish Label,Histogram,MACD,Signal,%K,%D
1757581200,0.8529278577505733,0.866,0.8529278577505733,0.866,0.855,0.845,0.85,NaN,NaN,NaN,NaN,NaN,NaN,NaN,NaN,NaN,NaN,0.8405625000000013,0.8696050872639661,0.8115199127360365,0.8405625000000013,0.8550837936319837,0.8260412063680189,0.8496259875353697,0.8476074146100337,0.6989324218749997,0.8008757812500003,0.82912125,0.859359375000001,0.8405625000000013,0.010195386528918072,61.40777645419601,52.2798889232458,NaN,NaN,NaN,NaN,0.00332232508049748,0.0023449294777591057,-0.0009773956027383742,87.75231860338239,80.07364975450075
1757595600,0.8594639288752867,0.87,0.8594639288752867,0.8665,0.855,0.845,0.85,NaN,NaN,NaN,NaN,NaN,NaN,NaN,NaN,NaN,NaN,0.8424125000000012,0.8730695852330412,0.8117554147669612,0.8424125000000012,0.8577410426165212,0.8270839573834813,0.8502877135143748,0.8493249223727579,0.6992968749999997,0.8012726562500003,0.8292887499999999,0.8593906250000011,0.8424125000000012,0.010219721142903449,61.64726089459426,53.976359888604236,NaN,NaN,NaN,NaN,0.0035713384910540397,0.0034867775110791754,-0.0000845609799748643,94.36404548838946,87.23755144211997
1757610000,0.8629819644376433,0.863,0.8629819644376433,0.863,0.855,0.845,0.85,NaN,NaN,NaN,NaN,NaN,NaN,NaN,NaN,NaN,NaN,0.8443875000000011,0.875005907453468,0.8137690925465342,0.8443875000000011,0.8596967037267345,0.8290782962732677,0.8507862345530268,0.8505681112479617,0.6996574218749997,0.8016601562500002,0.8294674999999999,0.8593218750000009,0.8443875000000011,0.009741029315721543,58.89227999735964,54.43021223669605,NaN,NaN,NaN,NaN,0.003317608910492599,0.0040624501581408845,0.0007448412476482856,91.04187909410349,91.05274772862514
1757624400,0.8629909822188216,0.866,0.8629909822188216,0.8645,0.87,0.843,0.8565,NaN,NaN,NaN,NaN,NaN,NaN,NaN,NaN,NaN,NaN,0.8465250000000012,0.8764853487961338,0.8165646512038686,0.8465250000000012,0.8615051743980675,0.8315448256019349,0.8513240292764376,0.8518346465890562,0.7000187499999997,0.8020460937500002,0.8296074999999999,0.8592531250000011,0.8465250000000012,0.009260171348968458,59.72302839809204,55.375269212550336,NaN,NaN,NaN,NaN,0.003073597504028137,0.004586838127683457,0.00151324062365532,85.78480784343593,90.39691080864297
1757638800,0.8637454911094109,0.871,0.8637454911094109,0.8694999999999999,0.87,0.843,0.8565,NaN,NaN,NaN,NaN,NaN,NaN,NaN,NaN,NaN,NaN,0.8487500000000011,0.8785950163341619,0.8189049836658403,0.8487500000000011,0.8636725081670815,0.8338274918329207,0.8520368124420675,0.8534405878082328,0.7003851562499996,0.8024601562500002,0.8297349999999999,0.859334375000001,0.8487500000000011,0.009116909744798504,62.44730185569169,55.94003076714024,NaN,NaN,NaN,NaN,0.0030648252148770547,0.005344272142251638,0.0022794469273745835,86.42991986420388,87.75220226724777
1757653200,0.8666227455547054,0.8666227455547054,0.86,0.861,0.87,0.843,0.8565,NaN,NaN,NaN,NaN,NaN,NaN,NaN,NaN,NaN,NaN,0.850800000000001,0.8779774722884067,0.8236225277115953,0.850800000000001,0.8643887361442039,0.8372112638557981,0.852388309993359,0.8541278070983935,0.7007414062499997,0.8028664062500003,0.8297899999999998,0.8592093750000009,0.850800000000001,0.00914427333445575,55.566479053839096,55.84695865335262,NaN,NaN,NaN,NaN,0.002335432286858375,0.005198737285947552,0.0028633049990891774,81.05245255885616,84.42239342216534
1757667600,0.8638113727773526,0.8638113727773526,0.857,0.8584999999999999,0.87,0.843,0.8565,NaN,NaN,NaN,NaN,NaN,NaN,NaN,NaN,NaN,NaN,0.8530500000000011,0.8743094684784595,0.8317905315215427,0.8530500000000011,0.8636797342392303,0.8424202657607719,0.8526279841112665,0.8545252791803577,0.7010998046874997,0.8032617187500002,0.8298312499999999,0.8590593750000008,0.8530500000000011,0.008977637580376957,53.6925777382648,55.83242518447329,NaN,NaN,NaN,NaN,0.0015701873460054298,0.004826039181595965,0.003255851835590535,71.42857142857129,79.63698128387712
1757696400,0.8611556863886762,0.8611556863886762,0.861,0.861,0.87,0.843,0.8565,NaN,NaN,NaN,NaN,NaN,NaN,NaN,NaN,NaN,NaN,0.8548000000000011,0.8722932844253537,0.8373067155746485,0.8548000000000011,0.8635466422126774,0.8460533577873248,0.8529562984598443,0.8551138901639616,0.7014498046874997,0.8036835937500001,0.8299212499999998,0.858921875000001,0.8548000000000011,0.008526069638112624,55.31541961046328,55.97667966418421,NaN,NaN,NaN,NaN,0.0011380960068942377,0.004678471844208332,0.003540375837314094,61.30952380952374,71.26351593231708
1757883600,0.8610778431943381,0.8610778431943381,0.858,0.858,0.871,0.857,0.864,NaN,NaN,NaN,NaN,NaN,NaN,NaN,NaN,NaN,NaN,0.8553750000000011,0.8724911473464789,0.8382588526535233,0.8553750000000011,0.86393307367324,0.8468169263267622,0.8531540906771053,0.8553762637854196,0.7017955078124998,0.8040929687500002,0.82997375,0.8588343750000009,0.8553750000000011,0.008136910606414445,52.91878729443802,56.11358158248761,NaN,NaN,NaN,NaN,0.0005838787310801655,0.004270224251164301,0.003686345520084135,57.73809523809516,63.49206349206341
1757970000,0.859538921597169,0.859538921597169,0.856,0.8574999999999999,0.858,0.858,0.858,NaN,0.858,NaN,NaN,NaN,NaN,NaN,NaN,NaN,NaN,0.8564500000000009,0.8710843773351681,0.8418156226648338,0.8564500000000009,0.8637671886675845,0.8491328113324174,0.8533245184936894,0.8555693307140179,0.7021474609374998,0.8045195312500001,0.8300474999999998,0.8587531250000009,0.8564500000000009,0.007808482820039776,52.51043570097157,56.00805978709506,NaN,NaN,NaN,NaN,0.00014038165132163136,0.003861822584236174,0.003721440932914543,56.54761904761898,58.531746031745975
1757984400,0.8585194607985844,0.867,0.8585194607985844,0.8645,0.858,0.858,0.858,0.858,NaN,0.858,NaN,NaN,NaN,NaN,NaN,NaN,NaN,0.857125000000001,0.8719358912624094,0.8423141087375926,0.857125000000001,0.8645304456312052,0.8497195543687969,0.8537627726704075,0.8563812097400162,0.7024970703124997,0.80497890625,0.83012,0.8587968750000009,0.857125000000001,0.007929305475751224,57.45966929610369,56.545811745089445,NaN,NaN,NaN,NaN,0.00026784321566206745,0.004056244952492127,0.00378840173683006,60.71428571428572,58.33333333333331
1757998800,0.8615097303992922,0.876,0.8615097303992922,0.8714999999999999,0.858,0.858,0.858,NaN,NaN,NaN,NaN,NaN,NaN,NaN,NaN,NaN,NaN,0.857900000000001,0.8739634678692827,0.8418365321307193,0.857900000000001,0.8659317339346418,0.8498682660653601,0.8544583502127444,0.8577556452181966,0.7028621093749997,0.8054773437500001,0.8301824999999999,0.858921875000001,0.857900000000001,0.008397945770390977,61.75235551729485,57.28223790519902,NaN,NaN,NaN,NaN,0.0007458783821260801,0.00472074971448766,0.00397487133236158,71.64502164502159,62.96897546897545
1758013200,0.8665048651996461,0.88,0.8665048651996461,0.8785000000000001,0.858,0.858,0.858,NaN,NaN,NaN,NaN,NaN,NaN,NaN,NaN,NaN,NaN,0.8592750000000009,0.8773255540077816,0.8412244459922202,0.8592750000000009,0.8683002770038912,0.8502497229961106,0.8554011600083231,0.859641495652906,0.7032292968749998,0.8059914062500001,0.8302887499999998,0.859109375000001,0.8592750000000009,0.008762030701102616,65.50135206606245,58.34521389105801,NaN,NaN,NaN,NaN,0.001416886889611519,0.0057459799443759785,0.0043290930547644595,86.20789449542605,72.8557339515778
1758027600,0.8725024325998231,0.881,0.8725024325998231,0.8805000000000001,0.858,0.858,0.858,NaN,NaN,NaN,NaN,NaN,NaN,NaN,NaN,NaN,NaN,0.8608000000000009,0.8805336007861703,0.8410663992138315,0.8608000000000009,0.8706668003930855,0.8509331996069163,0.8563854282432909,0.8615377233208237,0.7035947265624998,0.8065109375,0.8304162499999999,0.8592218750000009,0.8608000000000009,0.00874314046532221,66.51135934825511,58.95329165897332,NaN,NaN,NaN,NaN,0.001851354283066456,0.006643285908597529,0.004791931625531073,93.35228133326525,83.73506582457098
1758042000,0.8765012162999115,0.8765012162999115,0.876,0.876,0.858,0.858,0.858,NaN,NaN,NaN,NaN,NaN,NaN,NaN,NaN,NaN,NaN,0.862287500000001,0.8818944343597439,0.8426805656402581,0.862287500000001,0.8720909671798724,0.8524840328201295,0.8571546271357109,0.8628524757462034,0.7039578124999998,0.8070328125000001,0.8305612499999999,0.859184375000001,0.862287500000001,0.008440059003513484,62.10560357681657,59.003136453446224,NaN,NaN,NaN,NaN,0.001695752364405465,0.006911622081037905,0.00521586971663244,91.23106921205319,90.26374834691485
1758056400,0.8762506081499557,0.88,0.8762506081499557,0.8785000000000001,0.881,0.856,0.8685,NaN,NaN,NaN,NaN,NaN,NaN,NaN,NaN,NaN,NaN,0.863637500000001,0.883797779635652,0.8434772203643499,0.863637500000001,0.8737176398178265,0.8535573601821754,0.8579917005813693,0.864274977951094,0.7043261718749998,0.8075437500000001,0.8307437499999999,0.8592031250000008,0.863637500000001,0.00812291193183395,63.55015324829031,59.13905733585308,NaN,NaN,NaN,NaN,0.001621322026218246,0.007242522249405248,0.005621200223187002,89.40629159974412,91.32988071502086
1758085200,0.8773753040749779,0.88,0.8773753040749779,0.88,0.881,0.856,0.8685,NaN,NaN,NaN,NaN,NaN,NaN,NaN,NaN,NaN,NaN,0.865387500000001,0.8848364556271667,0.8459385443728352,0.865387500000001,0.8751119778135839,0.8556630221864181,0.8588547711468059,0.8657045254100855,0.7046957031249999,0.8080781250000001,0.83096375,0.8592781250000009,0.865387500000001,0.007730182217061677,64.42638979193427,59.534350892608416,NaN,NaN,NaN,NaN,0.0015341572387600824,0.007538896771637105,0.006004739532877022,88.66666666666674,89.76800915948803
1758099600,0.8786876520374889,0.881,0.8786876520374889,0.881,0.881,0.856,0.8685,NaN,NaN,NaN,NaN,NaN,NaN,NaN,NaN,NaN,NaN,0.867062500000001,0.8858187489583611,0.8483062510416408,0.867062500000001,0.876440624479181,0.8576843755208209,0.8597232114939899,0.8670950231000777,0.7050597656249998,0.8085656250000002,0.83118375,0.8593406250000009,0.867062500000001,0.007343194056022352,65.02994280420742,59.91341620733095,NaN,NaN,NaN,NaN,0.0014081745808137312,0.0077649577588941865,0.006356783178080455,95.33333333333341,91.13543053324811
1758114000,0.8798438260187444,0.881,0.876,0.8792500000000001,0.881,0.856,0.8685,NaN,NaN,NaN,NaN,NaN,NaN,NaN,NaN,NaN,NaN,0.8687125000000011,0.8855642617769396,0.8518607382230626,0.8687125000000011,0.8771383808884703,0.8602866191115319,0.8604889679059903,0.8682000210000707,0.7054205078124998,0.8090164062500002,0.8313899999999999,0.8594750000000009,0.8687125000000011,0.007175823052020755,63.01503853088696,59.95396882698775,NaN,NaN,NaN,NaN,0.0010857577625657776,0.007713980381287677,0.0066282226187219,96.33333333333344,93.44444444444456
1758128400,0.8795469130093723,0.8795469130093723,0.879,0.879,0.881,0.856,0.8685,NaN,NaN,NaN,NaN,NaN,NaN,NaN,NaN,NaN,NaN,0.869712500000001,0.8865137462331734,0.8529112537668286,0.869712500000001,0.8781131231165872,0.8613118768834148,0.8612148907332063,0.8691818372727915,0.7057791015624997,0.8094617187500003,0.8315825,0.859665625000001,0.869712500000001,0.006702329477545863,62.71608298432365,60.464654822022354,NaN,NaN,NaN,NaN,0.0007503732747432962,0.00756618921215102,0.006815815937407724,95.00000000000011,95.55555555555566
1758142800,0.8792734565046861,0.88,0.876,0.878,0.881,0.876,0.8785000000000001,NaN,NaN,NaN,NaN,NaN,NaN,NaN,NaN,NaN,NaN,0.870312500000001,0.8873952947065763,0.8532297052934258,0.870312500000001,0.8788538973532887,0.8617711026467134,0.8618731303122963,0.8699834884298104,0.7061376953124998,0.8099210937500002,0.8317599999999998,0.8598031250000009,0.870312500000001,0.006509305943435445,61.460052979562924,61.01947448211507,NaN,NaN,NaN,NaN,0.0003748688115641106,0.007284401951862862,0.006909533140298752,91.00000000000011,94.11111111111124
1758157200,0.8786367282523431,0.881,0.8786367282523431,0.881,0.881,0.876,0.8785000000000001,NaN,NaN,NaN,NaN,NaN,NaN,NaN,NaN,NaN,NaN,0.871037500000001,0.8886345700682654,0.8534404299317366,0.871037500000001,0.8798360350341332,0.8622389649658688,0.8626232036333827,0.8709849894816458,0.7065009765624998,0.8103179687500001,0.8320049999999998,0.859965625000001,0.871037500000001,0.006258641233190057,63.80217492395294,61.625671290221476,NaN,NaN,NaN,NaN,0.00024831874295675686,0.0072199315689946975,0.006971612826037941,93.33333333333333,93.1111111111112
1758171600,0.8798183641261715,0.886,0.8798183641261715,0.8855,0.881,0.876,0.8785000000000001,0.881,NaN,NaN,NaN,NaN,NaN,NaN,NaN,NaN,NaN,0.8721625000000011,0.8904246705989958,0.8539003294010064,0.8721625000000011,0.8812935852994984,0.8630314147005037,0.8635203329026618,0.8723045358924053,0.7068724609374998,0.8107445312500001,0.8322874999999997,0.8602593750000009,0.8721625000000011,0.006253140850378516,67.03801934405382,62.63418786519404,NaN,NaN,NaN,NaN,0.0003796029566111086,0.007446116521801827,0.007066513565190718,95.44444444444439,93.2592592592593
1758200400,0.8826591820630858,0.886,0.8826591820630858,0.8855,0.881,0.876,0.8785000000000001,NaN,NaN,NaN,NaN,NaN,NaN,NaN,NaN,NaN,NaN,0.8732125000000011,0.8919989811762847,0.8544260188237174,0.8732125000000011,0.8826057405881429,0.8638192594118592,0.8643822806319692,0.8735041235385502,0.7072400390624998,0.8111500000000001,0.8325699999999996,0.8605843750000008,0.8732125000000011,0.006045117785131065,67.03801934405382,63.67187241112849,NaN,NaN,NaN,NaN,0.0003775658887868842,0.007538470926174323,0.007160905037387439,98.83795464653643,95.87191080810472
1758214800,0.8840795910315429,0.886,0.8840795910315429,0.886,0.881,0.876,0.8785000000000001,NaN,NaN,NaN,NaN,NaN,NaN,NaN,NaN,NaN,NaN,0.8740375000000009,0.8935351120329523,0.8545398879670495,0.8740375000000009,0.8837863060164766,0.8642886939835253,0.8652300343326763,0.8746401123077729,0.7076048828124997,0.8115562500000001,0.8328299999999997,0.8609656250000007,0.8740375000000009,0.005750495726797213,67.41339929385235,64.38285312525339,NaN,NaN,NaN,NaN,0.00032312069393033126,0.0075648059048003535,0.007241685210870022,98.83795464653643,97.70678457917244
1758229200,0.8850397955157714,0.887,0.885,0.8859999999999999,0.886,0.876,0.881,NaN,NaN,NaN,NaN,NaN,NaN,NaN,NaN,NaN,NaN,0.875287500000001,0.8944846840379553,0.8560903159620467,0.875287500000001,0.8848860920189782,0.8656889079810238,0.8660445427902184,0.8756728293707027,0.7079689453124998,0.8119671875000002,0.8330999999999997,0.8613281250000009,0.875287500000001,0.005482603174883126,67.41339929385217,64.78721339500748,NaN,NaN,NaN,NaN,0.00020603591811398266,0.0074992301085125,0.0072931941903985175,97.76710795306845,98.4810057487138
1758243600,0.8855198977578856,0.912,0.8855198977578856,0.9015,0.886,0.876,0.881,0.886,NaN,NaN,NaN,NaN,NaN,NaN,NaN,NaN,NaN,0.877437500000001,0.898200372512913,0.856674627487089,0.877437500000001,0.8878189362564569,0.867056063743545,0.8674349528768764,0.8780207539733661,0.7083478515624998,0.8124406250000001,0.8334624999999997,0.8618281250000009,0.877437500000001,0.0069824245368282165,76.87973094838944,65.59995474374513,NaN,NaN,NaN,NaN,0.0010445318355437067,0.00859885898482815,0.007554327149284444,89.51229253554602,95.372451711717
1758258000,0.8935099488789429,0.918,0.8935099488789429,0.9147500000000001,0.886,0.876,0.881,NaN,NaN,NaN,NaN,NaN,NaN,NaN,NaN,NaN,NaN,0.880125000000001,0.9051572292252856,0.8550927707747165,0.880125000000001,0.8926411146126433,0.8676088853873588,0.8692904449209206,0.8813597763394238,0.7087359374999997,0.8129335937500001,0.8338987499999996,0.8625500000000011,0.880125000000001,0.008232969292844571,81.75816149997421,66.68901204029649,NaN,NaN,NaN,NaN,0.0022920414343551975,0.010419378942228441,0.008127337507873244,86.93292745618096,91.40410931493183
1758286800,0.9041299744394715,0.916,0.9041299744394715,0.916,0.886,0.876,0.881,NaN,NaN,NaN,NaN,NaN,NaN,NaN,NaN,NaN,NaN,0.8830250000000011,0.910456232199576,0.8555937678004261,0.8830250000000011,0.8967406160997886,0.8693093839002135,0.8711221921789237,0.8845088875812943,0.7091242187499998,0.8134523437500001,0.8343749999999998,0.8629187500000011,0.8830250000000011,0.008492759026250568,82.14100655256271,68.1201122528498,NaN,NaN,NaN,NaN,0.002959480378290245,0.01182668798073605,0.008867207602445805,86.97202811790298,87.80574936987666
1758301200,0.9100649872197357,0.913,0.9100649872197357,0.913,0.886,0.876,0.881,NaN,NaN,NaN,NaN,NaN,NaN,NaN,NaN,NaN,NaN,0.8858000000000011,0.9135680571878309,0.8580319428121714,0.8858000000000011,0.899684028593916,0.8719159714060862,0.8727644591522993,0.8870989887102676,0.7095074218749998,0.81396484375,0.8348612499999998,0.8632437500000011,0.8858000000000011,0.00831006286582298,77.9146190876622,69.14614552709064,NaN,NaN,NaN,NaN,0.00295038369560454,0.01255518722195148,0.00960480352634694,91.86507936507941,88.5900116463878
1758488400,0.9115324936098679,0.921,0.9115324936098679,0.9185000000000001,0.918,0.885,0.9015,0.918,NaN,NaN,NaN,NaN,NaN,NaN,NaN,NaN,NaN,0.8885000000000011,0.9179113073491592,0.859088692650843,0.8885000000000011,0.9032056536745802,0.873794346325422,0.8745580097737777,0.8899536261002433,0.7098914062499998,0.8144921875,0.8353687499999997,0.8638062500000009,0.8885000000000011,0.008392737403273636,79.95129417382633,70.25506726865436,NaN,NaN,NaN,NaN,0.003053450073170722,0.013421616117810342,0.01036816604463962,92.59259259259265,90.47656669185837
1758502800,0.915016246804934,0.933,0.915016246804934,0.927,0.918,0.885,0.9015,NaN,NaN,NaN,NaN,NaN,NaN,NaN,NaN,NaN,NaN,0.8912750000000009,0.9240297324823088,0.8585202675176931,0.8912750000000009,0.9076523662411549,0.874897633758847,0.8766145584101002,0.8933214782729485,0.7102785156249998,0.8150546875,0.8358862499999998,0.8644687500000009,0.8912750000000009,0.009077809959830239,82.6189712368019,71.5114264424111,NaN,NaN,NaN,NaN,0.003405908735208754,0.014625551963650563,0.011219643228441809,90.67112225006969,91.70959806924729
1758517200,0.921008123402467,0.936,0.921008123402467,0.9305000000000001,0.918,0.885,0.9015,NaN,NaN,NaN,NaN,NaN,NaN,NaN,NaN,NaN,NaN,0.8938750000000011,0.9302193599474049,0.8575306400525973,0.8938750000000011,0.912047179973703,0.8757028200262992,0.878727712982253,0.8967013438844986,0.7106695312499998,0.815609375,0.8364274999999998,0.8651812500000011,0.8938750000000011,0.009500243291094727,83.58737982495609,72.98087939198747,NaN,NaN,NaN,NaN,0.003569354110107715,0.01568133586607645,0.012111981755968736,91.58382066276813,91.61584516847684
1758546000,0.9257540617012335,0.927,0.9257540617012335,0.927,0.918,0.885,0.9015,NaN,NaN,NaN,NaN,NaN,NaN,NaN,NaN,NaN,NaN,0.896200000000001,0.9347092845945867,0.8576907154054153,0.896200000000001,0.9154546422972938,0.8769453577027082,0.8806207438456941,0.899455767167726,0.7110578124999998,0.8161781250000001,0.8369849999999999,0.865943750000001,0.896200000000001,0.009160650077357002,78.85584822401803,74.13371976625136,NaN,NaN,NaN,NaN,0.0031509026150441516,0.016050610024773926,0.012899707409729774,88.43567251461995,90.23020514248594
1758560400,0.9263770308506167,0.9263770308506167,0.926,0.926,0.918,0.885,0.9015,NaN,NaN,NaN,NaN,NaN,NaN,NaN,NaN,NaN,NaN,0.898700000000001,0.938120362758181,0.8592796372418211,0.898700000000001,0.918410181379091,0.8789898186209111,0.8824003225184119,0.9018688792433873,0.7114433593749998,0.8167890625,0.8374924999999998,0.866593750000001,0.898700000000001,0.00857774650040293,77.50591428580918,75.27985271669752,NaN,NaN,NaN,NaN,0.0025420279690557494,0.01607724237104946,0.013535214401993711,86.13352531138533,88.71767282959115
1758574800,0.9261885154253084,0.9261885154253084,0.921,0.921,0.936,0.916,0.926,NaN,NaN,NaN,NaN,NaN,NaN,NaN,NaN,NaN,NaN,0.9008250000000009,0.9402426673585289,0.8614073326414728,0.9008250000000009,0.9205338336792649,0.8811161663207369,0.8839140353608271,0.903608072039443,0.7118230468749998,0.8173921875,0.8379624999999998,0.8671500000000011,0.9008250000000009,0.008335658566467606,70.96446154962487,75.79144461853123,NaN,NaN,NaN,NaN,0.0015846535450258787,0.015516031333276059,0.01393137778825018,80.28937561231123,84.9528578127722
1758603600,0.9235942577126542,0.9235942577126542,0.921,0.921,0.936,0.916,0.926,NaN,NaN,NaN,NaN,NaN,NaN,NaN,NaN,NaN,NaN,0.902875000000001,0.9420108211870756,0.8637391788129264,0.902875000000001,0.9224429105935383,0.8833070894064636,0.8853683869153045,0.9051891563994937,0.7122027343749997,0.81798359375,0.8384674999999998,0.8676437500000012,0.902875000000001,0.007925558505480936,70.96446154962486,76.07190477607203,NaN,NaN,NaN,NaN,0.0007745099340930716,0.01489951520586652,0.014125005271773449,75.91569108067644,80.77953066812435
1758632400,0.9222971288563271,0.9222971288563271,0.921,0.921,0.936,0.916,0.926,NaN,NaN,NaN,NaN,NaN,NaN,NaN,NaN,NaN,NaN,0.9048750000000009,0.9434186440932654,0.8663313559067364,0.9048750000000009,0.9241468220466331,0.8856031779533686,0.8867657050754887,0.9066265058177215,0.7125753906249997,0.8185804687499999,0.8390349999999998,0.8681062500000012,0.9048750000000009,0.007452099244827087,70.96446154962487,76.3523649336128,NaN,NaN,NaN,NaN,0.00009735154645135018,0.014246694704837637,0.014149343158386287,72.09648576106112,76.10051748468294
1758661200,0.9216485644281636,0.922,0.921,0.9215000000000001,0.921,0.921,0.921,0.921,NaN,NaN,NaN,NaN,NaN,NaN,NaN,NaN,NaN,0.9069875000000008,0.9442931547320681,0.8696818452679336,0.9069875000000008,0.9256403273660344,0.8883346726339673,0.8881278342882146,0.9079786416524741,0.7129496093749997,0.81919296875,0.8395824999999998,0.8685125000000011,0.9069875000000008,0.006991235013053723,71.26734060275274,76.62764645567712,NaN,NaN,NaN,NaN,-0.00042926956990956347,0.013612756195999332,0.014042025765908895,71.51906683268425,73.17708122480728
1758675600,0.9215742822140818,0.925,0.9215742822140818,0.9235,0.921,0.921,0.921,NaN,NaN,NaN,NaN,NaN,NaN,NaN,NaN,NaN,NaN,0.9092125000000009,0.944846498863272,0.8735785011367297,0.9092125000000009,0.9270294994316364,0.8913955005683654,0.8895149780416179,0.9093896742295219,0.7133265624999997,0.8197851562499998,0.8401374999999998,0.8690062500000012,0.9092125000000009,0.006741861083549882,72.50291985997187,76.99118363897139,NaN,NaN,NaN,NaN,-0.0007372256039950651,0.013120493760915064,0.01385771936491013,72.63867405147529,72.08474221507356
1758690000,0.9225371411070409,0.9225371411070409,0.918,0.918,0.921,0.921,0.921,NaN,0.921,0.921,NaN,NaN,NaN,NaN,NaN,NaN,NaN,0.911212500000001,0.9439902649480143,0.8784347350519877,0.911212500000001,0.9276013824740076,0.8948236175259944,0.8906320377262604,0.9101724311177471,0.7136968749999998,0.82032734375,0.8406924999999998,0.8694687500000013,0.911212500000001,0.006653156720439173,64.31247677792479,76.09352262679535,NaN,NaN,NaN,NaN,-0.0013689352289323626,0.012146550328744676,0.013515485557677039,68.14784585359737,70.76852891258564
1758718800,0.9202685705535205,0.926,0.9202685705535205,0.9235,0.921,0.921,0.921,0.921,NaN,0.921,NaN,NaN,NaN,NaN,NaN,NaN,NaN,0.9133375000000008,0.9434033755899156,0.883271624410086,0.9133375000000008,0.9283704377949582,0.8983045622050434,0.8919209774232698,0.911384028288861,0.7140769531249997,0.82086328125,0.8412999999999998,0.8701000000000014,0.9133375000000008,0.006749359811836375,68.18320765218989,75.12388306623932,NaN,NaN,NaN,NaN,-0.001465337687788294,0.011683813447941671,0.013149151135729965,64.5510342822907,68.44585139578778
1758733200,0.9218842852767603,0.9218842852767603,0.921,0.921,0.921,0.921,0.921,NaN,NaN,NaN,NaN,NaN,NaN,NaN,NaN,NaN,NaN,0.9151125000000008,0.9424641338632378,0.8877608661367637,0.9151125000000008,0.9287883169316193,0.9014366830683822,0.8930613312498082,0.9122582075353282,0.7144523437499997,0.82138671875,0.8418299999999997,0.8707562500000015,0.9151125000000008,0.006445834110990915,64.74565619640393,73.88135804079941,NaN,NaN,NaN,NaN,-0.0017283679189203129,0.010988691237079573,0.012717059155999886,53.526154448042405,62.075011527976834
1758747600,0.9214421426383801,0.922,0.9214421426383801,0.922,0.926,0.918,0.922,NaN,NaN,NaN,NaN,NaN,NaN,NaN,NaN,NaN,NaN,0.9169375000000007,0.9407890591731207,0.8930859408268808,0.9169375000000007,0.9288632795865608,0.9050117204134407,0.8941961810047178,0.9131438250321166,0.7148275390624997,0.8219273437499999,0.8426999999999998,0.8714000000000013,0.9169375000000007,0.0060568459602058505,65.49502932601082,72.99424448639574,NaN,NaN,NaN,NaN,-0.0018547476067838596,0.01039862464752006,0.01225337225430392,48.57419222015526,55.550460316829465
1758762000,0.9217210713191901,0.9217210713191901,0.917,0.917,0.926,0.918,0.922,NaN,0.918,NaN,NaN,NaN,NaN,NaN,NaN,NaN,NaN,0.9184875000000007,0.9376672256234246,0.8993077743765767,0.9184875000000007,0.9280773628117127,0.9088976371882886,0.8950904484162975,0.9134943863928332,0.7152048828124997,0.8224710937499999,0.8435124999999998,0.8719625000000015,0.9184875000000007,0.00598135696304829,58.76858707239685,71.48119397915079,NaN,NaN,NaN,NaN,-0.0022675309873506164,0.00941895852011565,0.011686489507466266,31.466047226289884,44.52213129816253
1758776400,0.9193605356595951,0.928,0.9193605356595951,0.925,0.926,0.918,0.922,NaN,NaN,0.918,NaN,NaN,NaN,NaN,NaN,NaN,NaN,0.9204375000000008,0.9326868622278425,0.9081881377721591,0.9204375000000008,0.9265621811139216,0.91431281888608,0.8962633720078153,0.914540351266212,0.7155783203124997,0.8230226562499998,0.8443249999999998,0.8726500000000014,0.9204375000000008,0.006339831465687698,64.96795283059268,70.22040695013582,NaN,NaN,NaN,NaN,-0.0020033900756165034,0.009182251912945638,0.011185641988562142,31.446758759346835,37.16233273526401
1758790800,0.9221802678297976,0.924,0.9221802678297976,0.924,0.926,0.918,0.922,NaN,NaN,NaN,NaN,NaN,NaN,NaN,NaN,NaN,NaN,0.9215625000000008,0.9302686400740225,0.9128563599259791,0.9215625000000008,0.9259155700370117,0.9172094299629899,0.8973510829094695,0.91540031933292,0.7159482421874998,0.8235765624999999,0.8451549999999998,0.8734093750000014,0.9215625000000008,0.006088395801724469,63.67907868968894,68.79838544047388,NaN,NaN,NaN,NaN,-0.00189860567786879,0.008812384891226155,0.010710990569094945,38.39846151657428,33.77042250073701
1758805200,0.9230901339148988,0.925,0.9230901339148988,0.925,0.926,0.918,0.922,NaN,NaN,NaN,NaN,NaN,NaN,NaN,NaN,NaN,NaN,0.9220750000000008,0.930310745260086,0.9138392547399156,0.9220750000000008,0.9261928726300434,0.9179571273699582,0.8984353541679218,0.9162730175753818,0.7163173828124998,0.8240937499999997,0.8459749999999997,0.8741218750000014,0.9220750000000008,0.005789929393394238,64.43883101930359,67.76859849728,NaN,NaN,NaN,NaN,-0.0017672331930933347,0.008501949077728277,0.010269182270821612,59.48963317384374,43.1116178165883
1758819600,0.9240450669574494,0.925,0.9240450669574494,0.925,0.926,0.918,0.922,NaN,NaN,NaN,NaN,NaN,NaN,NaN,NaN,NaN,NaN,0.9225250000000006,0.9303574644901981,0.9146925355098031,0.9225250000000006,0.9264412322450993,0.9186087677549019,0.899477104984866,0.9170663796139835,0.7166861328124997,0.8246421874999997,0.8467799999999996,0.8748031250000012,0.9225250000000006,0.005444572511191127,64.43883101930359,66.83523540681531,NaN,NaN,NaN,NaN,-0.0016858723550964815,0.00816184182695101,0.009847714182047492,69.69696969696975,55.86168812912927
1758834000,0.9245225334787247,0.9245225334787247,0.917,0.9195,0.928,0.917,0.9225000000000001,NaN,NaN,NaN,NaN,NaN,NaN,NaN,NaN,NaN,NaN,0.9228500000000007,0.9295290717910182,0.9161709282089833,0.9228500000000007,0.9261895358955095,0.919510464104492,0.900262316554087,0.9172876178308941,0.7170507812499998,0.8251781249999999,0.8476149999999997,0.8754593750000013,0.9228500000000007,0.0056271030461060466,56.85303910381438,65.827276660686,NaN,NaN,NaN,NaN,-0.001987277624867053,0.007363617150963675,0.009350894775830728,56.06060606060594,61.749069643806486
1758848400,0.9220112667393623,0.9220112667393623,0.916,0.9165,0.928,0.917,0.9225000000000001,NaN,0.917,NaN,NaN,NaN,NaN,NaN,NaN,NaN,NaN,0.9227500000000006,0.9297392775013195,0.9157607224986818,0.9227500000000006,0.92624463875066,0.9192553612493413,0.9008990884539266,0.9172160162099037,0.7174152343749998,0.8256999999999998,0.8484462499999996,0.8761843750000013,0.9227500000000006,0.005654543309910061,53.175889621310716,64.55666438009213,NaN,NaN,NaN,NaN,-0.00234871954604827,0.006414995343270391,0.008763714889318661,33.207070707070436,52.98821548821539
1758862800,0.9192556333696811,0.933,0.914,0.9207500000000001,0.928,0.917,0.9225000000000001,NaN,NaN,0.917,NaN,NaN,NaN,NaN,NaN,NaN,NaN,0.9224375000000006,0.9291937471084577,0.9156812528915435,0.9224375000000006,0.9258156235542291,0.9190593764457721,0.9016775555733805,0.9175372874635488,0.7177806640624997,0.8262507812499997,0.8492862499999996,0.8770500000000012,0.9224375000000006,0.006607790216345057,57.381315642516896,63.58643967244155,NaN,NaN,NaN,NaN,-0.0022608126248471715,0.0059376991082596975,0.008198511733106869,20.806751727804084,36.69147616516017
1758877200,0.9200028166848406,0.9200028166848406,0.92,0.92,0.928,0.917,0.9225000000000001,NaN,NaN,NaN,NaN,NaN,NaN,NaN,NaN,NaN,NaN,0.9219125000000006,0.9276336777624877,0.9161913222375134,0.9219125000000006,0.9247730888812441,0.9190519111187571,0.902396082805797,0.917761170421408,0.7181470703124997,0.8268249999999998,0.8501037499999997,0.8779625000000013,0.9219125000000006,0.00618937662946327,56.41833459124504,62.52579638590529,NaN,NaN,NaN,NaN,-0.002209806250444088,0.005436253920051759,0.007646060170495847,23.75730994152036,25.92371079213164
1758891600,0.9200014083424204,0.925,0.92,0.9225000000000001,0.928,0.917,0.9225000000000001,NaN,NaN,NaN,NaN,NaN,NaN,NaN,NaN,NaN,NaN,0.9216875000000005,0.9269240900155277,0.9164509099844734,0.9216875000000005,0.9243057950077641,0.919069204992237,0.9031844717153735,0.9181919731103709,0.7185189453124997,0.8274203124999998,0.8509312499999996,0.8788562500000013,0.9216875000000005,0.006104421155930179,58.89466645134424,61.55377828528903,NaN,NaN,NaN,NaN,-0.0019721582594717877,0.005180862346156112,0.0071530206056279,37.28070175438611,27.28158780790353
1758906000,0.9212507041712102,0.9212507041712102,0.914,0.914,0.928,0.917,0.9225000000000001,NaN,0.917,NaN,NaN,NaN,NaN,NaN,NaN,NaN,NaN,0.9210875000000005,0.9269254683959018,0.9152495316040992,0.9210875000000005,0.9240064841979512,0.9181685158020498,0.9036086100794766,0.9178108846457917,0.7188802734374997,0.8279828124999998,0.8517312499999997,0.8796062500000014,0.9210875000000005,0.0062755339305065995,48.75182761710176,60.44230334523024,NaN,NaN,NaN,NaN,-0.0023274841738587584,0.004243665388304452,0.00657114956216321,25.438596491228168,28.825536062378223
1759093200,0.9176253520856051,0.9176253520856051,0.912,0.913,0.933,0.914,0.9235,NaN,NaN,NaN,NaN,NaN,NaN,NaN,NaN,NaN,NaN,0.9206875000000005,0.9275081946120284,0.9138668053879727,0.9206875000000005,0.9240978473060145,0.9172771526939866,0.9039768998802814,0.9173735314961743,0.7192388671874997,0.8285296874999999,0.8525187499999997,0.8804437500000013,0.9206875000000005,0.0062290923701564934,47.7107911707533,58.979987882270485,NaN,NaN,NaN,NaN,-0.002551910586864642,0.003381261328582408,0.00593317191544705,16.49958228905607,26.406293511556793
1759107600,0.9153126760428025,0.9153126760428025,0.906,0.908,0.933,0.914,0.9235,NaN,NaN,NaN,NaN,NaN,NaN,NaN,NaN,NaN,NaN,0.9200375000000006,0.9288128561175869,0.9112621438824143,0.9200375000000006,0.9244251780587938,0.9156498219412075,0.9041346685124272,0.9165213922692493,0.7195962890624997,0.8290593749999997,0.8532537499999997,0.8812875000000012,0.9200375000000006,0.006449348346774066,42.79063942866195,57.41177239886034,NaN,NaN,NaN,NaN,-0.002931981259777481,0.0022681953407251987,0.00520017660050268,4.056437389770725,15.331538723351665
1759122000,0.9116563380214013,0.929,0.906,0.9175,0.933,0.914,0.9235,NaN,NaN,0.914,NaN,NaN,NaN,NaN,NaN,NaN,NaN,0.9198625000000007,0.9286935177776631,0.9110314822223383,0.9198625000000007,0.9242780088888318,0.9154469911111696,0.9046587991589987,0.9166103566084085,0.7199638671874997,0.8296367187499998,0.8539774999999996,0.8823062500000015,0.9198625000000007,0.00763153775057592,52.75891483180675,56.50204993498863,NaN,NaN,NaN,NaN,-0.0024576441030326,0.00212812147171193,0.00458576557474453,18.253968253968186,12.936662644265006
1759136400,0.9145781690107007,0.93,0.9145781690107007,0.93,0.933,0.914,0.9235,NaN,NaN,NaN,NaN,NaN,NaN,NaN,NaN,NaN,NaN,0.9202875000000006,0.9301506574554127,0.9104243425445885,0.9202875000000006,0.9252190787277067,0.9153559212722945,0.9056525717409988,0.917827596916735,0.7203361328124998,0.8302468749999997,0.8547324999999995,0.8835062500000014,0.9202875000000006,0.008187987267627596,62.11322324347938,56.74095251863737,NaN,NaN,NaN,NaN,-0.0012755917493559492,0.0029912758880495938,0.004266867637405543,46.29629629629623,22.868900646678394
1759150800,0.9222890845053504,0.931,0.9222890845053504,0.9295,0.933,0.914,0.9235,NaN,NaN,NaN,NaN,NaN,NaN,NaN,NaN,NaN,NaN,0.9205875000000006,0.9311625591010478,0.9100124408989533,0.9205875000000006,0.9258750295505241,0.915299970449477,0.9065877650060576,0.9188887244697591,0.7207158203124997,0.8308578124999997,0.8554974999999996,0.8846562500000014,0.9205875000000006,0.008225339283843457,61.58789367576598,56.49951972186403,NaN,NaN,NaN,NaN,-0.0005386446566000439,0.0035935618166554884,0.004132206473255532,72.83950617283936,45.79659024103461
1759165200,0.9258945422526752,0.929,0.9258945422526752,0.929,0.933,0.914,0.9235,NaN,NaN,NaN,NaN,NaN,NaN,NaN,NaN,NaN,NaN,0.9211375000000006,0.9322477148939745,0.9100272851060267,0.9211375000000006,0.9266926074469876,0.9155823925530137,0.9074666761822907,0.9198079313361447,0.7210966796874997,0.8314703124999998,0.8562674999999996,0.8858062500000013,0.9211375000000006,0.007895347745520696,61.03200211738188,56.3104428238421,NaN,NaN,NaN,NaN,-0.00011808522248807438,0.0039845999451454395,0.004102685167633514,87.03703703703695,68.72427983539086
1759179600,0.9274472711263376,0.934,0.9274472711263376,0.934,0.931,0.906,0.9185000000000001,0.931,NaN,NaN,NaN,NaN,NaN,NaN,NaN,NaN,NaN,0.9216625000000004,0.9340845318383049,0.9092404681616959,0.9216625000000004,0.9278735159191526,0.9154514840808482,0.908507198684946,0.9210981193964952,0.7214779296874998,0.8321203124999996,0.8570974999999996,0.8871125000000013,0.9216625000000004,0.00779944639753082,64.48423862117593,56.313686223975836,NaN,NaN,NaN,NaN,0.00043338842726119327,0.004644420701710006,0.004211032274448813,90.74074074074066,83.53909465020567
1759194000,0.9307236355631688,0.943,0.9307236355631688,0.9390000000000001,0.931,0.906,0.9185000000000001,NaN,NaN,NaN,NaN,NaN,NaN,NaN,NaN,NaN,NaN,0.9225625000000004,0.937091673238427,0.9080333267615738,0.9225625000000004,0.9298270866192136,0.9152979133807871,0.9097029948149481,0.9227255630877229,0.7218654296874998,0.8327914062499998,0.8579699999999996,0.8885562500000015,0.9225625000000004,0.00811922625748084,67.5775455843175,56.53788012147684,NaN,NaN,NaN,NaN,0.0010370196312640256,0.005507306813528845,0.004470287182264819,91.4581247914582,89.74530085641196
1759208400,0.9348618177815844,0.946,0.9348618177815844,0.9432499999999999,0.931,0.906,0.9185000000000001,NaN,NaN,NaN,NaN,NaN,NaN,NaN,NaN,NaN,NaN,0.9236250000000004,0.9407162989556793,0.9065337010443214,0.9236250000000004,0.9321706494778398,0.9150793505221609,0.9110185636457344,0.924591420988839,0.7222578124999998,0.8334515624999999,0.8588612499999997,0.8900750000000015,0.9236250000000004,0.008334865968976177,69.97161875618421,57.47492152521754,NaN,NaN,NaN,NaN,0.0015914720092757503,0.006459627193859507,0.004868155184583757,94.1047297297298,92.1011984206429
1759237200,0.9390559088907922,0.943,0.9390559088907922,0.943,0.931,0.906,0.9185000000000001,NaN,NaN,NaN,NaN,NaN,NaN,NaN,NaN,NaN,NaN,0.9249250000000006,0.9436773998461722,0.9061726001538289,0.9249250000000006,0.9343011999230864,0.9155488000769147,0.9122727376204115,0.9262649281716717,0.7226503906249998,0.8341007812499998,0.8597362499999996,0.8915500000000016,0.9249250000000006,0.008039096336135577,69.64584021387248,58.65134656754338,NaN,NaN,NaN,NaN,0.0017952279682536595,0.007112190144900832,0.005316962176647172,91.60472972972978,92.38919475030593
1759251600,0.9410279544453961,0.946,0.9410279544453961,0.946,0.931,0.906,0.9185000000000001,NaN,NaN,NaN,NaN,NaN,NaN,NaN,NaN,NaN,NaN,0.9259750000000004,0.9468573490056054,0.9050926509943955,0.9259750000000004,0.9364161745028029,0.915533825497198,0.9135953753607875,0.9280590256106106,0.7230449218749998,0.8347632812499997,0.8606112499999997,0.8931250000000015,0.9259750000000004,0.007820021280311881,71.36854141674223,59.65043412284518,NaN,NaN,NaN,NaN,0.001971808701569837,0.007781723053609468,0.005809914352039631,95.2083333333333,93.63926426426433
1759266000,0.943513977222698,0.967,0.943513977222698,0.9654999999999999,0.946,0.934,0.94,NaN,NaN,NaN,NaN,NaN,NaN,NaN,NaN,NaN,NaN,0.9280500000000005,0.955078040994327,0.901021959005674,0.9280500000000005,0.9415640204971637,0.9145359795028373,0.915630850836835,0.9314627505551005,0.7234546874999997,0.8354789062499999,0.8616287499999996,0.8950250000000015,0.9280500000000005,0.008939021387239744,79.50905450837601,61.29977125978311,NaN,NaN,NaN,NaN,0.0031705971781913825,0.00977316082477886,0.006602563646587477,96.68032786885242,94.49779697730519
1759280400,0.954506988611349,0.966,0.954506988611349,0.9625,0.946,0.934,0.94,NaN,NaN,NaN,NaN,NaN,NaN,NaN,NaN,NaN,NaN,0.9299250000000004,0.9607787274894217,0.8990712725105792,0.9299250000000004,0.9453518637447111,0.9144981362552898,0.9174688566863709,0.934284318686455,0.7238636718749998,0.8361648437499998,0.8625812499999996,0.8967312500000016,0.9299250000000004,0.009121449244483406,75.93216585927702,62.51673550320688,NaN,NaN,NaN,NaN,0.003504119323800953,0.010982712801338668,0.007478593477537715,96.72131147540982,96.20332422586522
1759294800,0.9585034943056745,0.966,0.953,0.959,0.946,0.934,0.94,NaN,NaN,NaN,NaN,NaN,NaN,NaN,NaN,NaN,NaN,0.9316250000000006,0.964860711215356,0.8983892887846452,0.9316250000000006,0.9482428556076783,0.9150071443923229,0.9190975289731799,0.9365311988058682,0.7242687499999998,0.8367984374999997,0.8635487499999995,0.8981375000000016,0.9316250000000006,0.009398488584163164,71.86990883395583,64.16802701869646,NaN,NaN,NaN,NaN,0.0032379300854762545,0.011526006084383034,0.008288075998906779,92.34972677595626,95.25045537340618
1759309200,0.9587517471528373,0.9587517471528373,0.953,0.953,0.946,0.934,0.94,NaN,NaN,NaN,NaN,NaN,NaN,NaN,NaN,NaN,NaN,0.9333000000000006,0.9672906604818288,0.8993093395181724,0.9333000000000006,0.9502953302409146,0.9163046697590865,0.9204270376408983,0.9380283625507893,0.7246589843749998,0.8374265624999998,0.8644612499999995,0.8996000000000016,0.9333000000000006,0.009155739399580082,65.40963095438221,65.43222986038424,NaN,NaN,NaN,NaN,0.002442883392596698,0.011341680239652652,0.008898796847055954,85.51912568306011,91.53005464480877
1759323600,0.9558758735764186,0.959,0.9558758735764186,0.959,0.946,0.934,0.94,NaN,NaN,NaN,NaN,NaN,NaN,NaN,NaN,NaN,NaN,0.9354250000000006,0.9702524676080568,0.9005975323919444,0.9354250000000006,0.9528387338040287,0.9180112661959725,0.9219397028314513,0.939934875046172,0.7250492187499997,0.8380765624999998,0.8654049999999995,0.9009500000000017,0.9354250000000006,0.00893032944246722,68.4625504813515,67.2659377927192,NaN,NaN,NaN,NaN,0.0021182808946826562,0.011546647965409274,0.009428367070726617,83.60655737704913,87.15846994535521
1759338000,0.9574379367882093,0.9574379367882093,0.954,0.954,0.946,0.934,0.94,NaN,NaN,NaN,NaN,NaN,NaN,NaN,NaN,NaN,NaN,0.9370875000000005,0.9721279320034905,0.9020470679965106,0.9370875000000005,0.9546077160017455,0.9195672839982555,0.9231969693870807,0.9412135227692473,0.7254374999999997,0.8386953124999998,0.8663449999999995,0.9021750000000017,0.9370875000000005,0.008649591625148133,63.437829895454975,68.02871744012265,NaN,NaN,NaN,NaN,0.0013987376108377265,0.011176789084273775,0.009778051473436048,79.71186588668803,82.94584964893245
1759352400,0.9557189683941046,0.9557189683941046,0.946,0.9484999999999999,0.967,0.953,0.96,NaN,0.953,NaN,NaN,NaN,NaN,NaN,NaN,NaN,NaN,0.9385125000000005,0.9729706176936752,0.9040543823063258,0.9385125000000005,0.9557415588468379,0.9212834411531632,0.9241892450973913,0.9418759297902248,0.7258152343749997,0.8392921874999999,0.8672474999999996,0.9033937500000014,0.9385125000000005,0.008725975680073602,58.36351246178625,67.76088095571599,NaN,NaN,NaN,NaN,0.00043427590371434427,0.010320896353078979,0.009886620449364635,73.56983224686394,78.96275183686707
1759366800,0.9521094841970523,0.9521094841970523,0.943,0.946,0.967,0.953,0.96,NaN,NaN,NaN,NaN,NaN,NaN,NaN,NaN,NaN,NaN,0.9396875000000007,0.9734776150484777,0.9058973849515236,0.9396875000000007,0.9565825575242393,0.9227924424757621,0.9250445688190623,0.9422508452638407,0.7261984374999998,0.8399031249999999,0.8681374999999996,0.9045937500000015,0.9396875000000007,0.008753369145572086,56.16437563331626,67.37348680982673,NaN,NaN,NaN,NaN,-0.0004426740610533556,0.00933327787304794,0.009775951934101296,60.912048138338264,71.39791542396344
1759381200,0.9490547420985261,0.952,0.9490547420985261,0.9515,0.967,0.953,0.96,NaN,NaN,NaN,NaN,NaN,NaN,NaN,NaN,NaN,NaN,0.9415625000000005,0.9735569819459621,0.909568018054039,0.9415625000000005,0.9575597409729812,0.9255652590270198,0.9260820367085109,0.9430916775125825,0.7265886718749998,0.8405171874999999,0.8690374999999995,0.9059093750000015,0.9415625000000005,0.008556699920888367,59.75697518499403,67.28241345751331,NaN,NaN,NaN,NaN,-0.0007072519405822274,0.008891887008373511,0.009599138948955739,56.115593098735616,63.532491161312635
1759395600,0.9502773710492631,0.955,0.9502773710492631,0.954,0.967,0.953,0.96,NaN,NaN,0.953,NaN,NaN,NaN,NaN,NaN,NaN,NaN,0.9436125000000006,0.9731863376777418,0.9140386623222595,0.9436125000000006,0.9583994188388713,0.92882558116113,0.9271768587983732,0.9440833431932568,0.7269789062499997,0.8411359374999998,0.8699774999999995,0.9071906250000016,0.9436125000000006,0.008282837708734685,61.30918867639422,67.05562417574319,NaN,NaN,NaN,NaN,-0.0007639782722810608,0.008644166108604412,0.009408144380885473,57.962564754387984,58.33006866382065
1759410000,0.9521386855246315,0.959,0.949,0.954,0.967,0.953,0.96,NaN,NaN,NaN,NaN,NaN,NaN,NaN,NaN,NaN,NaN,0.9459125000000006,0.9708400324689228,0.9209849675310784,0.9459125000000006,0.9583762662344617,0.9334487337655395,0.9282287466886331,0.9449848574484153,0.7273644531249998,0.8417671874999998,0.8709024999999996,0.9085531250000016,0.9459125000000006,0.00840549215811078,61.30918867639422,66.6078843966058,NaN,NaN,NaN,NaN,-0.0008452564910349097,0.008351573767091836,0.009196830258126745,61.50849102077168,58.52888295796512
1759424400,0.9530693427623158,0.9530693427623158,0.947,0.947,0.967,0.953,0.96,NaN,0.953,NaN,NaN,NaN,NaN,NaN,NaN,NaN,NaN,0.9473875000000005,0.9686351322207867,0.9261398677792143,0.9473875000000005,0.9580113161103936,0.9367636838896074,0.928964874269471,0.9451680522258321,0.7277484374999997,0.8423656249999999,0.8717974999999996,0.9097968750000016,0.9473875000000005,0.008305099861102868,54.48480219418207,65.50168321360566,NaN,NaN,NaN,NaN,-0.0013824597546155844,0.007468755564857266,0.00885121531947285,50.71406174848297,56.7283725078809
1759438800,0.9500346713811578,0.9500346713811578,0.946,0.947,0.959,0.943,0.951,NaN,NaN,NaN,NaN,NaN,NaN,NaN,NaN,NaN,NaN,0.9482375000000005,0.9679386896846267,0.9285363103153743,0.9482375000000005,0.9580880948423136,0.9383869051576874,0.9296721341020409,0.9453345929325746,0.7281253906249998,0.8429281249999997,0.8726512499999995,0.9110562500000015,0.9482375000000005,0.008000069255392511,54.48480219418207,64.41875192648492,NaN,NaN,NaN,NaN,-0.0017273923686472424,0.006691974858663796,0.008419367227311039,36.99077315634887,49.73777530853454
1759453200,0.9485173356905789,0.949,0.947,0.948,0.959,0.943,0.951,NaN,NaN,NaN,NaN,NaN,NaN,NaN,NaN,NaN,NaN,0.9491625000000005,0.9668968416847191,0.9314281583152818,0.9491625000000005,0.9580296708423598,0.9402953291576411,0.9303908739411765,0.9455769026659769,0.7285152343749999,0.8434765624999997,0.8735462499999995,0.9121687500000014,0.9491625000000005,0.007571492880007332,55.30899625498281,63.2716415577878,NaN,NaN,NaN,NaN,-0.0018659767864001899,0.006086896244310802,0.007952873030710992,24.085326809055516,37.26338723796248
1759467600,0.9482586678452894,0.9482586678452894,0.936,0.9395,0.959,0.943,0.951,NaN,0.943,NaN,NaN,NaN,NaN,NaN,NaN,NaN,NaN,0.9496875000000005,0.9655232783196932,0.9338517216803077,0.9496875000000005,0.9576053891598468,0.9417696108401541,0.9307480945709342,0.9450244569690699,0.7289019531249998,0.8440265624999996,0.8743699999999995,0.9130875000000016,0.9496875000000005,0.007906291091813194,47.4446301811957,60.981325534417785,NaN,NaN,NaN,NaN,-0.002469976195899173,0.004865402785837025,0.0073353789817361984,18.498042866317054,26.52471427724051
1759482000,0.9438793339226448,0.9438793339226448,0.943,0.943,0.959,0.943,0.951,NaN,NaN,NaN,NaN,NaN,NaN,NaN,NaN,NaN,NaN,0.9501375000000005,0.9646180688766063,0.9356569311233948,0.9501375000000005,0.9573777844383033,0.9428972155616977,0.9312285614505054,0.9448404154264272,0.7292925781249998,0.8445546874999996,0.8751899999999996,0.9140437500000017,0.9501375000000005,0.007654365579729735,50.561826558408185,59.16915844149859,NaN,NaN,NaN,NaN,-0.0025625845173430604,0.004132148335057373,0.006694732852400433,18.611111111110947,20.398160262161202
1759496400,0.9434396669613223,0.944,0.9434396669613223,0.944,0.959,0.943,0.951,NaN,NaN,NaN,NaN,NaN,NaN,NaN,NaN,NaN,NaN,0.9503875000000004,0.9642497463904847,0.9365252536095161,0.9503875000000004,0.9573186231952425,0.9434563768047582,0.9317294021779365,0.9447640140240247,0.7296843749999998,0.8451078124999997,0.8759999999999997,0.9150562500000016,0.9503875000000004,0.007179053752606183,51.447904016999914,57.71044381171602,NaN,NaN,NaN,NaN,-0.0024835116419191314,0.0035903433000015195,0.006073854941920651,23.260869565217146,20.12334118088175
1759510800,0.9437198334806611,0.9437198334806611,0.941,0.941,0.959,0.943,0.951,NaN,0.943,NaN,NaN,NaN,NaN,NaN,NaN,NaN,NaN,0.9502750000000004,0.9644011282731868,0.936148871726814,0.9502750000000004,0.9573380641365936,0.9432119358634072,0.9320929550337037,0.9444218309309315,0.7300718749999998,0.8456359374999997,0.8768249999999996,0.9160125000000015,0.9502750000000004,0.006880549913134313,48.6318805268837,56.512033066894695,NaN,NaN,NaN,NaN,-0.002550587678983492,0.0028856203431912864,0.005436208022174778,26.618357487922378,22.830112721416857
1759698000,0.9423599167403305,0.9423599167403305,0.893,0.8939999999999999,0.949,0.936,0.9425,NaN,0.936,NaN,NaN,NaN,NaN,NaN,NaN,NaN,NaN,0.9478250000000005,0.976079689876017,0.9195703101239839,0.9478250000000005,0.9619523449380087,0.9336976550619922,0.9305991136598329,0.9398380281190286,0.7304234374999998,0.8459984374999998,0.8773799999999997,0.9163187500000015,0.9478250000000005,0.009914790400791181,25.283211999980708,53.42779460393963,NaN,NaN,NaN,NaN,-0.0055079146890456045,-0.0014486853391322274,0.004059229349913377,19.345630215195147,23.074952422778257
1759712400,0.9181799583701652,0.9181799583701652,0.888,0.8959999999999999,0.949,0.936,0.9425,NaN,NaN,NaN,NaN,NaN,NaN,NaN,NaN,NaN,NaN,0.9453250000000004,0.981516539066339,0.9091334609336619,0.9453250000000004,0.9634207695331697,0.9272292304668311,0.9292422856731728,0.9358527528354805,0.7307765624999998,0.8463765624999997,0.8779649999999997,0.9167562500000015,0.9453250000000004,0.01136230239860361,26.891724416131197,50.817358498273656,NaN,NaN,NaN,NaN,-0.006982147868119573,-0.004668455485236089,0.0023136923828834836,11.507295861245419,19.157094521454344
1759726800,0.9070899791850826,0.908,0.897,0.904,0.949,0.936,0.9425,NaN,NaN,NaN,NaN,NaN,NaN,NaN,NaN,NaN,NaN,0.9422500000000003,0.9813926876950427,0.9031073123049578,0.9422500000000003,0.9618213438475215,0.922678656152479,0.9282523921173621,0.932957048032255,0.7311402343749999,0.8467796874999998,0.8785549999999998,0.9173250000000015,0.9422500000000003,0.011407852227274789,33.09615560393618,49.012547294141505,NaN,NaN,NaN,NaN,-0.007050705116689661,-0.006499689012978593,0.000551016103711068,11.77265613885323,14.208527405097962
1759741200,0.9055449895925414,0.908,0.905,0.9065000000000001,0.949,0.936,0.9425,NaN,NaN,NaN,NaN,NaN,NaN,NaN,NaN,NaN,NaN,0.9394500000000002,0.9803693108445314,0.8985306891554691,0.9394500000000002,0.9599096554222658,0.9189903445777347,0.9273993571323675,0.9305518618475045,0.7315052734374998,0.8471734374999997,0.8790974999999998,0.9178937500000016,0.9394500000000002,0.01087871992532659,34.95392262254518,47.49751493622929,NaN,NaN,NaN,NaN,-0.006569545208057691,-0.007660915406361046,-0.001091370198303355,19.95305164319249,14.411001214430408
1759755600,0.9060224947962707,0.9060224947962707,0.898,0.902,0.949,0.936,0.9425,NaN,NaN,NaN,NaN,NaN,NaN,NaN,NaN,NaN,NaN,0.9366000000000003,0.9795646366211855,0.8936353633788151,0.9366000000000003,0.9580823183105929,0.9151176816894078,0.9264033039114904,0.9279562380431859,0.7318710937499998,0.8475671874999998,0.8795399999999998,0.9184437500000018,0.9366000000000003,0.010708811359231837,33.1685695882135,45.59834310788782,NaN,NaN,NaN,NaN,-0.006200806756884302,-0.008842378644408733,-0.0026415718875244304,22.769953051643252,18.165220277896356
1759770000,0.9040112473981354,0.9040112473981354,0.904,0.904,0.949,0.936,0.9425,NaN,NaN,NaN,NaN,NaN,NaN,NaN,NaN,NaN,NaN,0.9341500000000004,0.9786551682390987,0.889644831760902,0.9341500000000004,0.9564025841195496,0.9118974158804511,0.9255247429737848,0.9257783982210781,0.7322367187499997,0.8479562499999999,0.8799574999999998,0.9190250000000016,0.9341500000000004,0.010087556790582094,34.76342566786555,43.7022171787072,NaN,NaN,NaN,NaN,-0.005492914068494343,-0.009507714473142359,-0.004014800404648016,22.769953051643252,21.830985915493027
1759784400,0.9040056236990677,0.9040056236990677,0.903,0.903,0.908,0.888,0.898,NaN,NaN,NaN,NaN,NaN,NaN,NaN,NaN,NaN,NaN,0.9313500000000003,0.9762934088603737,0.8864065911396269,0.9313500000000003,0.953821704430187,0.9088782955698137,0.9246414197199109,0.9237076347464347,0.7326033203124998,0.8483437499999997,0.8803537499999997,0.9195062500000019,0.9313500000000003,0.009438847284045346,34.32239076432053,41.77458875641623,NaN,NaN,NaN,NaN,-0.004788488508377636,-0.01000041104012006,-0.005211922531742425,21.76861723568814,22.436174446324912
1759798800,0.9035028118495338,0.911,0.902,0.9052500000000001,0.908,0.888,0.898,NaN,NaN,NaN,NaN,NaN,NaN,NaN,NaN,NaN,NaN,0.9289125000000004,0.9739656006146175,0.8838593993853833,0.9289125000000004,0.9514390503073089,0.9063859496926918,0.9238809718877575,0.9220296679513043,0.7329519531249998,0.8487179687499997,0.8807849999999998,0.9199281250000018,0.9289125000000004,0.009407501049470678,36.28116955065031,40.47432928187825,NaN,NaN,NaN,NaN,-0.003904841887632923,-0.01009297489128358,-0.006188133003650656,24.464857453852634,23.001142580394703
1759813200,0.904376405924767,0.912,0.898,0.90475,0.908,0.888,0.898,NaN,NaN,NaN,NaN,NaN,NaN,NaN,NaN,NaN,NaN,0.9267250000000005,0.9720093516017357,0.8814406483982652,0.9267250000000005,0.949367175800868,0.9040828241991329,0.9231307376960808,0.9204587890466402,0.7333044921874998,0.8490953124999997,0.8811887499999997,0.9202562500000017,0.9267250000000005,0.009735536688794202,36.02405137412893,39.15570422330302,NaN,NaN,NaN,NaN,-0.0031217838451600127,-0.010090362810100673,-0.00696857896494066,26.106125829131656,24.11320017289084
1759827600,0.9045632029623836,0.905,0.903,0.9040000000000001,0.908,0.888,0.898,NaN,NaN,NaN,NaN,NaN,NaN,NaN,NaN,NaN,NaN,0.9246250000000004,0.9700343877958166,0.8792156122041841,0.9246250000000004,0.9473296938979086,0.9019203061020922,0.9223805126883914,0.9189625354969457,0.7336537109374998,0.8494515624999999,0.8815662499999998,0.9205500000000019,0.9246250000000004,0.009182998353880329,35.61631781198625,37.74908433451755,NaN,NaN,NaN,NaN,-0.002451661210451282,-0.010033155478004763,-0.0075814942675534805,27.272747860688145,25.947910381224176
1759842000,0.9042816014811919,0.9042816014811919,0.897,0.8995,0.908,0.888,0.898,NaN,NaN,NaN,NaN,NaN,NaN,NaN,NaN,NaN,NaN,0.9220250000000003,0.9669334902884845,0.8771165097115161,0.9220250000000003,0.9444792451442424,0.8995707548557582,0.9214832376810035,0.9171932140881325,0.7339962890624998,0.8497992187499998,0.8819412499999999,0.9208437500000016,0.9220250000000003,0.009047184291545437,33.18906579879334,36.73082973577452,NaN,NaN,NaN,NaN,-0.0021211816447406825,-0.010232971323479334,-0.008111789678738652,24.848975784710067,26.07594982484332
1759856400,0.9018908007405959,0.9018908007405959,0.898,0.898,0.908,0.888,0.898,NaN,NaN,NaN,NaN,NaN,NaN,NaN,NaN,NaN,NaN,0.9192250000000005,0.9627723592768828,0.8756776407231183,0.9192250000000005,0.9409986796384416,0.8974513203615594,0.9205623263993955,0.9154483764437568,0.7343369140624997,0.8501367187499997,0.8823112499999998,0.9210875000000016,0.9192250000000005,0.008678871180763327,32.39651416837887,35.433307422201,NaN,NaN,NaN,NaN,-0.001824620466132347,-0.010392565261404085,-0.008567944795271738,21.648351272610128,24.59002497266948
1759870800,0.899945400370298,0.909,0.899945400370298,0.909,0.912,0.897,0.9045000000000001,NaN,NaN,NaN,NaN,NaN,NaN,NaN,NaN,NaN,NaN,0.9169750000000004,0.9576588112766035,0.8762911887233974,0.9169750000000004,0.937316905638302,0.8966330943616989,0.9201089018347133,0.9148621604034153,0.7346849609374997,0.8504992187499998,0.8827312499999997,0.9214500000000015,0.9169750000000004,0.008844666096423091,43.12295559214446,34.83866824899703,NaN,NaN,NaN,NaN,-0.0007629854256323513,-0.009521676577312177,-0.008758691151679826,25.360470662079663,23.952599239799984
1759885200,0.904472700185149,0.926,0.904472700185149,0.91625,0.912,0.897,0.9045000000000001,0.912,NaN,NaN,NaN,NaN,NaN,NaN,NaN,NaN,NaN,0.9154375000000003,0.9537196351937336,0.8771553648062671,0.9154375000000003,0.934578567596867,0.8962964324031337,0.9199575723509991,0.9149883276394685,0.7350406249999997,0.8508999999999997,0.8832074999999997,0.9218906250000016,0.9154375000000003,0.00975056850488223,48.88009347947976,34.85639774561104,NaN,NaN,NaN,NaN,0.00048495318527095807,-0.008152499670091129,-0.008637452855362087,35.83804546158669,27.615622465425492
1759899600,0.9103613500925745,0.929,0.9103613500925745,0.92575,0.912,0.897,0.9045000000000001,NaN,NaN,NaN,NaN,NaN,NaN,NaN,NaN,NaN,NaN,0.9143750000000004,0.9501945128385502,0.8785554871614506,0.9143750000000004,0.9322847564192753,0.8964652435807254,0.9201847263764501,0.9159666614904258,0.7354037109374998,0.8513335937499997,0.8837062499999998,0.9224718750000015,0.9143750000000004,0.010385431462206756,55.26928276727145,36.99825994327466,NaN,NaN,NaN,NaN,0.0019267286978830924,-0.006229041983008221,-0.008155770680891314,60.57672141977475,40.5917458478137
1759914000,0.9180556750462872,0.928,0.9180556750462872,0.926,0.912,0.897,0.9045000000000001,NaN,NaN,NaN,NaN,NaN,NaN,NaN,NaN,NaN,NaN,0.9132750000000003,0.9461246194801695,0.8804253805198311,0.9132750000000003,0.9296998097400848,0.8968501902599157,0.9204127763224716,0.9168787831731144,0.7357708984374998,0.8517601562499998,0.8842237499999998,0.9230593750000015,0.9132750000000003,0.010353923854457195,55.427162750018105,39.036505538552305,NaN,NaN,NaN,NaN,0.002819712375696397,-0.0046311302112708175,-0.0074508425869672145,78.22220313864746,58.21232334000297
1759928400,0.9220278375231437,0.932,0.9220278375231437,0.932,0.912,0.897,0.9045000000000001,NaN,NaN,NaN,NaN,NaN,NaN,NaN,NaN,NaN,NaN,0.9129000000000003,0.9446979559090186,0.8811020440909819,0.9129000000000003,0.9287989779545095,0.897001022045491,0.9208671772510022,0.9182534392482858,0.7361427734374997,0.8522507812499998,0.8847737499999997,0.9237343750000016,0.9129000000000003,0.010326655184628566,59.153419993903476,40.89773870926425,NaN,NaN,NaN,NaN,0.0036824371554241373,-0.0028477961426870424,-0.00653023329811118,94.23272357723569,77.6772160452193
1759942800,0.9270139187615718,0.9270139187615718,0.924,0.9245000000000001,0.912,0.897,0.9045000000000001,NaN,NaN,NaN,NaN,NaN,NaN,NaN,NaN,NaN,NaN,0.9119750000000003,0.9411879680106596,0.882762031989341,0.9119750000000003,0.9265814840053299,0.8973685159946707,0.9210096408882178,0.9188213084075326,0.7365128906249998,0.8527117187499996,0.8852699999999996,0.9242781250000014,0.9119750000000003,0.010160465528583669,53.16982139883883,42.19887433614237,NaN,NaN,NaN,NaN,0.0036110393048094224,-0.0020164341670994013,-0.005627473471908824,89.7321428571429,87.39568985767535
1759957200,0.925756959380786,0.925756959380786,0.921,0.921,0.932,0.909,0.9205000000000001,NaN,NaN,NaN,NaN,NaN,NaN,NaN,NaN,NaN,NaN,0.9108250000000003,0.936501399669564,0.8851486003304366,0.9108250000000003,0.9236631998347822,0.8979868001652185,0.9210092628141701,0.9190193712795751,0.7368785156249997,0.8531617187499998,0.8857649999999997,0.9247218750000015,0.9108250000000003,0.009774500803740972,50.59762464338779,43.44380684008338,NaN,NaN,NaN,NaN,0.003204934646024148,-0.0016213051643786391,-0.004826239810402787,82.38095238095242,88.78193960511034
1759971600,0.923378479690393,0.924,0.923,0.9235,0.932,0.909,0.9205000000000001,NaN,NaN,NaN,NaN,NaN,NaN,NaN,NaN,NaN,NaN,0.9099500000000005,0.9324497777764734,0.8874502222235275,0.9099500000000005,0.9211998888882369,0.8987001111117641,0.9211069387822418,0.9194267011632501,0.7372499999999997,0.8536351562499999,0.8862387499999997,0.9251968750000014,0.9099500000000005,0.009290607889188045,52.370080704578974,44.70142505699148,NaN,NaN,NaN,NaN,0.002985932210051726,-0.0010938245478381292,-0.004079756757889855,74.28571428571428,82.13293650793652
1759986000,0.9234392398451965,0.929,0.9234392398451965,0.927,0.932,0.909,0.9205000000000001,NaN,NaN,NaN,NaN,NaN,NaN,NaN,NaN,NaN,NaN,0.9116000000000003,0.9340189651855715,0.8891810348144291,0.9116000000000003,0.922809482592786,0.9003905174072147,0.9213380392221538,0.920115182875682,0.7376210937499998,0.8541429687499997,0.8867187499999997,0.9257093750000014,0.9116000000000003,0.009024190193874867,54.81430647239568,46.16513332185399,NaN,NaN,NaN,NaN,0.002952694412463067,-0.0003888887423110221,-0.003341583154774089,76.66666666666661,77.77777777777777
1760000400,0.9252196199225983,0.93,0.9252196199225983,0.93,0.932,0.909,0.9205000000000001,NaN,NaN,NaN,NaN,NaN,NaN,NaN,NaN,NaN,NaN,0.9133000000000004,0.9358851721266493,0.8907148278733515,0.9133000000000004,0.924592586063325,0.9020074139366759,0.92167772395854,0.9210138026142564,0.7379974609374998,0.8546507812499998,0.8871799999999996,0.9262593750000014,0.9133000000000004,0.008721060899841076,56.85792753605185,47.63490174938267,NaN,NaN,NaN,NaN,0.0029989940518831506,0.00040715941007984924,-0.0025918346418033014,85.23809523809518,78.73015873015869
1760014800,0.9276098099612992,0.934,0.927,0.93,0.932,0.909,0.9205000000000001,NaN,NaN,NaN,NaN,NaN,NaN,NaN,NaN,NaN,NaN,0.9146000000000004,0.9378768124963808,0.89132318750362,0.9146000000000004,0.9262384062481906,0.9029615937518102,0.9220040877248717,0.921830729649324,0.7383587890624999,0.8551359374999998,0.8876349999999996,0.9266156250000014,0.9146000000000004,0.008598127978423856,56.85792753605185,49.123035760948596,NaN,NaN,NaN,NaN,0.0028944308067877585,0.0010262038666813966,-0.0018682269401063619,89.72972972972974,83.87816387816383
1760029200,0.9288049049806496,0.9288049049806496,0.927,0.927,0.932,0.909,0.9205000000000001,NaN,NaN,NaN,NaN,NaN,NaN,NaN,NaN,NaN,NaN,0.9156250000000006,0.9391884780962028,0.8920615219037984,0.9156250000000006,0.9274067390481017,0.9038432609518995,0.9222000058533082,0.9223006633175673,0.7387095703124997,0.8556007812499997,0.8880674999999996,0.9267687500000014,0.9156250000000006,0.008198261694250723,54.02420595902279,50.437884914308356,NaN,NaN,NaN,NaN,0.0025027410217235927,0.001260199337048129,-0.0012425416846754637,88.1853281853282,87.71771771771769
1760043600,0.9279024524903248,0.9279024524903248,0.922,0.923,0.934,0.921,0.9275,NaN,NaN,NaN,NaN,NaN,NaN,NaN,NaN,NaN,NaN,0.9166750000000004,0.9395786569130742,0.8937713430869265,0.9166750000000004,0.9281268284565373,0.9052231715434634,0.9222313781727863,0.9223642393796067,0.7390556640624998,0.8560664062499999,0.8884974999999996,0.9268562500000013,0.9166750000000004,0.008034275322541723,50.41625865886538,51.668398690027786,NaN,NaN,NaN,NaN,0.0018820969928835265,0.0011100795564289445,-0.000772017436454582,79.90490490490491,85.93998760665427
1760058000,0.9254512262451624,0.9254512262451624,0.918,0.9185000000000001,0.934,0.921,0.9275,NaN,0.921,NaN,NaN,NaN,NaN,NaN,NaN,NaN,NaN,0.9174000000000004,0.9395587454516567,0.8952412545483441,0.9174000000000004,0.9284793727258286,0.9063206272741723,0.9220850496169908,0.9220129448905515,0.7393998046874998,0.85652421875,0.8889099999999996,0.9269250000000013,0.9174000000000004,0.007992628959871769,46.64236577527919,52.685959519092094,NaN,NaN,NaN,NaN,0.001114285553518247,0.000620839505443227,-0.0004934460480750201,68.3367939006517,78.8090089969616
1760072400,0.9219756131225813,0.9219756131225813,0.909,0.9155,0.934,0.921,0.9275,NaN,NaN,NaN,NaN,NaN,NaN,NaN,NaN,NaN,NaN,0.9180250000000004,0.9392074809687421,0.8968425190312588,0.9180250000000004,0.9286162404843712,0.9074337595156297,0.9218268123771088,0.9214208589914105,0.7397335937499998,0.8569695312499999,0.8892824999999996,0.9268875000000014,0.9180250000000004,0.008348556400065302,44.263561375039174,52.76743136072743,NaN,NaN,NaN,NaN,0.0003876691902952886,-0.00000885956020590939,-0.00039652875050119797,53.75847240375771,67.33339040310476
1760086800,0.9187378065612906,0.9187378065612906,0.917,0.917,0.934,0.921,0.9275,NaN,NaN,NaN,NaN,NaN,NaN,NaN,NaN,NaN,NaN,0.9186125000000004,0.9389812720540766,0.8982437279459242,0.9186125000000004,0.9287968860270385,0.9084281139729623,0.9216375256172222,0.921018962719464,0.7400632812499998,0.8574601562499998,0.8896024999999996,0.9267625000000013,0.9186125000000004,0.007983502840152822,45.75328696713611,52.544088038417165,NaN,NaN,NaN,NaN,0.000011259443831225632,-0.0003824544457121659,-0.00039371388954339155,41.276990922276234,54.45741907556186
1760101200,0.9178689032806453,0.924,0.9178689032806453,0.924,0.934,0.921,0.9275,NaN,NaN,0.921,NaN,NaN,NaN,NaN,NaN,NaN,NaN,0.9195750000000006,0.9390314256735459,0.9001185743264553,0.9195750000000006,0.9293032128367732,0.909846787163228,0.9217301716714488,0.9212899661086037,0.7403951171874998,0.8579976562499999,0.8899499999999996,0.9266812500000012,0.9195750000000006,0.007913252637284764,52.17712013160737,52.323219278726874,NaN,NaN,NaN,NaN,0.0002250559294664368,-0.00011239397771034554,-0.00033744990717678234,43.11537219679971,46.0502785076112
1760115600,0.9209344516403226,0.9209344516403226,0.915,0.9165000000000001,0.934,0.921,0.9275,NaN,0.921,NaN,NaN,NaN,NaN,NaN,NaN,NaN,NaN,0.9202000000000006,0.9383759456422424,0.9020240543577588,0.9202000000000006,0.9292879728211215,0.9111120271788796,0.9215250669000195,0.9208545146441852,0.7407205078124998,0.8585203124999998,0.8902724999999997,0.9265500000000012,0.9202000000000006,0.007990877448907282,45.904817594658105,51.643051767629736,NaN,NaN,NaN,NaN,-0.00012829439121587685,-0.0004978178961966284,-0.00036952350498075157,40.66666666666676,41.68634326191421
1760346000,0.9187172258201614,0.922,0.9187172258201614,0.922,0.924,0.909,0.9165000000000001,NaN,NaN,NaN,NaN,NaN,NaN,NaN,NaN,NaN,NaN,0.9213250000000004,0.9368250806446594,0.9058249193553414,0.9213250000000004,0.9290750403223299,0.9135749596776709,0.9215436917274696,0.9209586496765321,0.7410455078124998,0.8590578124999999,0.8906249999999996,0.9265000000000013,0.9213250000000004,0.007812957631128187,50.595139791777655,51.03174603890646,NaN,NaN,NaN,NaN,0.000011323903553952944,-0.0003553686255383104,-0.00036669252909226333,47.33333333333343,43.70512406559994
1760389200,0.9203586129100807,0.9203586129100807,0.903,0.905,0.922,0.922,0.922,NaN,0.922,NaN,NaN,NaN,NaN,NaN,NaN,NaN,NaN,0.9216750000000005,0.9352489640485093,0.9081010359514916,0.9216750000000005,0.9284619820242549,0.914888017975746,0.920894919502863,0.9195078633423018,0.7413611328124998,0.8595484374999998,0.8908774999999995,0.9263000000000012,0.9216750000000005,0.008612032086047603,39.26327215089496,50.03842109262475,NaN,NaN,NaN,NaN,-0.000983316890984305,-0.0015958386428226445,-0.0006125217518383396,29.483870967742025,39.16129032258072
1760403600,0.9126793064550404,0.9126793064550404,0.886,0.89275,0.922,0.922,0.922,NaN,NaN,NaN,NaN,NaN,NaN,NaN,NaN,NaN,NaN,0.9208625000000005,0.9386617099540998,0.9030632900459011,0.9208625000000005,0.9297621049770501,0.9119628950229508,0.9197911971694174,0.9170753303111835,0.7416753906249998,0.8598476562499998,0.8910487499999996,0.9259468750000014,0.9208625000000005,0.0099025516838328,33.44954371492639,48.81355816916322,NaN,NaN,NaN,NaN,-0.0023313735132020116,-0.0035267386433408543,-0.0011953651301388427,24.17137096774198,33.662858422939124
1760418000,0.9027146532275202,0.9027146532275202,0.883,0.88575,0.922,0.922,0.922,NaN,NaN,NaN,NaN,NaN,NaN,NaN,NaN,NaN,NaN,0.9193375000000005,0.9427859940878974,0.8958890059121035,0.9193375000000005,0.931061747043949,0.907613252956052,0.9184562482608127,0.9142275730101668,0.7419775390624996,0.8600882812499998,0.8911699999999996,0.9255062500000013,0.9193375000000005,0.010603416079810472,30.65614795587433,47.262562972827176,NaN,NaN,NaN,NaN,-0.003489920566844611,-0.005557765838694606,-0.0020678452718499952,8.635423255323694,20.763555063602542
1760432400,0.8942323266137602,0.8942323266137602,0.882,0.8835,0.922,0.922,0.922,NaN,NaN,NaN,NaN,NaN,NaN,NaN,NaN,NaN,NaN,0.9172250000000005,0.9451646224024081,0.889285377597593,0.9172250000000005,0.9311948112012043,0.9032551887987967,0.9170854149956829,0.9114341572819697,0.7422763671874997,0.8602648437499999,0.8912862499999996,0.9250312500000014,0.9172250000000005,0.010719766832235451,29.794851503759446,45.47545904649602,NaN,NaN,NaN,NaN,-0.004157865605310466,-0.0072651772784880775,-0.0031073116731776115,7.446424082453521,13.41773943517304
1760446800,0.8888661633068801,0.894,0.8888661633068801,0.894,0.922,0.922,0.922,NaN,NaN,NaN,NaN,NaN,NaN,NaN,NaN,NaN,NaN,0.9156250000000006,0.9449995212725141,0.8862504787274871,0.9156250000000006,0.9303122606362573,0.9009377393637439,0.9161801046036953,0.9098492338926998,0.7425849609374997,0.86044921875,0.8914762499999995,0.9246625000000014,0.9156250000000006,0.010704069201361495,38.48114996772834,44.16283207733005,NaN,NaN,NaN,NaN,-0.0036601441921212292,-0.007682491913329148,-0.004022347721207919,10.451231774761169,8.844359704179462
1760461200,0.89143308165344,0.89143308165344,0.885,0.8855,0.922,0.922,0.922,NaN,NaN,NaN,NaN,NaN,NaN,NaN,NaN,NaN,NaN,0.9133000000000007,0.944430611943691,0.8821693880563103,0.9133000000000007,0.9288653059718459,0.8977346940281554,0.9149769632466876,0.9076356671751816,0.7428802734374997,0.8606101562499999,0.8915987499999994,0.9242562500000016,0.9133000000000007,0.010582349972692818,34.73451536944535,42.582588351143876,NaN,NaN,NaN,NaN,-0.0036620904122223324,-0.008599960736485834,-0.004937870324263502,11.146462402397376,9.681372753204021
1760475600,0.88846654082672,0.88846654082672,0.888,0.888,0.907,0.882,0.8945000000000001,NaN,NaN,NaN,NaN,NaN,NaN,NaN,NaN,NaN,NaN,0.9114750000000006,0.9440130162270038,0.8789369837729973,0.9114750000000006,0.9277440081135022,0.895205991886499,0.9139190431193666,0.9058506065228924,0.7431826171874997,0.86078203125,0.8917187499999993,0.9238125000000016,0.9114750000000006,0.010038363605123338,36.687018893921575,41.344217846493784,NaN,NaN,NaN,NaN,-0.0032667756538169116,-0.009021339891534641,-0.005754564237717729,14.541989612723777,12.046561263294107
1760490000,0.88823327041336,0.898,0.88823327041336,0.896,0.907,0.882,0.8945000000000001,NaN,NaN,NaN,NaN,NaN,NaN,NaN,NaN,NaN,NaN,0.9102250000000005,0.9431221503323657,0.8773278496676353,0.9102250000000005,0.9266735751661831,0.8937764248338179,0.9132163355460581,0.9049550968389931,0.7434978515624997,0.860996875,0.8918562499999994,0.9235000000000015,0.9102250000000005,0.01003562334761453,42.60430094548054,40.786220866966296,NaN,NaN,NaN,NaN,-0.0022847456696570585,-0.008610496324789052,-0.006325750655131994,17.58969335377863,14.42604845629993
1760504400,0.89211663520668,0.908,0.892,0.897,0.907,0.882,0.8945000000000001,NaN,NaN,NaN,NaN,NaN,NaN,NaN,NaN,NaN,NaN,0.9089000000000006,0.9416862013656583,0.8761137986343429,0.9089000000000006,0.9252931006828294,0.8925068993171718,0.9125804008187617,0.9042319062172665,0.7438132812499998,0.8611859374999999,0.8919912499999992,0.9231875000000015,0.9089000000000006,0.01046165025135635,43.317439091477276,40.54872610383759,NaN,NaN,NaN,NaN,-0.0014279698322403403,-0.008110712945432419,-0.006682743113192079,27.00183900998928,19.711173992163896
1760518800,0.89455831760334,0.901,0.89455831760334,0.901,0.907,0.882,0.8945000000000001,NaN,NaN,NaN,NaN,NaN,NaN,NaN,NaN,NaN,NaN,0.9076000000000006,0.9394611832797963,0.8757388167202049,0.9076000000000006,0.9235305916398985,0.8916694083601028,0.91212626745332,0.9039380965611513,0.7441300781249998,0.8613640625000001,0.8921812499999993,0.9229875000000016,0.9076000000000006,0.01017450969030661,46.19712093730578,40.68683750114234,NaN,NaN,NaN,NaN,-0.0004999068490291244,-0.007307626674478485,-0.00680771982544936,37.724138417489534,27.438556927085813
1760533200,0.89777915880167,0.9,0.895,0.8975,0.907,0.882,0.8945000000000001,NaN,NaN,NaN,NaN,NaN,NaN,NaN,NaN,NaN,NaN,0.9059750000000006,0.9363826059562218,0.8755673940437795,0.9059750000000006,0.9211788029781112,0.8907711970218901,0.9115526883375036,0.9033528150555921,0.7444398437499997,0.8615125000000001,0.8923137499999992,0.9226437500000015,0.9059750000000006,0.009876330426713282,44.08657809377338,40.56778686733072,NaN,NaN,NaN,NaN,-0.000053306148829616526,-0.006874352511486381,-0.006821046362656765,39.28571428571424,34.67056390439768
1760547600,0.8976395794008349,0.8976395794008349,0.896,0.896,0.907,0.882,0.8945000000000001,NaN,NaN,NaN,NaN,NaN,NaN,NaN,NaN,NaN,NaN,0.9042750000000005,0.9328673503753993,0.8756826496246017,0.9042750000000005,0.9185711751876998,0.8899788248123012,0.9109427789909348,0.9026843773232656,0.7447562499999998,0.8616554687500001,0.8924412499999993,0.9222937500000015,0.9042750000000005,0.009287991067721971,43.176179926044334,39.92486256693336,NaN,NaN,NaN,NaN,0.0001958685963066708,-0.006576210617273426,-0.006772079213580097,39.047619047619,38.685823916940926
1760562000,0.8968197897004175,0.907,0.8968197897004175,0.903,0.908,0.888,0.898,NaN,NaN,NaN,NaN,NaN,NaN,NaN,NaN,NaN,NaN,0.9030750000000005,0.92969834501879,0.876451654981211,0.9030750000000005,0.9163866725093952,0.8897633274906058,0.9106312974618785,0.9027130702938778,0.7450763671874997,0.8618429687500001,0.8925962499999993,0.9220187500000016,0.9030750000000005,0.009410277420027546,48.5189205715111,40.11158420813714,NaN,NaN,NaN,NaN,0.0008502421440030978,-0.005709276533576224,-0.006559518677579322,41.468253968253926,39.933862433862394
1760576400,0.8999098948502088,0.912,0.8999098948502088,0.908,0.908,0.888,0.898,NaN,NaN,NaN,NaN,NaN,NaN,NaN,NaN,NaN,NaN,0.9023250000000005,0.9274646599020261,0.8771853400979749,0.9023250000000005,0.9148948299510133,0.8897551700489876,0.9105281093261186,0.9031937002671616,0.7453982421874997,0.86203203125,0.8928112499999993,0.9218062500000016,0.9023250000000005,0.009601693686439238,51.991173882826146,40.21130092892632,NaN,NaN,NaN,NaN,0.0015947099069996435,-0.004566131293829767,-0.006160841200829411,51.760462451156734,44.09211182234322
1760590800,0.9039549474251044,0.916,0.9039549474251044,0.911,0.908,0.888,0.898,0.908,NaN,NaN,NaN,NaN,NaN,NaN,NaN,NaN,NaN,0.9019500000000005,0.9263254999946693,0.8775745000053317,0.9019500000000005,0.9141377499973349,0.8897622500026661,0.9105466148427414,0.9039033638792379,0.7457171874999997,0.8622453125,0.8930462499999995,0.9217000000000016,0.9019500000000005,0.009776219321328982,53.996082162027875,41.263644501150104,NaN,NaN,NaN,NaN,0.0022253507543304584,-0.003379152757916337,-0.005604503512246796,68.52516833350967,53.917961584306774
1760619600,0.9074774737125522,0.918,0.9074774737125522,0.916,0.908,0.888,0.898,NaN,NaN,NaN,NaN,NaN,NaN,NaN,NaN,NaN,NaN,0.9019750000000004,0.92640699746214,0.8775430025378609,0.9019750000000004,0.9141909987310702,0.8897590012689306,0.9107604730842025,0.9050030580720344,0.7460382812499997,0.8624515625000001,0.8933212499999993,0.9216937500000016,0.9019750000000004,0.009829526961766045,57.2039092818052,42.9603848987843,NaN,NaN,NaN,NaN,0.0028741511639381306,-0.002011814557324132,-0.0048859657212622625,82.50664981499115,67.59742686655251
1760634000,0.9117387368562762,0.913,0.9117387368562762,0.913,0.908,0.888,0.898,NaN,NaN,NaN,NaN,NaN,NaN,NaN,NaN,NaN,NaN,0.9017750000000003,0.925773385362167,0.8777766146378336,0.9017750000000003,0.9137741926810836,0.889775807318917,0.9108482976691358,0.9057300527927585,0.7463582031249997,0.8626203125,0.8935787499999993,0.9215968750000016,0.9017750000000003,0.00943179383190589,54.73765279901446,44.68049238758003,NaN,NaN,NaN,NaN,0.0029832303633833034,-0.0011569277670331335,-0.004140158130416437,88.61655773420479,79.88279196090186
1760648400,0.9123693684281381,0.9123693684281381,0.886,0.889,0.918,0.899,0.9085000000000001,NaN,0.899,NaN,NaN,NaN,NaN,NaN,NaN,NaN,NaN,0.9000250000000005,0.9223302123950718,0.8777197876049292,0.9000250000000005,0.9111776061975362,0.8888723938024649,0.9099915016821108,0.9042091389025078,0.7466621093749997,0.86271953125,0.8937062499999994,0.9212093750000017,0.9000250000000005,0.010686665701055472,39.912575809622815,45.403186980855985,NaN,NaN,NaN,NaN,0.0014013343269417425,-0.002388490221739259,-0.0037898245486810015,64.22558922558922,78.44959892492838
1760662800,0.900684684214069,0.900684684214069,0.887,0.89,0.918,0.899,0.9085000000000001,NaN,NaN,NaN,NaN,NaN,NaN,NaN,NaN,NaN,NaN,0.8987000000000005,0.9200615308437728,0.8773384691562282,0.8987000000000005,0.9093807654218867,0.8880192345781143,0.9092075212239888,0.9029173990022797,0.7469523437499997,0.8628289062500001,0.8937987499999994,0.9208031250000015,0.8987000000000005,0.010900809880556436,40.63405139678742,45.556965654360205,NaN,NaN,NaN,NaN,0.0004347410475198494,-0.0032463982392811896,-0.003681139286801039,37.794612794612796,63.545586584802265
1760677200,0.8953423421070346,0.912,0.8953423421070346,0.90225,0.918,0.899,0.9085000000000001,NaN,NaN,0.899,NaN,NaN,NaN,NaN,NaN,NaN,NaN,0.8977125000000006,0.9163231656245577,0.8791018343754434,0.8977125000000006,0.9070178328122791,0.8884071671877221,0.9089346772544207,0.9028567263657089,0.7472496093749997,0.8630015625,0.8939149999999993,0.9206562500000016,0.8977125000000006,0.011693609174802406,48.751829750280905,46.55820239584846,NaN,NaN,NaN,NaN,0.0006214358878918616,-0.0029043444269362118,-0.0035257803148280734,26.017992424242397,42.679398148148145
1760706000,0.8987961710535173,0.905,0.8987961710535173,0.905,0.918,0.899,0.9085000000000001,NaN,NaN,NaN,NaN,NaN,NaN,NaN,NaN,NaN,NaN,0.8977125000000006,0.9163231656245577,0.8791018343754434,0.8977125000000006,0.9070178328122791,0.8884071671877221,0.9087803761856199,0.9030515694233717,0.7475488281249997,0.8631984375,0.8940549999999995,0.9205562500000015,0.8977125000000006,0.011301482015636716,50.39179475657081,47.53711495746626,NaN,NaN,NaN,NaN,0.0009135183424562217,-0.0023838823867577963,-0.003297400729214018,41.769255050505016,35.19395342312007
1760720400,0.9018980855267587,0.903,0.9018980855267587,0.903,0.918,0.899,0.9085000000000001,NaN,NaN,NaN,NaN,NaN,NaN,NaN,NaN,NaN,NaN,0.8982250000000006,0.9168253360181697,0.8796246639818315,0.8982250000000006,0.9075251680090852,0.888924831990916,0.908553694766576,0.9030468812939743,0.7478402343749997,0.8634078125,0.8941999999999994,0.9204937500000018,0.8982250000000006,0.010715798619751334,49.15969082018656,48.00535709137383,NaN,NaN,NaN,NaN,0.0009511282707651697,-0.002108490390757556,-0.0030596186615227255,54.42708333333329,40.73811026936024
1760907600,0.9024490427633793,0.92,0.9024490427633793,0.9165000000000001,0.912,0.886,0.899,0.912,NaN,NaN,NaN,NaN,NaN,NaN,NaN,NaN,NaN,0.8997625000000007,0.9190546454221025,0.8804703545778989,0.8997625000000007,0.9094085727110516,0.8901164272889498,0.9088653145796515,0.9042698920854312,0.7481499999999996,0.86365625,0.8944024999999993,0.9204812500000017,0.8997625000000007,0.011204024235242003,56.83217710862844,48.97069552117034,NaN,NaN,NaN,NaN,0.00181427415043115,-0.0007917759734837881,-0.002606050123914938,67.40196078431377,54.53276638938403
1760922000,0.9094745213816897,0.935,0.9094745213816897,0.9285000000000001,0.912,0.886,0.899,NaN,NaN,NaN,NaN,NaN,NaN,NaN,NaN,NaN,NaN,0.9020125000000005,0.9235580766919502,0.8804669233080509,0.9020125000000005,0.9127852883459754,0.8912397116540257,0.9096353022431946,0.9064726291685739,0.7484632812499997,0.8639390625000001,0.8947024999999994,0.9204625000000017,0.9020125000000005,0.012226985262604028,62.281192698491246,50.119557789826445,NaN,NaN,NaN,NaN,0.0030497408443203524,0.0012061259314855022,-0.0018436149128348502,76.52185874349749,66.11696762038152
1760936400,0.9189872606908449,0.951,0.9189872606908449,0.94075,0.912,0.886,0.899,NaN,NaN,NaN,NaN,NaN,NaN,NaN,NaN,NaN,NaN,0.9043500000000007,0.9313617566994149,0.8773382433005864,0.9043500000000007,0.9178558783497077,0.8908441216502936,0.9108554864689516,0.9095887537896126,0.7487841796874998,0.8642523437500002,0.8950874999999995,0.9206031250000016,0.9043500000000007,0.013640253408786244,66.87760671031404,51.74748840529363,NaN,NaN,NaN,NaN,0.004462809245577354,0.0037348966441368425,-0.0007279126014405116,86.89044848708723,76.9380893382995
1760965200,0.9298686303454224,0.946,0.9298686303454224,0.9412499999999999,0.912,0.886,0.899,NaN,NaN,NaN,NaN,NaN,NaN,NaN,NaN,NaN,NaN,0.9071375000000007,0.937134364419264,0.8771406355807374,0.9071375000000007,0.9221359322096324,0.892139067790369,0.9120474281760516,0.9124670488996478,0.7491039062499997,0.8645609375000001,0.8954587499999994,0.9207562500000016,0.9071375000000007,0.01381819028348562,67.05408098835034,53.45305276688692,NaN,NaN,NaN,NaN,0.005153090380855256,0.005713450374628559,0.0005603599937733027,85.32182103610677,82.91137608889717
1760979600,0.9355593151727112,0.943,0.9355593151727112,0.943,0.912,0.886,0.899,NaN,NaN,NaN,NaN,NaN,NaN,NaN,NaN,NaN,NaN,0.9098875000000006,0.942345732776728,0.8774292672232733,0.9098875000000006,0.9261166163883643,0.893658383611637,0.9132612545220887,0.9152427717269526,0.7494257812499997,0.8649078125,0.8958337499999994,0.9208687500000016,0.9098875000000006,0.013362654179471559,67.70268385913653,54.82332157314588,NaN,NaN,NaN,NaN,0.005422183927217933,0.007338089902795719,0.001915905975577786,85.64102564102562,85.9510983880732
1760994000,0.9392796575863556,0.9392796575863556,0.932,0.9325000000000001,0.951,0.913,0.9319999999999999,NaN,NaN,NaN,NaN,NaN,NaN,NaN,NaN,NaN,NaN,0.9117125000000007,0.944937594055369,0.8784874059446324,0.9117125000000007,0.9283250470276848,0.8950999529723166,0.9140157151290657,0.916811610660866,0.7497324218749998,0.8652312500000001,0.8961862499999994,0.9207875000000015,0.9117125000000007,0.013193893166652154,60.06230071384057,55.399830632504056,NaN,NaN,NaN,NaN,0.0046190542885203596,0.007689723836228235,0.003070669547707876,81.41025641025645,84.1243676957963
1761008400,0.9358898287931778,0.937,0.932,0.9345,0.951,0.913,0.9319999999999999,NaN,NaN,NaN,NaN,NaN,NaN,NaN,NaN,NaN,NaN,0.9135875000000008,0.9475051484295117,0.8796698515704898,0.9135875000000008,0.9305463242147562,0.8966286757852453,0.9148190204181219,0.9184196460553328,0.7500476562499998,0.8655609375000001,0.8965612499999994,0.9206781250000017,0.9135875000000008,0.012608615083319856,60.96590594567752,55.89767518847903,NaN,NaN,NaN,NaN,0.003973170351269829,0.008037132486795162,0.004063962135525333,77.94871794871803,81.6666666666667
1761022800,0.935194914396589,0.943,0.925,0.9345,0.951,0.913,0.9319999999999999,NaN,NaN,NaN,NaN,NaN,NaN,NaN,NaN,NaN,NaN,0.915262500000001,0.9498307205932829,0.8806942794067191,0.915262500000001,0.932546610296642,0.89797838970336,0.9155908235389799,0.9198814964139389,0.7503546874999997,0.8658750000000002,0.8969562499999995,0.9205718750000017,0.915262500000001,0.01299371400593986,60.96590594567753,56.16638923589848,NaN,NaN,NaN,NaN,0.0033230122900386946,0.008217727498073701,0.004894715208035007,73.58974358974369,77.64957264957273
1761037200,0.9348474571982945,0.944,0.9348474571982945,0.944,0.951,0.913,0.9319999999999999,NaN,NaN,NaN,NaN,NaN,NaN,NaN,NaN,NaN,NaN,0.9175875000000009,0.9533003390776593,0.8818746609223425,0.9175875000000009,0.9354439195388301,0.8997310804611717,0.9167049088903925,0.9220740876490353,0.7506648437499998,0.866225,0.8973912499999994,0.9205468750000015,0.9175875000000009,0.01274416300551558,65.2919318182716,56.92026630870257,NaN,NaN,NaN,NaN,0.003302951639687429,0.009023404757644293,0.005720453117956864,79.48717948717952,77.00854700854708
1761066000,0.9394237285991472,0.942,0.9394237285991472,0.942,0.951,0.913,0.9319999999999999,NaN,NaN,NaN,NaN,NaN,NaN,NaN,NaN,NaN,NaN,0.919887500000001,0.9556678979154211,0.8841071020845809,0.919887500000001,0.937777698957711,0.9019973010422909,0.9176968732476319,0.9238855342263957,0.7509667968749997,0.866578125,0.8977937499999995,0.9202531250000016,0.919887500000001,0.012160742176611089,63.691570521082326,58.61876593094967,NaN,NaN,NaN,NaN,0.002937444223092025,0.009392258396821895,0.0064548141737298705,83.26121794871796,78.7793803418804
1761080400,0.9407118642995735,0.942,0.938,0.9395,0.944,0.925,0.9345,NaN,NaN,NaN,NaN,NaN,NaN,NaN,NaN,NaN,NaN,0.921712500000001,0.9575845904741419,0.8858404095258602,0.921712500000001,0.9396485452370714,0.9037764547629307,0.9185518978261562,0.9253050311149053,0.7512683593749998,0.866928125,0.8982062499999993,0.9199656250000017,0.921712500000001,0.011577832021138868,61.65716842796507,60.12041714746236,NaN,NaN,NaN,NaN,0.002335974107103997,0.009374781807609867,0.00703880770050587,84.83541425743863,82.52793723111203
1761094800,0.9401059321497868,0.9401059321497868,0.93,0.9325000000000001,0.944,0.925,0.9345,NaN,NaN,NaN,NaN,NaN,NaN,NaN,NaN,NaN,NaN,0.922937500000001,0.9585250241480218,0.8873499758519802,0.922937500000001,0.9407312620740114,0.9051437379259906,0.9190988822251305,0.9259591191953684,0.7515562499999997,0.8672773437500002,0.8984362499999993,0.9196343750000017,0.922937500000001,0.011472696316042285,56.24033535488742,60.655310404934255,NaN,NaN,NaN,NaN,0.0013256335551674932,0.008695849644465237,0.007370216089297743,76.61248664831587,81.56970628482415
1761109200,0.9363029660748934,0.9363029660748934,0.918,0.91925,0.944,0.925,0.9345,NaN,0.925,NaN,NaN,NaN,NaN,NaN,NaN,NaN,NaN,0.9233500000000008,0.9585637757133092,0.8881362242866924,0.9233500000000008,0.940956887856655,0.9057431121433466,0.9191048084123803,0.9253491992685168,0.7518400390624997,0.8676007812500002,0.8985974999999992,0.9192125000000017,0.9233500000000008,0.011960572727388789,47.698201010437494,60.462910851639016,NaN,NaN,NaN,NaN,-0.0002898971295244041,0.007007844677392239,0.007297741806916643,59.746176686179204,73.73135919731124
1761123600,0.9277764830374466,0.9277764830374466,0.918,0.918,0.944,0.925,0.9345,NaN,NaN,NaN,NaN,NaN,NaN,NaN,NaN,NaN,NaN,0.923450000000001,0.9585910016929727,0.8883089983070293,0.923450000000001,0.9410205008464869,0.9058794991535151,0.9190614825922869,0.9246810902441062,0.7521201171874997,0.8679164062500002,0.8988199999999992,0.9187000000000017,0.923450000000001,0.011804566320964346,46.973349837141306,60.306743638564356,NaN,NaN,NaN,NaN,-0.001433587776906521,0.005505757085783491,0.006939344862690012,43.97691096535658,60.11185809995055
1761138000,0.9228882415187234,0.9228882415187234,0.921,0.921,0.944,0.925,0.9345,NaN,NaN,NaN,NaN,NaN,NaN,NaN,NaN,NaN,NaN,0.9238500000000007,0.9586869057177623,0.8890130942822392,0.9238500000000007,0.9412684528588815,0.90643154714112,0.9191375028827855,0.9243464456764602,0.7524060546874998,0.8682210937500001,0.8990549999999993,0.9182875000000017,0.9238500000000007,0.011310543120804276,48.977385655588684,59.74568710620438,NaN,NaN,NaN,NaN,-0.0019470915686147635,0.004505480401921558,0.006452571970536321,31.707981342912777,45.143689664816186
1761152400,0.9219441207593617,0.9219441207593617,0.919,0.919,0.944,0.925,0.9345,NaN,NaN,NaN,NaN,NaN,NaN,NaN,NaN,NaN,NaN,0.925350000000001,0.9564371356027795,0.8942628643972225,0.925350000000001,0.9408935678013902,0.9098064321986118,0.9191321106128724,0.9238604051604183,0.7526958984374997,0.8685234375,0.8992824999999993,0.9179187500000017,0.925350000000001,0.010712941523558376,47.68356688964905,58.702999548429936,NaN,NaN,NaN,NaN,-0.0023533382341959777,0.003510899177791349,0.005864237411987327,20.938558981817135,32.2078170966955
1761166800,0.9204720603796809,0.9204720603796809,0.913,0.9155,0.942,0.918,0.9299999999999999,NaN,0.918,NaN,NaN,NaN,NaN,NaN,NaN,NaN,NaN,0.926625000000001,0.9536321749723069,0.8996178250276952,0.926625000000001,0.940128587486154,0.913121412513848,0.9189896749025637,0.9231003683276531,0.7529798828124997,0.8688359375000001,0.8995299999999993,0.9175375000000017,0.926625000000001,0.010481450013281409,45.42221133451117,57.170471307301156,NaN,NaN,NaN,NaN,-0.0027614248513955436,0.0024124563477428973,0.005173881199138441,12.787086047376684,21.811208790702207
1761181200,0.9179860301898404,0.922,0.9179860301898404,0.9205000000000001,0.942,0.918,0.9299999999999999,NaN,NaN,0.918,NaN,NaN,NaN,NaN,NaN,NaN,NaN,0.9275375000000009,0.9523312870238918,0.90274371297611,0.9275375000000009,0.9399343935119464,0.9151406064880554,0.9190489033377572,0.9228639712069574,0.7532623046874998,0.8691359375000001,0.8997624999999994,0.9171500000000016,0.9275375000000009,0.010197060726618455,49.133451270945876,55.89042632748656,NaN,NaN,NaN,NaN,-0.0026005281515535114,0.0019232210096965519,0.004523749161250063,11.599869664385851,15.108504897859895
1761195600,0.9192430150949202,0.939,0.9192430150949202,0.9339999999999999,0.942,0.918,0.9299999999999999,NaN,NaN,NaN,NaN,NaN,NaN,NaN,NaN,NaN,NaN,0.928987500000001,0.9516389210367844,0.9063360789632176,0.928987500000001,0.9403132105183927,0.9176617894816093,0.9196352208539236,0.9238763374608704,0.7535630859374998,0.8694703125000002,0.9000499999999994,0.9169000000000016,0.928987500000001,0.010879912453651401,57.530532604330695,55.16384409500042,NaN,NaN,NaN,NaN,-0.0015430609303631613,0.002594922998296112,0.004137983928659273,33.170413815575124,19.185789842445885
1761224400,0.9266215075474601,0.94,0.9266215075474601,0.939,0.942,0.918,0.9299999999999999,NaN,NaN,NaN,NaN,NaN,NaN,NaN,NaN,NaN,NaN,0.9307875000000008,0.950411640108235,0.9111633598917666,0.9307875000000008,0.9405995700541179,0.9209754299458837,0.9203946239576912,0.9252512158735186,0.7538701171874997,0.8698421875000001,0.9003374999999992,0.9167125000000016,0.9307875000000008,0.011058382453572005,60.15414773809294,55.17040459673273,NaN,NaN,NaN,NaN,-0.0005180080494262117,0.003490473866876509,0.004008481916302721,58.60215053763445,34.45747800586514
1761238800,0.93281075377373,0.937,0.93281075377373,0.937,0.942,0.918,0.9299999999999999,NaN,NaN,NaN,NaN,NaN,NaN,NaN,NaN,NaN,NaN,0.9318125000000009,0.9504618129896554,0.9131631870103465,0.9318125000000009,0.9411371564948282,0.9224878435051737,0.9210458151750367,0.9263192871577441,0.7541732421874998,0.8702468750000001,0.9006024999999993,0.9165875000000016,0.9318125000000009,0.010710587008764713,58.59485564681817,55.001043861099916,NaN,NaN,NaN,NaN,-0.000012549816425054885,0.0039927946457714025,0.004005344462196457,76.34408602150542,56.03888345823833
1761253200,0.934905376886865,0.94,0.934905376886865,0.9385000000000001,0.94,0.913,0.9265,NaN,NaN,NaN,NaN,NaN,NaN,NaN,NaN,NaN,NaN,0.932312500000001,0.9511153422049801,0.9135096577950219,0.932312500000001,0.9417139211024905,0.9229110788975114,0.9217302930113098,0.9274266246888583,0.7544818359374997,0.8706421875000002,0.9008499999999993,0.9164812500000016,0.932312500000001,0.010309446730505442,59.443964443122276,54.892333753774544,NaN,NaN,NaN,NaN,0.0003641300285989954,0.004460506997945202,0.004096376969346206,81.18279569892498,72.04301075268829
1761267600,0.9367026884434326,0.9367026884434326,0.93,0.933,0.94,0.913,0.9265,NaN,NaN,NaN,NaN,NaN,NaN,NaN,NaN,NaN,NaN,0.9319250000000009,0.9503315884939666,0.9135184115060352,0.9319250000000009,0.9411282942469837,0.922721705753018,0.922172242304984,0.9279332951716893,0.7547865234374997,0.8710187500000002,0.9010949999999994,0.9162937500000018,0.9319250000000009,0.010180200535469345,54.99092847421666,54.15654780062776,NaN,NaN,NaN,NaN,0.00019279432226617082,0.00433736987217892,0.004144575549912749,76.21431219873969,77.91373130639003
1761282000,0.9348513442217163,0.936,0.929,0.9325000000000001,0.94,0.913,0.9265,NaN,NaN,NaN,NaN,NaN,NaN,NaN,NaN,NaN,NaN,0.9314875000000009,0.9493959302770071,0.9135790697229947,0.9314875000000009,0.9404417151385039,0.9225332848614979,0.9225772524106709,0.9283484501560813,0.7550880859374998,0.8714109375000001,0.9013524999999993,0.9162062500000017,0.9314875000000009,0.009953043354364392,54.59056172781751,53.50647574396599,NaN,NaN,NaN,NaN,0.0000056036878426498835,0.004151580159716062,0.004145976471873412,72.8216536892848,76.73958719564983
1761310800,0.9336756721108582,0.936,0.9336756721108582,0.936,0.94,0.913,0.9265,NaN,NaN,NaN,NaN,NaN,NaN,NaN,NaN,NaN,NaN,0.9311375000000008,0.9483940023972759,0.9138809976027258,0.9311375000000008,0.9397657511986384,0.9225092488013633,0.923103634669076,0.9290440455964375,0.7553943359374997,0.8718296875000002,0.9016674999999992,0.9161187500000019,0.9311375000000008,0.009492111686195502,56.95316548591046,53.17047553381923,NaN,NaN,NaN,NaN,0.00007354621735978714,0.004237909243573146,0.004164363026213359,73.68639040773247,74.24078543191898
1761325200,0.9348378360554291,0.9348378360554291,0.934,0.934,0.94,0.913,0.9265,NaN,NaN,NaN,NaN,NaN,NaN,NaN,NaN,NaN,NaN,0.9312125000000009,0.9485050381302539,0.9139199618697479,0.9312125000000009,0.9398587690651274,0.9225662309348743,0.923530943113426,0.9294945869058523,0.7556947265624998,0.8722015625000001,0.9019949999999993,0.9159937500000017,0.9312125000000009,0.008956960851467253,55.18622436540977,53.095181891713686,NaN,NaN,NaN,NaN,-0.00005332516608608489,0.004097706568605752,0.004151031734691837,76.62381058653199,74.37728489451642
1761512400,0.9344189180277146,0.94,0.9344189180277146,0.94,0.94,0.929,0.9345,NaN,NaN,NaN,NaN,NaN,NaN,NaN,NaN,NaN,NaN,0.9314875000000008,0.9491513578738432,0.9138236421261584,0.9314875000000008,0.940319428936922,0.9226555710630796,0.924176788481527,0.9304496244598657,0.7559970703124999,0.8728015625000001,0.9023424999999993,0.9159812500000019,0.9314875000000008,0.008745749362076727,59.26882661002274,53.92165514882692,NaN,NaN,NaN,NaN,0.00021501152094196337,0.004419796135869292,0.004204784614927328,87.54335081641689,79.28451727022711
1761526800,0.9372094590138573,0.9372094590138573,0.936,0.9365,0.94,0.929,0.9345,NaN,NaN,NaN,NaN,NaN,NaN,NaN,NaN,NaN,NaN,0.9315875000000007,0.9493408623572439,0.9138341376427574,0.9315875000000007,0.9404641811786223,0.9227108188213791,0.9246600516783299,0.9309996585998779,0.7563009765624998,0.8733703125000002,0.9026649999999994,0.9165125000000017,0.9315875000000007,0.008406767264785524,56.06046222937481,54.57073460541503,NaN,NaN,NaN,NaN,0.00011023245653475795,0.004342575185595776,0.004232342729061018,88.27160493827178,84.14625544707354
1761541200,0.9368547295069287,0.946,0.932,0.9375,0.94,0.929,0.9345,NaN,NaN,NaN,NaN,NaN,NaN,NaN,NaN,NaN,NaN,0.9312625000000008,0.9483193717819849,0.9142056282180167,0.9312625000000008,0.9397909358909928,0.9227340641090087,0.9251635790634934,0.9315905987271617,0.7566044921874998,0.8739171875000002,0.9030024999999994,0.9170312500000017,0.9312625000000008,0.00880628388872941,56.78033442222578,55.12808808874625,NaN,NaN,NaN,NaN,0.00006401260438996387,0.004312358484548473,0.004248345880158509,87.09315375982051,87.6360365048364
1761555600,0.9371773647534644,0.9371773647534644,0.929,0.9317500000000001,0.94,0.929,0.9345,NaN,NaN,NaN,NaN,NaN,NaN,NaN,NaN,NaN,NaN,0.9307500000000009,0.9470863092522942,0.9144136907477075,0.9307500000000009,0.9389181546261476,0.9225818453738541,0.9254218700806114,0.9316050897519651,0.7569050781249997,0.8744601562500002,0.9033449999999994,0.9173781250000017,0.9307500000000009,0.008784406468105877,51.55052859150907,55.4042996388791,NaN,NaN,NaN,NaN,-0.00037399567540813937,0.0037808512858983345,0.004154846961306474,72.69921436588122,82.68799102132449
1761570000,0.9344636823767323,0.9344636823767323,0.933,0.933,0.94,0.929,0.9345,NaN,NaN,NaN,NaN,NaN,NaN,NaN,NaN,NaN,NaN,0.9304250000000007,0.9463043104380484,0.914545689561953,0.9304250000000007,0.9383646552190246,0.9224853447809769,0.9257190516460776,0.9317318997745138,0.7572035156249999,0.8749976562500003,0.9036699999999993,0.9177093750000017,0.9304250000000007,0.008350783318722042,52.57320502284174,55.91508490233129,NaN,NaN,NaN,NaN,-0.0005870321751352981,0.0034210567423873517,0.00400808891752265,61.551729102230446,73.78136574264404
1761598800,0.9337318411883662,0.9337318411883662,0.921,0.9265000000000001,0.946,0.929,0.9375,NaN,0.929,NaN,NaN,NaN,NaN,NaN,NaN,NaN,NaN,0.9301250000000006,0.946062769605205,0.9141872303947963,0.9301250000000006,0.9380938848026028,0.9221561151973985,0.9257496770717216,0.9312562725222853,0.7574929687499998,0.8755054687500001,0.9039499999999993,0.9180156250000018,0.9301250000000006,0.00866371602369662,47.01569686705464,55.763816730624775,NaN,NaN,NaN,NaN,-0.0011411419257152068,0.002581661510378641,0.003722803436093848,45.844865533262265,60.03193633379129
1761613200,0.9301159205941831,0.9301159205941831,0.927,0.9275,0.946,0.929,0.9375,NaN,NaN,NaN,NaN,NaN,NaN,NaN,NaN,NaN,NaN,0.9305375000000009,0.9457380550880865,0.9153369449119153,0.9305375000000009,0.9381377775440437,0.9229372224559581,0.925818317186556,0.9309147932020775,0.7577695312499998,0.8760523437500002,0.9042524999999992,0.9183093750000018,0.9305375000000009,0.008303159207302792,47.92769465899685,55.0778997345295,NaN,NaN,NaN,NaN,-0.0013987490615839449,0.001974367109113917,0.003373116170697862,35.572138260534864,47.65624429867584
1761627600,0.9288079602970916,0.939,0.9288079602970916,0.9339999999999999,0.946,0.929,0.9375,NaN,NaN,0.929,NaN,NaN,NaN,NaN,NaN,NaN,NaN,0.9313375000000008,0.9454604202003903,0.9172145797996113,0.9313375000000008,0.9383989601001955,0.9242760398998061,0.9261391674929657,0.9311952665473432,0.7580531249999998,0.8766265625,0.9046299999999993,0.9186968750000017,0.9313375000000008,0.008531504978209732,53.52712838795272,54.60454120951949,NaN,NaN,NaN,NaN,-0.0011028247279777199,0.001994585260725712,0.003097409988703432,35.04061117850648,38.81920499076785
1761642000,0.9314039801485458,0.937,0.9314039801485458,0.937,0.946,0.929,0.9375,NaN,NaN,NaN,NaN,NaN,NaN,NaN,NaN,NaN,NaN,0.9321375000000007,0.9456258977916923,0.9186491022083092,0.9321375000000007,0.9388816988958465,0.925393301104155,0.9265650824932415,0.9317229695884938,0.7583257812499997,0.8772023437500002,0.9050574999999992,0.9190937500000018,0.9321375000000007,0.008321827469155774,55.88497946310346,54.410978624968436,NaN,NaN,NaN,NaN,-0.0006963186982788952,0.0022270116158548126,0.002923330314133708,47.333333333333336,39.31536092412488
1761670800,0.9342019900742728,0.942,0.932,0.9369999999999999,0.946,0.929,0.9375,NaN,NaN,NaN,NaN,NaN,NaN,NaN,NaN,NaN,NaN,0.9330375000000007,0.9452402404703408,0.9208347595296607,0.9330375000000007,0.9391388702351708,0.9269361297648306,0.926974294944487,0.9322026996259034,0.7586109374999997,0.8777664062500001,0.9055074999999992,0.9194968750000019,0.9330375000000007,0.00844169693564464,55.88497946310335,54.15676541210995,NaN,NaN,NaN,NaN,-0.0004316778618775781,0.002383732986786735,0.0028154108486643133,59.99999999999998,47.45798150394658
1761685200,0.9356009950371365,0.941,0.9356009950371365,0.941,0.942,0.921,0.9315,NaN,NaN,NaN,NaN,NaN,NaN,NaN,NaN,NaN,NaN,0.9343125000000008,0.9439857556560373,0.9246392443439643,0.9343125000000008,0.939149127828019,0.9294758721719826,0.9275243225937229,0.9330024542053668,0.7588931640624998,0.8783414062500002,0.9059574999999992,0.9199593750000018,0.9343125000000008,0.008224361794731702,59.09427053064331,54.449861273283275,NaN,NaN,NaN,NaN,-0.000013573753754761528,0.0027984436564708615,0.002812017410225623,69.33333333333336,58.88888888888888
1761699600,0.9383004975185683,0.943,0.9383004975185683,0.9425,0.942,0.921,0.9315,0.942,NaN,NaN,NaN,NaN,NaN,NaN,NaN,NaN,NaN,0.9354125000000006,0.9434113671065293,0.927413632893472,0.9354125000000006,0.939411933553265,0.9314130664467363,0.9281116040606356,0.9338658674594243,0.7591687499999998,0.8789304687500001,0.9063999999999993,0.9204968750000019,0.9354125000000006,0.007972586129495987,60.26174492930018,54.854945787674886,NaN,NaN,NaN,NaN,0.00031928722955970167,0.00321112644717525,0.002891839217615548,76.66666666666664,68.66666666666664
1761714000,0.9404002487592842,0.944,0.9404002487592842,0.944,0.942,0.921,0.9315,NaN,NaN,NaN,NaN,NaN,NaN,NaN,NaN,NaN,NaN,0.9359125000000008,0.9447063543873454,0.9271186456126562,0.9359125000000008,0.9403094271936732,0.9315155728063285,0.9287346784111989,0.9347871522358403,0.7594476562499998,0.8795195312500003,0.9068899999999993,0.921071875000002,0.9359125000000008,0.0076602407802974,61.44672006872544,55.17591397216167,NaN,NaN,NaN,NaN,0.0005805426307247306,0.0036175175060214615,0.003036974875296731,86.00000000000001,77.33333333333333
1761728400,0.9422001243796421,0.944,0.9422001243796421,0.944,0.942,0.921,0.9315,NaN,NaN,NaN,NaN,NaN,NaN,NaN,NaN,NaN,NaN,0.9361625000000009,0.9455570130254402,0.9267679869745616,0.9361625000000009,0.9408597565127206,0.9314652434872812,0.9293333184735049,0.9356246838507639,0.7597203124999998,0.88009140625,0.9074074999999993,0.9215093750000019,0.9361625000000009,0.007241643268873149,61.44672006872543,55.62309223668422,NaN,NaN,NaN,NaN,0.0006861719305822837,0.0038946897885245857,0.003208517857942302,90.00000000000004,84.22222222222221
1761742800,0.943100062189821,0.945,0.943100062189821,0.9444999999999999,0.942,0.921,0.9315,NaN,NaN,NaN,NaN,NaN,NaN,NaN,NaN,NaN,NaN,0.9365375000000009,0.9466100803538557,0.9264649196461461,0.9365375000000009,0.9415737901769283,0.9315012098230735,0.9299280902980733,0.9364315307734218,0.7599980468749998,0.8806281250000001,0.9079499999999993,0.9218625000000019,0.9365375000000009,0.00686009287896642,61.88609173014144,55.81003974526413,NaN,NaN,NaN,NaN,0.0007190654499570513,0.004107349670388616,0.0033882842204315646,92.66666666666656,89.5555555555555
1761757200,0.9438000310949104,0.947,0.942,0.9444999999999999,0.942,0.921,0.9315,NaN,NaN,NaN,NaN,NaN,NaN,NaN,NaN,NaN,NaN,0.9368375000000009,0.9474679691799232,0.9262070308200786,0.9368375000000009,0.9421527345899621,0.9315222654100397,0.9304995377373646,0.937165027975838,0.7602792968749998,0.8811453125000002,0.9085024999999993,0.922096875000002,0.9368375000000009,0.00672722910189739,61.88609173014144,56.22615613817603,NaN,NaN,NaN,NaN,0.0006710975310905941,0.004227156134294807,0.003556058603204213,92.12820512820495,91.59829059829049
1761771600,0.9441500155474551,0.95,0.9441500155474551,0.9494999999999999,0.947,0.941,0.944,0.947,NaN,NaN,NaN,NaN,NaN,NaN,NaN,NaN,NaN,0.937662500000001,0.9494695688565911,0.9258554311434108,0.937662500000001,0.943566034428296,0.9317589655717059,0.9312446539045268,0.9382863890689437,0.7605585937499998,0.8816859375000001,0.9090624999999994,0.922390625000002,0.937662500000001,0.006664568769800777,66.33559038595632,56.90867442129964,NaN,NaN,NaN,NaN,0.000892520538916905,0.004671709276850344,0.0037791887379334393,94.2201591511934,93.00501031535494
1761786000,0.9468250077737275,0.9468250077737275,0.931,0.938,0.947,0.941,0.944,NaN,0.941,0.947,NaN,NaN,NaN,NaN,NaN,NaN,NaN,0.937937500000001,0.9495045599109985,0.9263704400890035,0.937937500000001,0.9437210299554997,0.9321539700445023,0.9315095694376826,0.9382603536990397,0.7608324218749998,0.8821953125,0.9095674999999994,0.9224656250000021,0.937937500000001,0.007509956714814996,51.456394343237214,56.90195054642307,NaN,NaN,NaN,NaN,0.0002161595128323925,0.00404938812897393,0.0038332286161415373,82.42705570291757,89.59180666077197
1761800400,0.9424125038868637,0.9424125038868637,0.915,0.9215,0.947,0.941,0.944,NaN,NaN,NaN,NaN,NaN,NaN,NaN,NaN,NaN,NaN,0.9372125000000009,0.9508133042036072,0.9236116957963946,0.9372125000000009,0.944012902101804,0.9304120978981978,0.9311170373028715,0.9367366851809452,0.7610968749999998,0.8826750000000001,0.9100274999999995,0.922428125000002,0.9372125000000009,0.008931567227104186,38.21264949278778,55.876196579990655,NaN,NaN,NaN,NaN,-0.0013070401804621398,0.0021994283905638623,0.003506468571026002,58.489326765188686,78.3788472064332
1761814800,0.9319562519434319,0.9319562519434319,0.92,0.92,0.947,0.941,0.944,NaN,NaN,NaN,NaN,NaN,NaN,NaN,NaN,NaN,NaN,0.936512500000001,0.9520112701119958,0.9210137298880061,0.936512500000001,0.9442618850559984,0.9287631149440035,0.9306810750557001,0.9352151683463138,0.7613568359374998,0.8831609375000001,0.9105099999999995,0.922415625000002,0.936512500000001,0.009147616135413305,37.27343904021978,55.180321020931025,NaN,NaN,NaN,NaN,-0.002320929333258636,0.0006053069044527071,0.0029262362377113433,30.49261083743836,57.136331101848185
1761829200,0.9259781259717159,0.9259781259717159,0.919,0.919,0.947,0.941,0.944,NaN,NaN,NaN,NaN,NaN,NaN,NaN,NaN,NaN,NaN,0.935462500000001,0.9526295287174164,0.9182954712825856,0.935462500000001,0.9440460143587086,0.9268789856412933,0.9302229936809667,0.9337410621330126,0.7616208984374998,0.8836421875000001,0.9109962499999995,0.9223593750000021,0.935462500000001,0.00899265255229206,36.62711267053117,54.37313659318347,NaN,NaN,NaN,NaN,-0.0029252440621587448,-0.0007303188399870875,0.0021949252221716573,14.761904761904766,34.58128078817725
1761843600,0.922489062985858,0.922489062985858,0.916,0.916,0.947,0.941,0.944,NaN,NaN,NaN,NaN,NaN,NaN,NaN,NaN,NaN,NaN,0.934437500000001,0.9535698515278186,0.9153051484721835,0.934437500000001,0.9440036757639099,0.9248713242360922,0.9296652292228896,0.9321282383027387,0.7618818359374998,0.8841046875000002,0.9114512499999995,0.9222218750000021,0.934437500000001,0.008813824726118195,34.68404430695925,53.02720201596965,NaN,NaN,NaN,NaN,-0.0033621344049657117,-0.0020077427840354822,0.0013543916209302295,9.523809523809563,18.259441707717546
1761858000,0.919244531492929,0.92,0.916,0.91725,0.95,0.915,0.9325,NaN,NaN,NaN,NaN,NaN,NaN,NaN,NaN,NaN,NaN,0.933425000000001,0.9538982142074729,0.912951785792529,0.933425000000001,0.9436616071037369,0.923188392896265,0.9291783574886586,0.9307756711843079,0.7621464843749999,0.88456171875,0.9119374999999995,0.9220625000000021,0.933425000000001,0.008469980102824038,36.20270619780913,51.62132535416292,NaN,NaN,NaN,NaN,-0.003392295816798026,-0.002885978150067303,0.000506317666730723,6.904761904761901,10.396825396825395
1761872400,0.9182472657464644,0.9182472657464644,0.897,0.9060000000000001,0.95,0.915,0.9325,NaN,0.915,NaN,NaN,NaN,NaN,NaN,NaN,NaN,NaN,0.9321375000000011,0.9558521974466245,0.9084228025533776,0.9321375000000011,0.9439948487233127,0.9202801512766894,0.9282694022930249,0.9285233374402799,0.7623957031249998,0.8850117187500001,0.9123999999999994,0.9217625000000021,0.9321375000000011,0.009382643363084062,29.544645058729643,49.73987289670765,NaN,NaN,NaN,NaN,-0.0039559353726599834,-0.0044386015490942565,-0.0004826661764342729,8.755615453728728,8.394728960766715
1761886800,0.9121236328732323,0.918,0.897,0.9075,0.95,0.915,0.9325,NaN,NaN,NaN,NaN,NaN,NaN,NaN,NaN,NaN,NaN,0.930862500000001,0.9568843537960755,0.9048406462039266,0.930862500000001,0.9438734268980382,0.9178515731019639,0.9274549159285925,0.926612124945709,0.7626429687499998,0.8854351562500001,0.9128074999999994,0.921518750000002,0.930862500000001,0.0102124545514352,31.35733814954982,47.75866344091526,NaN,NaN,NaN,NaN,-0.004001710186529242,-0.005484803909595826,-0.0014830937230665834,14.407008086253411,10.022461814914665
1761901200,0.9098118164366161,0.916,0.9098118164366161,0.9145,0.95,0.915,0.9325,NaN,NaN,NaN,NaN,NaN,NaN,NaN,NaN,NaN,NaN,0.930262500000001,0.9571964353787064,0.9033285646212956,0.930262500000001,0.9437294676893536,0.9167955323106484,0.9269468800098242,0.9255110226779173,0.7628917968749998,0.8859007812500002,0.9131474999999994,0.9214125000000021,0.930262500000001,0.010090136369189833,39.216679599093595,46.25544448875765,NaN,NaN,NaN,NaN,-0.003360379963467397,-0.00568356867740083,-0.0023231887139334327,23.270440251572378,15.477687930518158
1761930000,0.912155908218308,0.916,0.912155908218308,0.916,0.95,0.915,0.9325,NaN,NaN,0.915,NaN,NaN,NaN,NaN,NaN,NaN,NaN,0.9296875000000011,0.9573148754631805,0.9020601245368217,0.9296875000000011,0.9435011877315908,0.9158738122684115,0.9265175905976742,0.9246463842526521,0.7631472656249998,0.88635546875,0.9135474999999995,0.9213812500000019,0.9296875000000011,0.0096439903272257,40.781369581696104,44.779348025398406,NaN,NaN,NaN,NaN,-0.002665343370060045,-0.005654867926508489,-0.002989524556448444,29.559748427672947,22.4123989218329
1762120800,0.914077954109154,0.914077954109154,0.912,0.912,0.92,0.897,0.9085000000000001,NaN,NaN,NaN,NaN,NaN,NaN,NaN,NaN,NaN,NaN,0.928587500000001,0.9571756422093911,0.8999993577906109,0.928587500000001,0.9428815711046961,0.914293428895306,0.925948273319334,0.9234967129569565,0.7633941406249998,0.8867984375000001,0.9138524999999994,0.9213375000000019,0.928587500000001,0.009240848160995293,37.974095984651846,43.10273201939315,NaN,NaN,NaN,NaN,-0.0023180019252185317,-0.005887026962971609,-0.003569025037753077,32.389937106918275,28.40670859538785
1762207200,0.913038977054577,0.945,0.913038977054577,0.9430000000000001,0.912,0.912,0.912,0.912,NaN,NaN,NaN,NaN,NaN,NaN,NaN,NaN,NaN,0.928887500000001,0.9579445451867427,0.8998304548132593,0.928887500000001,0.9434160225933719,0.9143589774066301,0.9266169684832818,0.9252697390517786,0.7636644531249999,0.8873515625000001,0.9142874999999994,0.921662500000002,0.928887500000001,0.010937930435209908,60.606605954933606,43.011340178306874,NaN,NaN,NaN,NaN,0.00003210415287253259,-0.0035288948466624115,-0.003560998999534944,50.31446540880514,37.42138364779877
1762221600,0.9280194885272885,0.947,0.9280194885272885,0.9464999999999999,0.912,0.912,0.912,NaN,NaN,NaN,NaN,NaN,NaN,NaN,NaN,NaN,NaN,0.929362500000001,0.9592336713025219,0.89949132869748,0.929362500000001,0.9442980856512614,0.9144269143487406,0.9273966952094276,0.9271997627743441,0.7639457031249998,0.8879093750000001,0.9147649999999993,0.921943750000002,0.929362500000001,0.011512400509317159,62.28008897860523,43.03948283891144,NaN,NaN,NaN,NaN,0.001759248932261898,-0.0013619378342075716,-0.0031211867664694697,69.49685534591198,50.73375262054512
1762236000,0.9372597442636442,0.943,0.932,0.9385,0.912,0.912,0.912,NaN,NaN,NaN,NaN,NaN,NaN,NaN,NaN,NaN,NaN,0.929237500000001,0.9589332383303275,0.8995417616696746,0.929237500000001,0.9440853691651643,0.9143896308348378,0.9278321189267049,0.9282270570675856,0.7642253906249998,0.8884421875000001,0.9152074999999994,0.9222187500000019,0.929237500000001,0.01172580047293735,56.384044365704725,42.328658123179174,NaN,NaN,NaN,NaN,0.002267481037004804,-0.00028683547021346456,-0.0025543165072182687,87.72955974842773,69.18029350104827
1762250400,0.9378798721318221,0.949,0.9378798721318221,0.9484999999999999,0.912,0.912,0.912,NaN,NaN,NaN,NaN,NaN,NaN,NaN,NaN,NaN,NaN,0.929537500000001,0.9598773562123099,0.8991976437876922,0.929537500000001,0.9447074281061554,0.9143675718938467,0.9286426240668342,0.9300700518796232,0.7645046874999998,0.8889953125,0.9157187499999994,0.9225500000000018,0.929537500000001,0.011682538144025959,61.31417166635899,43.03278507483073,NaN,NaN,NaN,NaN,0.0031286298255679417,0.0013564707747416582,-0.0017721590508262834,91.81156265118524,83.01265924850831
1762264800,0.9431899360659111,0.948,0.9431899360659111,0.948,0.912,0.912,0.912,NaN,NaN,NaN,NaN,NaN,NaN,NaN,NaN,NaN,NaN,0.929737500000001,0.960505777088318,0.898969222911684,0.929737500000001,0.9451216385441594,0.9143533614558426,0.929401736848527,0.9317000471632938,0.7647914062499998,0.8895640625000001,0.9162012499999993,0.9230875000000017,0.929737500000001,0.011227361414744735,60.9432408000976,44.65639873963857,NaN,NaN,NaN,NaN,0.0034886208616251584,0.0025886170262051644,-0.000900003835419994,93.37179487179486,90.97097242380259
1762279200,0.9455949680329555,0.946,0.9455949680329555,0.946,0.912,0.912,0.912,NaN,NaN,NaN,NaN,NaN,NaN,NaN,NaN,NaN,NaN,0.9298375000000011,0.9608029141742498,0.8988720858257524,0.9298375000000011,0.9453202070871254,0.9143547929128768,0.9300526491289769,0.9330000428757216,0.7650804687499997,0.8901171874999999,0.9167062499999993,0.9237531250000016,0.9298375000000011,0.010597195025623285,59.39538852260691,46.236537988380505,NaN,NaN,NaN,NaN,0.003411946834138036,0.003364929707252551,-0.000047017126885485084,97.11538461538457,94.09958071278821
1762293600,0.9457974840164778,0.9457974840164778,0.936,0.94,0.949,0.932,0.9405,NaN,NaN,NaN,NaN,NaN,NaN,NaN,NaN,NaN,NaN,0.9296125000000011,0.9602117136334027,0.8990132863665994,0.9296125000000011,0.9449121068167019,0.9143128931833002,0.9304427413199974,0.9336364026142924,0.7653675781249998,0.8906546875,0.9171687499999994,0.9244312500000016,0.9296125000000011,0.010554538238078757,54.89123767697536,47.54111834598366,NaN,NaN,NaN,NaN,0.002802551811376564,0.0034561726373352197,0.0006536208259586559,91.66666666666664,94.05128205128203
1762308000,0.9428987420082389,0.9428987420082389,0.936,0.93825,0.949,0.932,0.9405,NaN,NaN,NaN,NaN,NaN,NaN,NaN,NaN,NaN,NaN,0.9293000000000011,0.959408387535394,0.8991916124646082,0.9293000000000011,0.9443541937676976,0.9142458062323047,0.9307489083270563,0.9340558205584476,0.7656568359374998,0.8911609374999999,0.9176287499999993,0.9251156250000017,0.9293000000000011,0.010293409935947333,53.614177596527924,48.893270723810005,NaN,NaN,NaN,NaN,0.0021560405721174902,0.003348671541105519,0.0011926309689880286,85.41666666666669,91.39957264957263
1762322400,0.9405743710041194,0.9405743710041194,0.927,0.927,0.949,0.932,0.9405,NaN,0.932,NaN,NaN,NaN,NaN,NaN,NaN,NaN,NaN,0.9281750000000011,0.956826396126219,0.8995236038737832,0.9281750000000011,0.9425006980631101,0.9138493019368921,0.9306018923142305,0.9334143823258615,0.7659357421874997,0.8916546875,0.9179687499999993,0.9255281250000017,0.9281750000000011,0.010527764297959624,46.17663088480429,49.60569391573823,NaN,NaN,NaN,NaN,0.0009089749360357226,0.002328849639032682,0.0014198747029969593,73.23717948717955,83.44017094017094
1762336800,0.9337871855020597,0.9337871855020597,0.927,0.927,0.949,0.932,0.9405,NaN,NaN,NaN,NaN,NaN,NaN,NaN,NaN,NaN,NaN,0.9276250000000011,0.9559209802795647,0.8993290197204376,0.9276250000000011,0.941772990139783,0.9134770098602193,0.9304606416352411,0.9328312566598741,0.7662060546874997,0.8921304687499999,0.9182737499999993,0.9260468750000017,0.9276250000000011,0.010260580098252486,46.176630884804304,50.79369290331499,NaN,NaN,NaN,NaN,0.00006674366022194197,0.0015033042782743866,0.0014365606180524446,64.90384615384627,74.51923076923082
1762351200,0.9303935927510298,0.932,0.9303935927510298,0.932,0.949,0.932,0.9405,NaN,NaN,NaN,NaN,NaN,NaN,NaN,NaN,NaN,NaN,0.928150000000001,0.9563614338519393,0.8999385661480628,0.928150000000001,0.9422557169259702,0.9140442830740318,0.9305210086299376,0.9327556878726129,0.7664912109374997,0.89260859375,0.9186012499999993,0.9265968750000017,0.928150000000001,0.009884824376948737,49.76844250084878,52.10877178555063,NaN,NaN,NaN,NaN,-0.00015865792953555398,0.0012382382061330022,0.0013968961356685562,57.334730621190666,65.15858542073882
1762365600,0.931196796375515,0.931196796375515,0.928,0.928,0.949,0.932,0.9405,NaN,0.932,NaN,NaN,NaN,NaN,NaN,NaN,NaN,NaN,0.928550000000001,0.9565136371021826,0.9005863628978193,0.928550000000001,0.9425318185510918,0.9145681814489102,0.9304221455464107,0.9323233526114663,0.7667654296874997,0.8930648437499998,0.9189262499999993,0.9269968750000018,0.928550000000001,0.009464479778595256,47.062654532482846,52.669198566507006,NaN,NaN,NaN,NaN,-0.0005596240591005843,0.0006973660617928257,0.00125699012089341,52.51837580483585,58.252317526624246
1762380000,0.9295983981877576,0.93,0.929,0.9295,0.944,0.927,0.9355,NaN,NaN,NaN,NaN,NaN,NaN,NaN,NaN,NaN,NaN,0.929075000000001,0.9566938794121421,0.9014561205878598,0.929075000000001,0.9428844397060716,0.9152655602939304,0.9303859829759632,0.932066684192242,0.7670394531249997,0.8935445312499999,0.9192512499999992,0.9274031250000018,0.929075000000001,0.00893130265155274,48.199982116396995,53.19909946184278,NaN,NaN,NaN,NaN,-0.0006973386864616159,0.00038531676281639005,0.001082655449278006,49.05337233983234,52.968826255286274
1762394400,0.9295491990938788,0.93,0.925,0.9282500000000001,0.944,0.927,0.9355,NaN,NaN,NaN,NaN,NaN,NaN,NaN,NaN,NaN,NaN,0.9296875000000011,0.9566550151799592,0.902719984820043,0.9296875000000011,0.9431712575899801,0.9162037424100221,0.9303022189376902,0.9317197129020383,0.7673072265624997,0.8939984375,0.9195449999999993,0.9277437500000018,0.9296875000000011,0.008650495319298972,47.28822355663426,53.864394288412946,NaN,NaN,NaN,NaN,-0.0008367423435163282,0.000036727519882595594,0.0008734698633989238,44.27972620672906,48.6171581171324
1762408800,0.9288995995469395,0.934,0.9288995995469395,0.933,0.944,0.927,0.9355,NaN,NaN,NaN,NaN,NaN,NaN,NaN,NaN,NaN,NaN,0.930475000000001,0.9568572383429156,0.9040927616570865,0.930475000000001,0.9436661191714584,0.9172838808285437,0.930408014273467,0.9318361026382166,0.7675736328124997,0.8944796875,0.9199049999999993,0.9281875000000017,0.930475000000001,0.008443317082206183,51.07550519213438,53.18360137678444,NaN,NaN,NaN,NaN,-0.0005850837936423495,0.00014211512134598703,0.0007271989149883365,40.97642290342577,44.76984048332904
1762423200,0.9309497997734697,0.933,0.9309497997734697,0.933,0.944,0.927,0.9355,NaN,NaN,NaN,NaN,NaN,NaN,NaN,NaN,NaN,NaN,0.931825000000001,0.9557039132915054,0.9079460867084966,0.931825000000001,0.9437644566457533,0.9198855433542488,0.9305096607725467,0.9319419114892878,0.7678337890624997,0.8949390625,0.9202774999999993,0.9286500000000016,0.931825000000001,0.007986665878229339,51.07550519213438,52.38327396346509,NaN,NaN,NaN,NaN,-0.0004033077644475826,0.00022306420942885818,0.0006263719738764408,36.32176824877117,40.52597245297532
1762437600,0.9319748998867349,0.9319748998867349,0.928,0.928,0.944,0.927,0.9355,NaN,NaN,NaN,NaN,NaN,NaN,NaN,NaN,NaN,NaN,0.9328500000000011,0.9540769875390296,0.9116230124609725,0.9328500000000011,0.9434634937695153,0.9222365062304868,0.9304112427030351,0.9315835558993526,0.7680978515624997,0.8953453124999999,0.9206124999999993,0.9289625000000017,0.9328500000000011,0.007773332601212957,46.956769513228416,51.70989718828821,NaN,NaN,NaN,NaN,-0.0005930308442986495,-0.00011491658149687112,0.00047811426280177836,26.388888888889003,34.562360013695304
1762452000,0.9299874499433675,0.934,0.9299874499433675,0.934,0.944,0.927,0.9355,NaN,NaN,NaN,NaN,NaN,NaN,NaN,NaN,NaN,NaN,0.9338250000000011,0.9533109564810752,0.914339043518927,0.9338250000000011,0.9435679782405382,0.9240820217594641,0.9305519782833083,0.9318032326357751,0.7683302734374997,0.8957218749999999,0.9209924999999992,0.9292875000000016,0.9338250000000011,0.0076466659868406036,51.96281435803526,51.04194309483652,NaN,NaN,NaN,NaN,-0.0003023108319714056,0.0001002257228375214,0.000402536554808927,28.321256038647473,30.343971058769203
1762466400,0.9319937249716838,0.9319937249716838,0.927,0.92825,0.934,0.925,0.9295,NaN,NaN,NaN,NaN,NaN,NaN,NaN,NaN,NaN,NaN,0.934437500000001,0.9523503968897493,0.9165246031102527,0.934437500000001,0.9433939484448751,0.9254810515551269,0.9304617046251393,0.9314802114870683,0.7685628906249997,0.89605859375,0.9213462499999993,0.9295031250000017,0.934437500000001,0.007600475559209133,47.35077370115314,50.07105258776905,NaN,NaN,NaN,NaN,-0.0004748669429545748,-0.00019104712388429146,0.0002838198190702833,22.368875086266456,25.69300667126763
1762480800,0.9301218624858418,0.934,0.93,0.932,0.934,0.925,0.9295,NaN,NaN,NaN,NaN,NaN,NaN,NaN,NaN,NaN,NaN,0.9354375000000011,0.9501810367189332,0.9206939632810691,0.9354375000000011,0.9428092683594672,0.9280657316405351,0.9305220299339574,0.9315274649882439,0.7688066406249997,0.8963968750000001,0.9216837499999992,0.9297031250000017,0.9354375000000011,0.00746829873355134,50.44020183867927,49.43139639605994,NaN,NaN,NaN,NaN,-0.00032139975231913623,-0.00011792987132863697,0.00020346988099049926,29.421514233152248,26.70388178602204
1762495200,0.931060931242921,0.935,0.931060931242921,0.935,0.934,0.925,0.9295,0.934,NaN,NaN,NaN,NaN,NaN,NaN,NaN,NaN,NaN,0.9350375000000012,0.9493669059535622,0.9207080940464402,0.9350375000000012,0.9422022029767817,0.9278727970232207,0.9306976366032139,0.9318431499893126,0.7690527343749997,0.896759375,0.9220012499999993,0.9299781250000017,0.9350375000000012,0.0072162108780890345,52.82511005734354,49.28381585180052,NaN,NaN,NaN,NaN,-0.0000187631888909457,0.00018001589487681713,0.00019877908376776283,35.00131872477437,28.930569348064342
1762509600,0.9330304656214605,0.9330304656214605,0.926,0.9275000000000001,0.934,0.925,0.9295,NaN,NaN,0.934,NaN,NaN,NaN,NaN,NaN,NaN,NaN,0.9340875000000011,0.9477552311571124,0.9204197688428898,0.9340875000000011,0.9409213655785567,0.9272536344214455,0.9305722390893624,0.9314483181721024,0.7692976562499997,0.8970828125000001,0.9222462499999993,0.9304593750000016,0.9340875000000011,0.007343624386796962,46.7661455279411,48.79467070404432,NaN,NaN,NaN,NaN,-0.00030853756620797504,-0.000186892873992206,0.00012164469221576906,35.19325944137484,33.20536413310047
1762524000,0.9302652328107304,0.932,0.9302652328107304,0.932,0.934,0.925,0.9295,NaN,NaN,NaN,NaN,NaN,NaN,NaN,NaN,NaN,NaN,0.9337625000000009,0.9473036179369949,0.920221382063007,0.9337625000000009,0.9405330589684979,0.926991941031504,0.9306282297133089,0.9314984710655476,0.7695398437499997,0.8974062500000001,0.9225037499999992,0.9309843750000016,0.9337625000000009,0.007140508359168603,50.43923836405307,49.099142666847804,NaN,NaN,NaN,NaN,-0.00018791800725238093,-0.00011325281684970712,0.00007466519040267382,47.307286961155704,39.16728837576829
1762538400,0.9311326164053653,0.934,0.9311326164053653,0.934,0.934,0.925,0.9295,NaN,NaN,NaN,NaN,NaN,NaN,NaN,NaN,NaN,NaN,0.9330375000000011,0.9447776820677004,0.9212973179323017,0.9330375000000011,0.9389075910338508,0.9271674089661514,0.9307604559990615,0.9317258827868615,0.7697878906249997,0.8977484375000001,0.9227937499999993,0.9313812500000015,0.9330375000000011,0.006835285161701903,52.02366885288014,49.51678823599608,NaN,NaN,NaN,NaN,0.000024489587318482912,0.00010527717455077745,0.00008078758723229454,58.68400420866394,47.061516870398144
1762725600,0.9325663082026827,0.939,0.932,0.9355,0.935,0.926,0.9305000000000001,0.935,NaN,NaN,NaN,NaN,NaN,NaN,NaN,NaN,NaN,0.932412500000001,0.9420409409425348,0.9227840590574672,0.932412500000001,0.9372267204712679,0.9275982795287341,0.9309463204696866,0.9320689843516923,0.7700402343749997,0.898096875,0.9230787499999993,0.9317625000000016,0.932412500000001,0.006847050507294616,53.23130585024919,49.7641356180961,NaN,NaN,NaN,NaN,0.00025132873865682667,0.0003949485105533279,0.00014361977189650122,78.3333333333334,61.44154150105101
1762740000,0.9340331541013414,0.938,0.9340331541013414,0.938,0.935,0.926,0.9305000000000001,NaN,NaN,NaN,NaN,NaN,NaN,NaN,NaN,NaN,NaN,0.9320125000000008,0.9398474776633967,0.9241775223366049,0.9320125000000008,0.9359299888316988,0.9280950111683028,0.9312229353532283,0.9326081675924475,0.7702949218749997,0.8984500000000001,0.9233687499999994,0.9322000000000017,0.9320125000000008,0.006641321606677757,55.25296115702448,50.34915751984908,NaN,NaN,NaN,NaN,0.0005385668618280949,0.0008168283491816197,0.0002782614873535249,85.952380952381,74.32323949812611
1762754400,0.9360165770506707,0.949,0.9360165770506707,0.944,0.935,0.926,0.9305000000000001,NaN,NaN,NaN,NaN,NaN,NaN,NaN,NaN,NaN,NaN,0.9322125000000009,0.9409992442767398,0.923425755723262,0.9322125000000009,0.9366058721383703,0.9278191278616315,0.9317239967119252,0.9336437887204068,0.7705566406249996,0.8988343750000001,0.9236837499999992,0.9325437500000016,0.9322125000000009,0.007094328845438582,59.74987926383859,51.17415017323776,NaN,NaN,NaN,NaN,0.0010707387139092547,0.0016166848797400935,0.0005459461658308387,82.34126984126986,82.20899470899475
1762768800,0.9400082885253354,0.9400082885253354,0.935,0.935,0.935,0.926,0.9305000000000001,NaN,NaN,NaN,NaN,NaN,NaN,NaN,NaN,NaN,NaN,0.9320500000000009,0.9404977807727872,0.9236022192272146,0.9320500000000009,0.9362738903863941,0.9278261096136078,0.9318524674291045,0.9337670806549152,0.7708175781249997,0.899175,0.9239624999999994,0.9326250000000016,0.9320500000000009,0.007230448213621533,51.40480284513188,51.46819155098759,NaN,NaN,NaN,NaN,0.0007688275668758642,0.001506980624425669,0.0007381530575498047,70.38474810213943,79.55946629859676
1762797600,0.9375041442626677,0.939,0.9375041442626677,0.939,0.935,0.926,0.9305000000000001,0.935,NaN,NaN,NaN,NaN,NaN,NaN,NaN,NaN,NaN,0.9326500000000009,0.9412804692795729,0.9240195307204289,0.9326500000000009,0.9369652346397869,0.9283347653602149,0.9321327628240417,0.9342428005953775,0.7710919921874997,0.8995390625,0.9242624999999994,0.9326031250000018,0.9326500000000009,0.006999701912648559,54.44979243064923,51.70921206802437,NaN,NaN,NaN,NaN,0.0007878333521692417,0.0017229447477613569,0.0009351113955921151,58.27294685990335,70.33298826777087
1762812000,0.9382520721313339,0.9382520721313339,0.924,0.9295,0.949,0.932,0.9405,NaN,0.932,NaN,NaN,NaN,NaN,NaN,NaN,NaN,NaN,0.9327750000000009,0.9411429447885975,0.9244070552114043,0.9327750000000009,0.9369589723942991,0.9285910276057027,0.9320295172230989,0.9338116369048886,0.7713583984374996,0.8998750000000001,0.9245199999999992,0.9324562500000017,0.9327750000000009,0.007571151776030798,46.92872450465067,51.41301344748981,NaN,NaN,NaN,NaN,0.00014365324566990726,0.0011146779526794992,0.000971024707009592,39.21739130434778,55.958362088796854
1762826400,0.9338760360656669,0.9338760360656669,0.924,0.9265,0.949,0.932,0.9405,NaN,NaN,NaN,NaN,NaN,NaN,NaN,NaN,NaN,NaN,0.932500000000001,0.9413019884108283,0.9236980115891736,0.932500000000001,0.9369009942054147,0.9280990057945873,0.9318126734104284,0.9331469426408078,0.7716236328124997,0.90019140625,0.9247474999999993,0.9322500000000016,0.932500000000001,0.007735786368147661,44.82316215190606,51.26061292168107,NaN,NaN,NaN,NaN,-0.00046794254410967957,0.0003860965268724925,0.0008540390709821721,29.507246376811423,42.33252818035418
1762840800,0.9301880180328335,0.938,0.9301880180328335,0.93675,0.949,0.932,0.9405,NaN,NaN,0.932,NaN,NaN,NaN,NaN,NaN,NaN,NaN,0.932937500000001,0.9416708770663954,0.9242041229336065,0.932937500000001,0.9373041885331982,0.9285708114668038,0.9320062940609998,0.9334744933098252,0.7718968749999997,0.9005500000000002,0.9250037499999993,0.9323031250000018,0.932937500000001,0.008004658770422826,52.64150240183182,51.30909063909511,NaN,NaN,NaN,NaN,-0.00018040367222085774,0.0006285344807061,0.0008089381529269577,27.666666666666533,32.13043478260857
1762855200,0.9334690090164167,0.938,0.9334690090164167,0.938,0.949,0.932,0.9405,NaN,NaN,NaN,NaN,NaN,NaN,NaN,NaN,NaN,NaN,0.9333625000000009,0.9422118996963189,0.9245131003036828,0.9333625000000009,0.9377871998481598,0.9289378001518419,0.9322413413527253,0.933885903008932,0.7721675781249997,0.9008914062500001,0.9252662499999993,0.9323468750000018,0.9333625000000009,0.007756539642791426,53.50670715341078,51.748800171399225,NaN,NaN,NaN,NaN,0.0000816743257707976,0.0009110310601404548,0.0008293567343696572,38.99999999999984,32.05797101449259
1762869600,0.9357345045082084,0.941,0.9357345045082084,0.941,0.949,0.932,0.9405,NaN,NaN,NaN,NaN,NaN,NaN,NaN,NaN,NaN,NaN,0.9340000000000008,0.9431172912635881,0.9248827087364135,0.9340000000000008,0.9385586456317945,0.9294413543682072,0.9325848181624223,0.9345326390990292,0.7724447265624997,0.9012351562500001,0.9255412499999993,0.9324281250000016,0.9340000000000008,0.007578607917720007,55.60308562843036,52.11757758495287,NaN,NaN,NaN,NaN,0.0004255501389160267,0.0013612944080146905,0.0009357442690986638,58.33333333333318,41.66666666666651
1762884000,0.9383672522541042,0.944,0.938,0.9409999999999998,0.949,0.932,0.9405,NaN,NaN,NaN,NaN,NaN,NaN,NaN,NaN,NaN,NaN,0.934400000000001,0.9439960929541111,0.9248039070458909,0.934400000000001,0.9391980464770561,0.929601953522946,0.9329148252933077,0.9351205809991174,0.7727156249999997,0.9015578125000001,0.9258162499999993,0.9323906250000016,0.934400000000001,0.007465850209311435,55.60308562843025,52.31600441145906,NaN,NaN,NaN,NaN,0.0006102457932601767,0.0016985515106738847,0.001088305717413708,63.99999999999969,53.777777777777565
1762898400,0.939683626127052,0.939683626127052,0.932,0.93475,0.944,0.924,0.9339999999999999,NaN,NaN,NaN,NaN,NaN,NaN,NaN,NaN,NaN,NaN,0.9344875000000009,0.9440628263643986,0.9249121736356032,0.9344875000000009,0.9392751631821998,0.929699836817802,0.9329867929288643,0.9350868918173795,0.7729800781249997,0.9018570312500002,0.9259824999999994,0.9323000000000017,0.9344875000000009,0.007575432337217746,50.14052361420296,52.55703141762063,NaN,NaN,NaN,NaN,0.0002852370840407915,0.0014448520724646974,0.0011596149884239059,59.66666666666637,60.6666666666664
1762912800,0.937216813063526,0.938,0.937216813063526,0.938,0.944,0.924,0.9339999999999999,NaN,NaN,NaN,NaN,NaN,NaN,NaN,NaN,NaN,NaN,0.9349875000000007,0.9441927634392814,0.9257822365607201,0.9349875000000007,0.9395901317196411,0.9303848682803604,0.9331833892845951,0.9353517198339814,0.7732488281249996,0.9021617187500002,0.9260987499999993,0.9322812500000015,0.9349875000000007,0.007266472884559333,52.74052969744347,52.72140937000565,NaN,NaN,NaN,NaN,0.0002634107411987074,0.00148887841492229,0.0012254676737235826,55.66666666666635,59.777777777777466
1762927200,0.9376084065317629,0.943,0.9376084065317629,0.942,0.944,0.924,0.9339999999999999,NaN,NaN,NaN,NaN,NaN,NaN,NaN,NaN,NaN,NaN,0.9353875000000009,0.9450692805689433,0.9257057194310585,0.9353875000000009,0.9402283902844721,0.9305466097155297,0.9335291387244149,0.935956108939983,0.7735187499999997,0.9024898437500003,0.9262287499999994,0.9324000000000016,0.9353875000000009,0.007132552926250597,55.7958122456423,52.99084818377438,NaN,NaN,NaN,NaN,0.0004800202864430297,0.0018254930317773699,0.0013454727453343402,56.99999999999985,57.44444444444418
1762941600,0.9398042032658814,0.943,0.9398042032658814,0.943,0.944,0.924,0.9339999999999999,NaN,NaN,NaN,NaN,NaN,NaN,NaN,NaN,NaN,NaN,0.9361250000000009,0.9457667062797769,0.9264832937202249,0.9361250000000009,0.9409458531398889,0.9313041468601129,0.9339005450489476,0.9365964626727119,0.7737957031249997,0.9028242187500002,0.9263787499999993,0.9326968750000015,0.9361250000000009,0.00685135605538402,56.55204684489054,53.22804396910591,NaN,NaN,NaN,NaN,0.0006421747419932812,0.0021481911728259417,0.0015060164308326606,67.99999999999984,60.222222222222
1762970400,0.9414021016329407,0.948,0.9414021016329407,0.9450000000000001,0.944,0.924,0.9339999999999999,0.944,NaN,NaN,NaN,NaN,NaN,NaN,NaN,NaN,NaN,0.9367750000000008,0.9469545137401758,0.9265954862598258,0.9367750000000008,0.9418647568700883,0.9316852431299133,0.9343358177921262,0.9373604206115563,0.7740769531249997,0.9031492187500001,0.9265112499999992,0.9330343750000013,0.9367750000000008,0.006833251934789395,58.09610001717126,53.43112531625925,NaN,NaN,NaN,NaN,0.0008240514154682517,0.0025360807001679753,0.0017120292846997235,77.33333333333337,67.44444444444434
1762984800,0.9432010508164703,0.9432010508164703,0.937,0.937,0.948,0.932,0.94,NaN,NaN,NaN,NaN,NaN,NaN,NaN,NaN,NaN,NaN,0.9368750000000008,0.9470220439038393,0.9267279560961623,0.9368750000000008,0.94194852195192,0.9318014780480816,0.9344402955257682,0.9373276551014148,0.7743519531249997,0.9034117187500001,0.9265612499999993,0.9332343750000014,0.9368750000000008,0.006916591082304439,50.38311296362757,52.762070580529894,NaN,NaN,NaN,NaN,0.0003687004992541617,0.0021729049087674257,0.001804204409513264,71.38888888888906,72.24074074074075
1762999200,0.9401005254082352,0.9401005254082352,0.932,0.9335,0.948,0.932,0.94,NaN,NaN,NaN,NaN,NaN,NaN,NaN,NaN,NaN,NaN,0.9371750000000005,0.9465185806834613,0.9278314193165398,0.9371750000000005,0.9418467903417309,0.9325032096582702,0.9344034211914244,0.9369796864558316,0.7746257812499997,0.9036585937500001,0.9265762499999992,0.9334156250000014,0.9371750000000005,0.007001157819870917,47.41709801858438,52.477234521490786,NaN,NaN,NaN,NaN,-0.00017584293340633687,0.001584400742755343,0.00176024367616168,59.25000000000019,69.32407407407419
1763013600,0.9368002627041176,0.937,0.921,0.929,0.948,0.932,0.94,NaN,0.932,NaN,NaN,NaN,NaN,NaN,NaN,NaN,NaN,0.9370250000000006,0.9467832016779824,0.9272667983220187,0.9370250000000006,0.9419041008389915,0.9321458991610097,0.9341915223211724,0.9362542604143924,0.7748929687499997,0.9038992187500001,0.9265862499999993,0.9335843750000012,0.9370250000000006,0.00764393226130871,43.8433705930556,51.71963296166267,NaN,NaN,NaN,NaN,-0.0008111615230768112,0.0007462917723156659,0.001557453295392477,41.12654320987665,57.25514403292195
1763028000,0.9329001313520588,0.9329001313520588,0.922,0.9225000000000001,0.948,0.932,0.94,NaN,NaN,NaN,NaN,NaN,NaN,NaN,NaN,NaN,NaN,0.9364500000000007,0.9480372775053909,0.9248627224946104,0.9364500000000007,0.9422436387526958,0.9306563612473056,0.9337330312497539,0.9350038731039931,0.7751667968749997,0.9041210937500003,0.9265687499999993,0.9336093750000014,0.9364500000000007,0.007876517910648003,39.242607821916216,51.17062462718163,NaN,NaN,NaN,NaN,-0.001595858298712562,-0.0004373695779982256,0.0011584887207143364,24.922839506172945,41.76646090534991
1763042400,0.9277000656760295,0.9277000656760295,0.92,0.9235,0.948,0.932,0.94,NaN,NaN,NaN,NaN,NaN,NaN,NaN,NaN,NaN,NaN,0.9358500000000006,0.9487412761193983,0.922958723880603,0.9358500000000006,0.9422956380596994,0.9294043619403018,0.9333317359066263,0.9339580664581756,0.7754390624999996,0.9043367187500001,0.9265812499999992,0.9334781250000015,0.9358500000000006,0.00786391417960382,40.280878626336374,50.846175803926656,NaN,NaN,NaN,NaN,-0.0019507775632420469,-0.0012799832333382222,0.0006707943299038247,15.89506172839513,27.314814814814895
1763056800,0.9256000328380147,0.9256000328380147,0.924,0.924,0.948,0.932,0.94,NaN,NaN,NaN,NaN,NaN,NaN,NaN,NaN,NaN,NaN,0.9351500000000005,0.9489841967597673,0.9213158032402337,0.9351500000000005,0.9420670983798839,0.9282329016201171,0.9329657854789155,0.9330527876892505,0.7757140624999997,0.9045414062500002,0.9265962499999992,0.9332906250000013,0.9351500000000005,0.007452208369490314,40.825383357920316,50.00216730079012,NaN,NaN,NaN,NaN,-0.002045177770901604,-0.0018856778837231802,0.00015949988717842373,10.780423280423326,17.199441504997118
1763071200,0.9248000164190073,0.9248000164190073,0.918,0.9185000000000001,0.937,0.92,0.9285000000000001,NaN,0.92,NaN,NaN,NaN,NaN,NaN,NaN,NaN,NaN,0.9338750000000007,0.9488637457776383,0.918886254222363,0.9338750000000007,0.9413693728888195,0.9263806271111819,0.93239849977386,0.9317298069902277,0.7759843749999997,0.9047195312500002,0.9265837499999993,0.9330593750000015,0.9338750000000007,0.007405623230170098,36.84566766459845,48.81209305158924,NaN,NaN,NaN,NaN,-0.002349585675002765,-0.0027774822065750326,-0.0004278965315722675,9.484126984127018,12.053203997648474
1763100000,0.9216500082095037,0.935,0.921,0.9265000000000001,0.937,0.92,0.9285000000000001,NaN,NaN,0.92,NaN,NaN,NaN,NaN,NaN,NaN,NaN,0.9334500000000006,0.9487655150088904,0.9181344849911107,0.9334500000000006,0.9411077575044455,0.9257922424955556,0.932167186057238,0.9312543699911161,0.7762613281249997,0.9049265625000003,0.9266087499999992,0.9329093750000015,0.9334500000000006,0.008055221570872231,45.21173414660275,48.06985366003013,NaN,NaN,NaN,NaN,-0.00190277112680093,-0.00280636044007343,-0.0009035893132725,14.761904761904942,11.675485008818413
1763114400,0.9240750041047519,0.9240750041047519,0.92,0.92,0.937,0.92,0.9285000000000001,NaN,NaN,NaN,NaN,NaN,NaN,NaN,NaN,NaN,NaN,0.9325000000000004,0.9486547206719212,0.9163452793280796,0.9325000000000004,0.9405773603359608,0.92442263966404,0.9316900415059738,0.9302312454464692,0.7765222656249997,0.9051265625000002,0.9265912499999992,0.9327468750000014,0.9325000000000004,0.007944134315809934,40.515522508617394,46.99217058004349,NaN,NaN,NaN,NaN,-0.001929546981102882,-0.0033155230396511026,-0.0013859760585482207,12.222222222222392,12.156084656084767
1763128800,0.9220375020523759,0.9220375020523759,0.918,0.918,0.937,0.92,0.9285000000000001,NaN,0.92,NaN,NaN,NaN,NaN,NaN,NaN,NaN,NaN,0.9319250000000006,0.9492426932640237,0.9146073067359775,0.9319250000000006,0.9405838466320121,0.923266153367989,0.9311531771331905,0.9291193140422447,0.7767859374999997,0.9053046875000004,0.9265912499999992,0.9325656250000014,0.9319250000000006,0.007665089154136071,39.167420402594935,46.20837749350006,NaN,NaN,NaN,NaN,-0.0019601791751393633,-0.003836200027472425,-0.0018760208523330617,11.66666666666677,12.88359788359802
1763143200,0.9200187510261879,0.926,0.9200187510261879,0.925,0.937,0.92,0.9285000000000001,NaN,NaN,0.92,NaN,NaN,NaN,NaN,NaN,NaN,NaN,0.9318500000000005,0.9492736907682287,0.9144263092317724,0.9318500000000005,0.9405618453841146,0.9231381546158864,0.9309118760691438,0.9287448309474952,0.7770541015624997,0.9054953125000003,0.9265987499999991,0.9324281250000013,0.9318500000000005,0.007689011357412067,45.94659927477065,45.72309674902343,NaN,NaN,NaN,NaN,-0.0014127960387803362,-0.003642015900808482,-0.0022292198620281456,10.000000000000037,11.296296296296383
1763330400,0.922509375513094,0.925,0.922509375513094,0.924,0.935,0.918,0.9265000000000001,NaN,NaN,NaN,NaN,NaN,NaN,NaN,NaN,NaN,NaN,0.9312125000000007,0.9488045969468063,0.913620403053195,0.9312125000000007,0.9400085484734034,0.9224164515265979,0.930640822105648,0.9283134826795411,0.7773189453124998,0.9056687500000002,0.9266137499999991,0.9323031250000013,0.9312125000000007,0.007317698009518781,45.17214072976371,44.96426306931782,NaN,NaN,NaN,NaN,-0.0010391400824526073,-0.0035281449650939045,-0.0024890048826412972,14.4444444444445,12.037037037037086
1763359200,0.9232546877565471,0.935,0.9232546877565471,0.935,0.935,0.918,0.9265000000000001,NaN,NaN,NaN,NaN,NaN,NaN,NaN,NaN,NaN,NaN,0.9310625000000007,0.9484707415822465,0.9136542584177548,0.9310625000000007,0.9397666207911236,0.9223583792088778,0.9308117702583677,0.9289213478904919,0.7775947265624997,0.9058718750000002,0.9266787499999992,0.9322406250000015,0.9310625000000007,0.007633956169085509,54.29771293232347,44.803239218420174,NaN,NaN,NaN,NaN,-0.00002578024332532342,-0.0025212301867979514,-0.002495449943472628,33.33333333333346,19.25925925925933
1763373600,0.9291273438782736,0.935,0.9291273438782736,0.935,0.935,0.918,0.9265000000000001,NaN,NaN,NaN,NaN,NaN,NaN,NaN,NaN,NaN,NaN,0.9307625000000007,0.9476751247219574,0.9138498752780441,0.9307625000000007,0.939218812360979,0.9223061876390224,0.9309760145619611,0.9294739526277199,0.7778673828124997,0.9060968750000002,0.9267687499999993,0.9322218750000013,0.9307625000000007,0.007508149022845579,54.29771293232348,44.531925855216755,NaN,NaN,NaN,NaN,0.0006334760555473645,-0.0017036048740384224,-0.002337080929585787,48.04139040401043,31.939722727262794
1763388000,0.9320636719391369,0.936,0.9320636719391369,0.936,0.935,0.918,0.9265000000000001,0.935,NaN,NaN,NaN,NaN,NaN,NaN,NaN,NaN,NaN,0.9305125000000007,0.9469536640398546,0.9140713359601469,0.9305125000000007,0.9387330820199277,0.9222919179800738,0.9311730335987469,0.9300672296615635,0.7781431640624997,0.9063000000000002,0.9268237499999992,0.9322031250000015,0.9305125000000007,0.007253018954132552,55.08588019304672,44.867837800175266,NaN,NaN,NaN,NaN,0.001098601654705743,-0.0009638288612036083,-0.0020624305159093513,68.52339956821005,49.96604110185132
1763402400,0.9340318359695685,0.935,0.9340318359695685,0.935,0.935,0.918,0.9265000000000001,NaN,NaN,NaN,NaN,NaN,NaN,NaN,NaN,NaN,NaN,0.9305250000000006,0.9469794067041875,0.9140705932958137,0.9305250000000006,0.9387522033520941,0.9222977966479071,0.9313231107125216,0.9305156633286941,0.7784175781249998,0.9065015625000002,0.9268787499999992,0.9322437500000014,0.9305250000000006,0.006875529316725337,54.081464285469046,45.343863962095604,NaN,NaN,NaN,NaN,0.0012875279766976701,-0.00045302054503726374,-0.0017405485217349339,79.45907208282986,65.34128735168345
1763416800,0.9345159179847843,0.935,0.931,0.933,0.936,0.923,0.9295,NaN,NaN,NaN,NaN,NaN,NaN,NaN,NaN,NaN,NaN,0.9302750000000006,0.9464164838223051,0.9141335161776961,0.9302750000000006,0.9383457419111529,0.9222042580888483,0.9313888710767364,0.9307415121169946,0.7786910156249998,0.9066921875000002,0.9269187499999991,0.9322437500000016,0.9302750000000006,0.00667013436553067,52.037812042571346,45.92918120848958,NaN,NaN,NaN,NaN,0.0012266819121294177,-0.00020719613157316186,-0.0014338780437025795,84.75101501215286,77.57782888773092
1763431200,0.9337579589923921,0.9337579589923921,0.924,0.927,0.936,0.923,0.9295,NaN,NaN,NaN,NaN,NaN,NaN,NaN,NaN,NaN,NaN,0.9295250000000008,0.9447876177304134,0.9142623822695882,0.9295250000000008,0.9371563088652071,0.9218936911347946,0.9312167584854918,0.9304013746518133,0.7789613281249996,0.9068859375000002,0.9269287499999992,0.9322500000000016,0.9295250000000008,0.006890693267449342,46.3759729057224,46.43870728590431,NaN,NaN,NaN,NaN,0.0007544064943277946,-0.0004908699257928362,-0.0012452764201206308,74.26900584795321,79.49303098097865
1763445600,0.9303789794961961,0.9303789794961961,0.913,0.915,0.936,0.923,0.9295,NaN,0.923,NaN,NaN,NaN,NaN,NaN,NaN,NaN,NaN,0.9281250000000008,0.9433232729277223,0.9129267270722792,0.9281250000000008,0.9357241364638615,0.92052586353614,0.9305808071723353,0.9290012496834666,0.7792183593749997,0.9070453125000002,0.9269062499999993,0.9320937500000015,0.9281250000000008,0.007639856569502677,37.571362860051096,46.24517044545536,NaN,NaN,NaN,NaN,-0.0003356128414773107,-0.001664792471967269,-0.0013291796304899584,47.342995169082116,68.7876720097294
1763460000,0.9226894897480981,0.9226894897480981,0.915,0.915,0.936,0.923,0.9295,NaN,NaN,NaN,NaN,NaN,NaN,NaN,NaN,NaN,NaN,0.9266250000000008,0.9407490043891484,0.9125009956108532,0.9266250000000008,0.9336870021945747,0.9195629978054269,0.9299697951263614,0.9277284088031515,0.7794792968749997,0.9072140625000003,0.9268987499999993,0.9318562500000016,0.9266250000000008,0.0076434017965452015,37.571362860051096,46.012740409893276,NaN,NaN,NaN,NaN,-0.0009891045872789607,-0.0025655603645886593,-0.0015764557773096986,22.46376811594202,48.025256377659126
1763474400,0.9188447448740491,0.9188447448740491,0.911,0.9115000000000001,0.936,0.923,0.9295,NaN,NaN,NaN,NaN,NaN,NaN,NaN,NaN,NaN,NaN,0.9253500000000008,0.9400880460029364,0.9106119539970652,0.9253500000000008,0.9327190230014686,0.917980976998533,0.9292454894351315,0.926253098911956,0.7797427734374998,0.9073703125000001,0.9268524999999993,0.9315375000000016,0.9253500000000008,0.007657783444938335,35.30411703192392,45.90262965041652,NaN,NaN,NaN,NaN,-0.0015558396333844328,-0.0035212553190402396,-0.0019654156856558067,6.463768115942095,25.423510466988745
1763488800,0.9151723724370247,0.9151723724370247,0.915,0.915,0.936,0.923,0.9295,NaN,NaN,NaN,NaN,NaN,NaN,NaN,NaN,NaN,NaN,0.9244250000000008,0.939322231285868,0.9095277687141337,0.9244250000000008,0.9318736156429345,0.9169763843570672,0.9286868427906165,0.9252300899199599,0.7800107421874997,0.9075312500000001,0.9268274999999991,0.9312625000000017,0.9244250000000008,0.007373111230087352,39.25194930138706,45.47693073290111,NaN,NaN,NaN,NaN,-0.0015882183533127547,-0.00395068862729675,-0.0023624702739839954,8.898550724637754,12.608695652173955
1763503200,0.9150861862185123,0.925,0.9150861862185123,0.9237500000000001,0.935,0.911,0.923,NaN,NaN,NaN,NaN,NaN,NaN,NaN,NaN,NaN,NaN,0.924162500000001,0.9389123093202312,0.9094126906797708,0.924162500000001,0.9315374046601161,0.9167875953398859,0.9284932411125532,0.9250955362908727,0.7802839843749998,0.9076945312500001,0.9268337499999991,0.9310468750000016,0.924162500000001,0.00756074614222397,47.823877783293675,45.998956109663695,NaN,NaN,NaN,NaN,-0.0009453129282601764,-0.003544111434309216,-0.0025987985060490397,23.000000000000114,12.787439613526653
1763517600,0.9194180931092562,0.92,0.918,0.919,0.935,0.911,0.923,NaN,NaN,NaN,NaN,NaN,NaN,NaN,NaN,NaN,NaN,0.9239875000000011,0.938894272788985,0.9090807272110172,0.9239875000000011,0.9314408863944931,0.9165341136055091,0.928120957147355,0.9245413966280661,0.7805609374999998,0.9078195312500001,0.9268587499999991,0.9307531250000016,0.9239875000000011,0.007431407132065117,44.17939272454761,46.35695413266031,NaN,NaN,NaN,NaN,-0.0007722385504512173,-0.0035640966941130614,-0.002791858143661844,33.000000000000036,21.632850241545967
1763532000,0.9192090465546281,0.935,0.9192090465546281,0.933,0.935,0.911,0.923,NaN,NaN,NaN,NaN,NaN,NaN,NaN,NaN,NaN,NaN,0.924462500000001,0.9398737580597163,0.9090512419402856,0.924462500000001,0.9321681290298586,0.9167568709701434,0.9283122921611842,0.9253103605709692,0.7808558593749997,0.9079945312500002,0.9269587499999992,0.9306156250000017,0.924462500000001,0.008043449479774752,55.05174129448384,47.007321419782684,NaN,NaN,NaN,NaN,0.00029562326865409123,-0.0024223290578442302,-0.0027179523264983215,57.000000000000036,37.66666666666673
1763546400,0.9261045232773141,0.937,0.9261045232773141,0.93625,0.935,0.911,0.923,0.935,NaN,NaN,NaN,NaN,NaN,NaN,NaN,NaN,NaN,0.9250750000000011,0.9413154587368172,0.908834541263185,0.9250750000000011,0.9331952293684092,0.916954770631593,0.9286235748215299,0.9263048732463356,0.7811505859374998,0.9081890625000002,0.927099999999999,0.9305187500000016,0.9250750000000011,0.00824716571141127,57.13879303486354,47.86208229871839,NaN,NaN,NaN,NaN,0.0011816277686676124,-0.0012409176156638058,-0.002422545384331418,72.37179487179485,54.12393162393164
1763560800,0.9311772616386571,0.936,0.929,0.9325000000000001,0.935,0.911,0.923,NaN,NaN,0.935,NaN,NaN,NaN,NaN,NaN,NaN,NaN,0.9257750000000009,0.9420283842624759,0.9095216157375259,0.9257750000000009,0.9339016921312384,0.9176483078687634,0.9287755914951954,0.9268680665875778,0.7814416015624996,0.9083656250000003,0.9271749999999992,0.9303687500000015,0.9257750000000009,0.008175939589167605,54.021893958791786,47.842380943466125,NaN,NaN,NaN,NaN,0.0014577849888651232,-0.0006003141482500141,-0.0020580991371151373,89.26923076923082,72.8803418803419
1763575200,0.9318386308193286,0.932,0.9318386308193286,0.932,0.935,0.911,0.923,NaN,NaN,NaN,NaN,NaN,NaN,NaN,NaN,NaN,NaN,0.9260500000000009,0.9425277122193633,0.9095722877806386,0.9260500000000009,0.9342888561096822,0.9178111438903197,0.9289020388875406,0.9273346059887071,0.7817337890624997,0.9085640625000002,0.9271849999999993,0.9302125000000017,0.9260500000000009,0.007639184559989312,53.602041761308556,47.79269014553649,NaN,NaN,NaN,NaN,0.0015413099515064793,-0.0001314616977320382,-0.0016727716492385175,86.85897435897441,82.83333333333336
1763589600,0.9319193154096643,0.95,0.9319193154096643,0.9484999999999999,0.937,0.918,0.9275,0.937,NaN,NaN,NaN,NaN,NaN,NaN,NaN,NaN,NaN,0.9274750000000008,0.9463660693181927,0.908583930681809,0.9274750000000008,0.9369205346590967,0.9180294653409049,0.9296705863821468,0.9292587327170064,0.7820396484374996,0.9088289062500003,0.9272799999999991,0.9302000000000016,0.9274750000000008,0.008385005990728335,63.64369075671377,48.40396232865556,NaN,NaN,NaN,NaN,0.0025811055582043918,0.001553610298516972,-0.0010274952596874196,86.53846153846156,87.55555555555559
1763604000,0.9402096577048321,0.964,0.9402096577048321,0.95475,0.937,0.918,0.9275,NaN,NaN,NaN,NaN,NaN,NaN,NaN,NaN,NaN,NaN,0.9293125000000009,0.9510885619714502,0.9075364380285516,0.9293125000000009,0.9402005309857255,0.9184244690142762,0.9306540927985333,0.931576120651824,0.7823457031249997,0.9091031250000002,0.9274087499999992,0.9304093750000015,0.9293125000000009,0.009485387155331159,66.59302551337191,49.29764527350577,NaN,NaN,NaN,NaN,0.0035057513588698285,0.0033546939388998664,-0.00015105741996996225,86.49008224479918,86.62917271407838
1763618400,0.947479828852416,0.959,0.947479828852416,0.959,0.937,0.918,0.9275,NaN,NaN,NaN,NaN,NaN,NaN,NaN,NaN,NaN,NaN,0.9310125000000008,0.9562154140177155,0.9058095859822861,0.9310125000000008,0.9436139570088581,0.9184110429911435,0.9317656970025123,0.9340692005925673,0.7826519531249997,0.9093875000000002,0.9275337499999992,0.9308781250000017,0.9310125000000008,0.009630728869063503,68.46634637271232,50.47111201137297,NaN,NaN,NaN,NaN,0.004174126387038117,0.005066600563827683,0.0008924741767895668,89.75568456700529,87.594742783422
1763632800,0.953239914426208,0.962,0.953239914426208,0.962,0.937,0.918,0.9275,NaN,NaN,NaN,NaN,NaN,NaN,NaN,NaN,NaN,NaN,0.9329125000000007,0.9612489936960162,0.9045760063039852,0.9329125000000007,0.9470807468480085,0.9187442531519929,0.9329513559435902,0.9366083641750611,0.7829488281249997,0.9097000000000003,0.9276487499999991,0.9314031250000016,0.9329125000000007,0.009568540062258392,69.75559613603055,52.14108509925213,NaN,NaN,NaN,NaN,0.0045575527782342135,0.006589415149582334,0.0020318623713481204,89.77987421383648,88.67521367521364
1763647200,0.957619957213104,0.957619957213104,0.957,0.957,0.937,0.918,0.9275,NaN,NaN,NaN,NaN,NaN,NaN,NaN,NaN,NaN,NaN,0.9340125000000008,0.9642331365747716,0.90379186342523,0.9340125000000008,0.9491228182873862,0.9189021817126154,0.9338944400242337,0.9384621492500556,0.7832378906249997,0.9100046875000004,0.9277174999999991,0.9318781250000014,0.9340125000000008,0.009242215772097079,64.9866711429911,54.09932140517641,NaN,NaN,NaN,NaN,0.004221350143918907,0.007308550051246754,0.003087199907327847,91.1949685534591,90.24350911143362
1763661600,0.957309978606552,0.959,0.957309978606552,0.959,0.937,0.918,0.9275,NaN,NaN,NaN,NaN,NaN,NaN,NaN,NaN,NaN,NaN,0.9352125000000008,0.9673404765155577,0.9030845234844439,0.9352125000000008,0.9512764882577792,0.9191485117422223,0.9348789717879893,0.9403292265909596,0.7835246093749998,0.9103281250000004,0.9277974999999992,0.9324156250000015,0.9352125000000008,0.008724914645518717,65.98831707958155,56.12910384942859,NaN,NaN,NaN,NaN,0.0038888246114376166,0.007948230671624867,0.004059406060187251,91.1949685534591,90.72327044025155
1763676000,0.9581549893032759,0.9581549893032759,0.945,0.9457499999999999,0.964,0.945,0.9544999999999999,NaN,NaN,NaN,NaN,NaN,NaN,NaN,NaN,NaN,NaN,0.9357000000000009,0.9681551998912822,0.9032448001087195,0.9357000000000009,0.9519275999456416,0.9194724000543602,0.9353052866198328,0.9408220241735996,0.7838056640624997,0.9106054687500004,0.9277962499999992,0.9327718750000015,0.9357000000000009,0.009101706456553097,54.80284107807058,57.52186985272477,NaN,NaN,NaN,NaN,0.00259395256189648,0.007301846762557851,0.004707894200661371,80.0378642022846,87.47593376973425
1763690400,0.9519524946516379,0.9519524946516379,0.948,0.9495,0.964,0.945,0.9544999999999999,NaN,NaN,NaN,NaN,NaN,NaN,NaN,NaN,NaN,NaN,0.936425000000001,0.9694284467894311,0.9034215532105708,0.936425000000001,0.9529267233947161,0.9199232766052858,0.9358619420465061,0.9416109310669087,0.7840904296874998,0.9108804687500003,0.9277162499999991,0.9333156250000016,0.936425000000001,0.008894619899059163,57.02319213402768,58.79124434077054,NaN,NaN,NaN,NaN,0.0018427678340330062,0.007011353993202629,0.005168586159169623,74.55905405935856,81.9306289383674
1763704800,0.9507262473258189,0.954,0.941,0.95,0.964,0.945,0.9544999999999999,NaN,NaN,NaN,NaN,NaN,NaN,NaN,NaN,NaN,NaN,0.9372750000000009,0.970754060619787,0.9037959393802147,0.9372750000000009,0.9540145303098939,0.9205354696901078,0.9364163756917412,0.9423735736971898,0.7843708984374997,0.9111710937500004,0.9276537499999992,0.9338468750000015,0.9372750000000009,0.009187861334840652,57.32422598618352,59.469840640976955,NaN,NaN,NaN,NaN,0.0012601266830771576,0.00674374451301607,0.005483617829938912,67.55878061117697,74.05189962427336
1763719200,0.9503631236629094,0.952,0.9503631236629094,0.952,0.964,0.945,0.9544999999999999,NaN,NaN,NaN,NaN,NaN,NaN,NaN,NaN,NaN,NaN,0.9385250000000009,0.9722421692166313,0.9048078307833706,0.9385250000000009,0.9553835846083161,0.9216664153916858,0.9370274982136337,0.9432487033610816,0.7846523437499997,0.9113757812500003,0.9276187499999993,0.9343156250000015,0.9385250000000009,0.00867444266806632,58.574188197798705,60.49804031763774,NaN,NaN,NaN,NaN,0.0009065228049155941,0.006616771336083405,0.0057102485311678105,71.04337184035974,71.05373550363174
1763733600,0.9511815618314547,0.957,0.9511815618314547,0.957,0.964,0.945,0.9544999999999999,NaN,NaN,NaN,NaN,NaN,NaN,NaN,NaN,NaN,NaN,0.9406250000000009,0.9734394404185486,0.9078105595814533,0.9406250000000009,0.9570322202092747,0.9242177797907272,0.937810733577805,0.9444988212373469,0.7849367187499998,0.9115945312500002,0.9276387499999993,0.9348281250000016,0.9406250000000009,0.008470442346671955,61.60212857437851,60.965925123344505,NaN,NaN,NaN,NaN,0.0009043983943579593,0.00684074652411526,0.0059363481297573005,74.767410517881,71.12318765647257
1763748000,0.9540907809157273,0.9540907809157273,0.946,0.946,0.964,0.945,0.9544999999999999,NaN,NaN,NaN,NaN,NaN,NaN,NaN,NaN,NaN,NaN,0.942175000000001,0.9728609495532131,0.9114890504467889,0.942175000000001,0.957517974776607,0.9268320252233949,0.9381318812806362,0.9446352920339517,0.7852187499999997,0.9118210937500002,0.9275737499999992,0.9352531250000015,0.942175000000001,0.008651125036195388,52.50892734238119,60.63522043102434,NaN,NaN,NaN,NaN,0.00009954194195315944,0.00606077555719875,0.00596123361524559,67.76948091125573,71.19342108983214
1763935200,0.9500453904578636,0.9500453904578636,0.947,0.947,0.957,0.941,0.949,NaN,NaN,NaN,NaN,NaN,NaN,NaN,NaN,NaN,NaN,0.943950000000001,0.9712536627576264,0.9166463372423755,0.943950000000001,0.9576018313788136,0.9302981686211883,0.9384796506421799,0.9448502654854106,0.7855042968749998,0.9120492187500003,0.9275387499999992,0.9353031250000015,0.943950000000001,0.00832214399488598,53.18546779481464,60.57547570502597,NaN,NaN,NaN,NaN,-0.0004006744079892346,0.005460390605259047,0.005861065013248281,59.08037362828045,67.20575501913905
1763992800,0.9485226952289318,0.9485226952289318,0.947,0.947,0.957,0.941,0.949,NaN,NaN,NaN,NaN,NaN,NaN,NaN,NaN,NaN,NaN,0.945550000000001,0.9694139896073982,0.9216860103926038,0.945550000000001,0.9574819948036997,0.9336180051963023,0.9388137819895453,0.9450456958958279,0.7857894531249998,0.9122789062500003,0.9275312499999993,0.9353093750000016,0.945550000000001,0.007836469083032116,53.18546779481464,60.54572042170498,NaN,NaN,NaN,NaN,-0.0007466305217291788,0.004927776861086808,0.005674407382815987,47.57386486300721,58.141239800847785
1764021600,0.947761347614466,0.961,0.947761347614466,0.958,0.947,0.947,0.947,0.947,NaN,NaN,NaN,NaN,NaN,NaN,NaN,NaN,NaN,0.947262500000001,0.9694821281468029,0.9250428718531991,0.947262500000001,0.958372314073402,0.9361526859266001,0.9395661826958377,0.946223359905298,0.7860832031249998,0.9125664062500004,0.9275912499999991,0.9355531250000014,0.947262500000001,0.008276721291386966,60.38498911470821,60.31295601870458,NaN,NaN,NaN,NaN,-0.0002740676928060402,0.005331822766808436,0.005605890459614476,56.309949311357066,54.3213959342149
1764036000,0.952880673807233,0.965,0.952880673807233,0.9635,0.947,0.947,0.947,NaN,NaN,NaN,NaN,NaN,NaN,NaN,NaN,NaN,NaN,0.9494875000000009,0.9686417912941844,0.9303332087058175,0.9494875000000009,0.9590646456470926,0.9399103543529093,0.9405047637665892,0.9477939635502709,0.7863820312499998,0.9128460937500004,0.9276512499999992,0.9357406250000013,0.9494875000000009,0.00855119307005697,63.41459083199211,60.085924970034604,NaN,NaN,NaN,NaN,0.000336381932379024,0.0060263678750882566,0.0056899859427092326,71.84609801821095,58.576637397525054
1764050400,0.9581903369036164,0.969,0.9581903369036164,0.96775,0.947,0.947,0.947,NaN,NaN,NaN,NaN,NaN,NaN,NaN,NaN,NaN,NaN,0.9512250000000009,0.9703860933921504,0.9320639066078513,0.9512250000000009,0.9608055466960757,0.9416444533039261,0.9415732044031936,0.9496081486820644,0.7866646484374997,0.9131312500000004,0.9277199999999991,0.9359875000000013,0.9512250000000009,0.008712512357651725,65.60360991787212,59.88144379468894,NaN,NaN,NaN,NaN,0.0009207167898384657,0.006840881930007314,0.0059201651401688486,88.02179873406419,72.05928202121072
1764064800,0.9629701684518082,0.969,0.9629701684518082,0.969,0.947,0.947,0.947,NaN,NaN,NaN,NaN,NaN,NaN,NaN,NaN,NaN,NaN,0.9528625000000008,0.9722212673931738,0.9335037326068278,0.9528625000000008,0.9625418836965873,0.9431831163034143,0.9426487650148331,0.9513710442564223,0.7869564453124998,0.9134046875000003,0.927794999999999,0.9362750000000013,0.9528625000000008,0.008520892299833159,66.24335459296455,59.630569398755654,NaN,NaN,NaN,NaN,0.0012645001267600747,0.007500790298618942,0.006236290171858868,96.42857142857154,85.43215606028222
1764079200,0.9659850842259041,0.972,0.9659850842259041,0.972,0.947,0.947,0.947,NaN,NaN,NaN,NaN,NaN,NaN,NaN,NaN,NaN,NaN,0.9548375000000011,0.9735319343316609,0.9361430656683414,0.9548375000000011,0.964184717165831,0.9454902828341712,0.9437997938377808,0.9532464038694748,0.7872566406249998,0.9136796875000004,0.927919999999999,0.9366750000000013,0.9548375000000011,0.008341893976566208,67.79166493542887,59.8309260982155,NaN,NaN,NaN,NaN,0.0015482876003795488,0.008171649672333303,0.006623362071953754,98.5119047619048,94.32075830818015
1764093600,0.968992542112952,0.968992542112952,0.966,0.966,0.947,0.947,0.947,NaN,NaN,NaN,NaN,NaN,NaN,NaN,NaN,NaN,NaN,0.956537500000001,0.9726164264250158,0.9404585735749863,0.956537500000001,0.9645769632125084,0.9484980367874937,0.9446703901578678,0.9544058216995225,0.7875519531249997,0.9139203125000004,0.9280149999999989,0.937021875000001,0.956537500000001,0.008174615835382908,61.69664717311084,59.5243782477533,NaN,NaN,NaN,NaN,0.001201706385903857,0.008125495054333576,0.006923788668429719,93.54838709677419,96.16295442908348
1764108000,0.9674962710564761,0.973,0.964,0.9684999999999999,0.972,0.955,0.9635,NaN,NaN,NaN,NaN,NaN,NaN,NaN,NaN,NaN,NaN,0.9575375000000008,0.9739762309419794,0.9410987690580223,0.9575375000000008,0.96575686547099,0.9493181345290116,0.9456048846614808,0.9556871106359295,0.7878455078124997,0.9141843750000003,0.9281174999999989,0.9375406250000011,0.9575375000000008,0.008233571847141272,63.182008821774865,60.12289022944646,NaN,NaN,NaN,NaN,0.0010179018604786726,0.00819616599402806,0.007178264133549387,88.86088709677414,93.64039298515104
1764122400,0.967998135528238,0.974,0.967998135528238,0.9724999999999999,0.972,0.955,0.9635,0.972,NaN,NaN,NaN,NaN,NaN,NaN,NaN,NaN,NaN,0.9584250000000007,0.9760404051892972,0.9408095948107043,0.9584250000000007,0.967232702594649,0.9496172974053525,0.946659595066913,0.9572155551235723,0.7881498046874997,0.9144703125000003,0.9282824999999988,0.9381093750000012,0.9584250000000007,0.008074164177471322,65.48806255274694,60.72752383078356,NaN,NaN,NaN,NaN,0.0010391644386731763,0.008477219681890857,0.007438055243217681,87.34573558162258,89.91833659172363
1764136800,0.9702490677641189,0.9702490677641189,0.968,0.968,0.972,0.955,0.9635,NaN,NaN,0.972,NaN,NaN,NaN,NaN,NaN,NaN,NaN,0.9588750000000008,0.9769792122165728,0.9407707877834288,0.9588750000000008,0.9679271061082868,0.9498228938917148,0.94749647369174,0.9581959592032475,0.7884695312499999,0.9147671875000002,0.9284074999999988,0.9385593750000012,0.9588750000000008,0.007818866736223366,60.86911010584776,60.980729839331,NaN,NaN,NaN,NaN,0.0006430258767156413,0.008241837589112233,0.007598811712396592,86.65449134199123,87.6203713401293
1764151200,0.9691245338820594,0.976,0.9691245338820594,0.974,0.972,0.955,0.9635,0.972,NaN,NaN,NaN,NaN,NaN,NaN,NaN,NaN,NaN,0.9594750000000009,0.9787135680335725,0.9402364319664293,0.9594750000000009,0.9690942840167867,0.949855715983215,0.9485358276646129,0.9596326901847705,0.7887871093749999,0.9150968750000003,0.9285574999999988,0.9391343750000013,0.9594750000000009,0.007831804826493125,64.46766789631991,61.40169267493966,NaN,NaN,NaN,NaN,0.0006746544885621918,0.008442129823099331,0.0077674753345371396,89.11976911976906,87.70666534779429
1764165600,0.9715622669410298,0.978,0.9715622669410298,0.9754999999999999,0.972,0.955,0.9635,NaN,NaN,NaN,NaN,NaN,NaN,NaN,NaN,NaN,NaN,0.9604000000000008,0.9808165374141391,0.9399834625858625,0.9604000000000008,0.97060826870707,0.9501917312929317,0.9495932461875692,0.9610751728952459,0.7890988281249999,0.9154250000000003,0.928729999999999,0.9397093750000012,0.9604000000000008,0.00773222827167006,65.32615823499333,61.66769479355499,NaN,NaN,NaN,NaN,0.0006840240923973659,0.008622505450033846,0.00793848135763648,88.0307539682539,87.93500481000473
1764180000,0.9735311334705148,0.9735311334705148,0.969,0.969,0.972,0.955,0.9635,NaN,NaN,0.972,NaN,NaN,NaN,NaN,NaN,NaN,NaN,0.9609000000000009,0.9816421069320811,0.9401578930679206,0.9609000000000009,0.9712710534660409,0.9505289465339608,0.9503542953566841,0.9617956117229508,0.7894050781249998,0.9157281250000002,0.9291049999999988,0.9402187500000012,0.9609000000000009,0.007644211966550767,58.706923227659644,62.110408785360605,NaN,NaN,NaN,NaN,0.000166850671312474,0.008147044696777073,0.007980194025464599,85.49619175627232,87.54890494809842
1764194400,0.9712655667352574,0.975,0.97,0.9724999999999999,0.978,0.964,0.971,NaN,NaN,NaN,NaN,NaN,NaN,NaN,NaN,NaN,NaN,0.9622375000000007,0.9823394122220576,0.9421355877779439,0.9622375000000007,0.9722884561110292,0.9521865438889723,0.9512227543623044,0.9627687379299553,0.7897167968749998,0.9160484375000003,0.9294874999999989,0.9407125000000013,0.9622375000000007,0.007526768254654284,60.99853464597142,62.66848498901465,NaN,NaN,NaN,NaN,-0.00001544227989065325,0.007960891175601281,0.007976333455491934,81.80443548387083,85.11046040279902
1764208800,0.9718827833676287,0.9718827833676287,0.965,0.967,0.978,0.964,0.971,NaN,NaN,NaN,NaN,NaN,NaN,NaN,NaN,NaN,NaN,0.9631125000000008,0.9824286040322012,0.9437963959678004,0.9631125000000008,0.9727705520161011,0.9534544479839006,0.9518414698775082,0.9631533981181412,0.7900222656249998,0.9163726562500003,0.9298024999999989,0.9411375000000014,0.9631125000000008,0.00752485623646469,55.76158748904424,62.85249353860248,NaN,NaN,NaN,NaN,-0.0005526063208372983,0.007285575554445312,0.00783818187528261,72.2828413199366,79.86115618669324
1764223200,0.9694413916838143,0.972,0.966,0.969,0.978,0.964,0.971,NaN,NaN,NaN,NaN,NaN,NaN,NaN,NaN,NaN,NaN,0.9640625000000009,0.9825570093198494,0.9455679906801525,0.9640625000000009,0.9733097546599252,0.9548152453400767,0.9525143534117235,0.9636849073801284,0.7903312499999997,0.9166882812500002,0.9301149999999988,0.9416500000000013,0.9640625000000009,0.007415937933860069,57.20054835770648,62.62503348453093,NaN,NaN,NaN,NaN,-0.0008041456789734339,0.006832999776565818,0.007637145455539252,70.01726516216543,74.70151398865762
1764237600,0.9692206958419072,0.973,0.967,0.9714999999999999,0.978,0.964,0.971,NaN,NaN,NaN,NaN,NaN,NaN,NaN,NaN,NaN,NaN,0.9650375000000008,0.9829318252173339,0.9471431747826676,0.9650375000000008,0.9739846626086673,0.9560903373913342,0.9532588885720481,0.9643953703455712,0.7906378906249998,0.9170039062500003,0.9304624999999989,0.9421187500000014,0.9650375000000008,0.007314799510012922,58.995986765181634,62.30941890833019,NaN,NaN,NaN,NaN,-0.0008297332680178033,0.006599978870516998,0.0074297121385348015,64.99382056117761,69.09797568109322
1764252000,0.9703603479209535,0.972,0.967,0.9695,0.978,0.964,0.971,NaN,NaN,NaN,NaN,NaN,NaN,NaN,NaN,NaN,NaN,0.9656625000000008,0.9832609907018383,0.9480640092981633,0.9656625000000008,0.9744617453509196,0.956863254649082,0.953895794902556,0.9648594275868829,0.7909374999999998,0.9173242187500004,0.9307899999999989,0.9426343750000014,0.9656625000000008,0.007149456687869142,56.93815271171783,61.69045767931916,NaN,NaN,NaN,NaN,-0.0009976456791332532,0.0061826550396182345,0.007180300718751488,58.268183595013625,64.42642310611889
1764266400,0.9699301739604768,0.9699301739604768,0.968,0.968,0.978,0.964,0.971,NaN,NaN,NaN,NaN,NaN,NaN,NaN,NaN,NaN,NaN,0.9667625000000006,0.9818832432020974,0.9516417567979039,0.9667625000000006,0.974322871601049,0.9592021283989522,0.9544489009848087,0.9651449341698936,0.7912359374999998,0.9176664062500002,0.9311149999999989,0.9430843750000013,0.9667625000000006,0.006776650778769689,55.37798608123173,60.91435992848111,NaN,NaN,NaN,NaN,-0.0012117796171656186,0.005665576197294464,0.006877355814460083,46.40165529809969,56.554553151430305
1764280800,0.9689650869802384,0.972,0.968,0.97075,0.975,0.965,0.97,NaN,NaN,NaN,NaN,NaN,NaN,NaN,NaN,NaN,NaN,0.9679500000000006,0.9801181962502028,0.9557818037497985,0.9679500000000006,0.9740340981251017,0.9618659018748996,0.9550881597697182,0.9656544856089941,0.7915373046874998,0.9180390625000003,0.9314424999999988,0.9435312500000013,0.9679500000000006,0.00657831858028614,57.668122037708464,60.19124972150108,NaN,NaN,NaN,NaN,-0.0011696720958480605,0.005415265694650007,0.006584937790498067,40.07717363180654,48.24900417497329
1764295200,0.9698575434901192,0.976,0.969,0.9714999999999999,0.975,0.965,0.97,NaN,NaN,NaN,NaN,NaN,NaN,NaN,NaN,NaN,NaN,0.9691750000000006,0.9767117433274648,0.9616382566725363,0.9691750000000006,0.9729433716637327,0.9654066283362684,0.9557317613473763,0.9661858960081765,0.7918394531249998,0.9184281250000004,0.931776249999999,0.9440812500000014,0.9691750000000006,0.006608438681694273,58.296752220897126,59.94840008205724,NaN,NaN,NaN,NaN,-0.0010941341462074473,0.005217270107738758,0.006311404253946206,43.452380952380885,43.310403294095714
1764309600,0.9706787717450596,0.979,0.967,0.97025,0.975,0.965,0.97,NaN,NaN,NaN,NaN,NaN,NaN,NaN,NaN,NaN,NaN,0.9697875000000007,0.9753153273293198,0.9642596726706816,0.9697875000000007,0.9725514136646602,0.9670235863353411,0.956301104039636,0.9665553600074331,0.7921503906249998,0.9188007812500004,0.9321074999999989,0.9445593750000014,0.9697875000000007,0.006993550204430397,56.78325573566355,59.49134629019215,NaN,NaN,NaN,NaN,-0.0011267440504850856,0.004902974190839848,0.006029718241324934,46.428571428571296,43.319375337586244
1764324000,0.9704643858725297,0.973,0.9704643858725297,0.973,0.975,0.965,0.97,NaN,NaN,NaN,NaN,NaN,NaN,NaN,NaN,NaN,NaN,0.9702625000000007,0.9751422412823291,0.9653827587176723,0.9702625000000007,0.9727023706411649,0.9678226293588365,0.9569559627047483,0.9671412363703937,0.7924582031249997,0.9191726562500003,0.9324749999999988,0.9450468750000013,0.9702625000000007,0.0066904394755425145,59.2874755793739,59.048447220665494,NaN,NaN,NaN,NaN,-0.0009675907364805267,0.0048202298207242755,0.005787820557204802,49.4047619047617,46.428571428571296
1764338400,0.9717321929362648,0.974,0.967,0.9704999999999999,0.975,0.965,0.97,NaN,NaN,NaN,NaN,NaN,NaN,NaN,NaN,NaN,NaN,0.9704000000000008,0.975141835085859,0.9656581649141426,0.9704000000000008,0.9727709175429299,0.9680290824570718,0.957487101422209,0.9674465785185398,0.7927703124999997,0.9195617187500004,0.9328374999999987,0.9454843750000015,0.9704000000000008,0.006712550941575192,56.104660941123065,58.70812942318516,NaN,NaN,NaN,NaN,-0.0010294244320669223,0.0045010400171211495,0.005530464449188072,44.64285714285694,46.825396825396645
1764352800,0.9711160964681324,0.9711160964681324,0.969,0.969,0.975,0.965,0.97,NaN,NaN,NaN,NaN,NaN,NaN,NaN,NaN,NaN,NaN,0.9704000000000008,0.975141835085859,0.9656581649141426,0.9704000000000008,0.9727709175429299,0.9680290824570718,0.957938587640946,0.967587798653218,0.7930841796874998,0.9199632812500003,0.9331374999999987,0.9458718750000015,0.9704000000000008,0.006384232764900706,54.22372639961144,57.97641931627742,NaN,NaN,NaN,NaN,-0.0011603631492075866,0.004080010512678589,0.005240373661886176,41.66666666666653,45.23809523809505
1764540000,0.9700580482340662,1.025,0.9700580482340662,1.0204999999999997,0.979,0.967,0.973,0.979,NaN,NaN,NaN,NaN,NaN,NaN,NaN,NaN,NaN,0.9728250000000008,0.9951957956942457,0.950454204305756,0.9728250000000008,0.9840103978471232,0.9616396021528785,0.9603919763609089,0.9723979987756527,0.7934353515624998,0.9205398437499998,0.9336587499999986,0.946828125,0.9728250000000008,0.009928216138836364,79.56035282308557,58.99314750114115,NaN,NaN,NaN,NaN,0.0020572293535173107,0.007811910353782814,0.005754681000265503,53.45238095238073,46.5873015873014
1764554400,0.995279024117033,1.032,0.995279024117033,1.0305,0.979,0.967,0.973,NaN,NaN,NaN,NaN,NaN,NaN,NaN,NaN,NaN,NaN,0.9760500000000008,1.009438845442663,0.9426611545573383,0.9760500000000008,0.9927444227213319,0.9593555772786696,0.9631413106212654,0.977679998886957,0.7937865234374998,0.9211539062499998,0.9341824999999986,0.948021875,0.9760500000000008,0.011841984691988558,81.68064619823389,60.63412771332503,NaN,NaN,NaN,NaN,0.004551822946947262,0.011444459683949582,0.006892636737002319,72.94420753375965,56.02108505093563
1764568800,1.0128895120585164,1.033,1.0128895120585164,1.0274999999999999,0.979,0.967,0.973,NaN,NaN,NaN,NaN,NaN,NaN,NaN,NaN,NaN,NaN,0.9790000000000008,1.018975304876807,0.9390246951231944,0.9790000000000008,0.9989876524384039,0.9590123475615976,0.9656651807929805,0.9822090898972337,0.7941322265624998,0.9217476562499998,0.9346899999999985,0.949128125,0.9790000000000008,0.012432592066952483,79.0319556112945,61.92222921084811,NaN,NaN,NaN,NaN,0.005622479957694656,0.013920736684120638,0.008298256726425982,94.05765291191089,73.48474713268375
1764583200,1.0201947560292581,1.021,1.0201947560292581,1.021,0.979,0.967,0.973,NaN,NaN,NaN,NaN,NaN,NaN,NaN,NaN,NaN,NaN,0.9814250000000007,1.0252297086509439,0.9376202913490574,0.9814250000000007,1.0033273543254722,0.959522645674529,0.9678351737030597,0.9857355362702124,0.7944666015624998,0.9223226562499998,0.9351349999999986,0.950271875,0.9814250000000007,0.012066352917223144,73.47272135923353,63.187310201575905,NaN,NaN,NaN,NaN,0.005508338902476104,0.015183680354521112,0.009675341452045008,90.58750365817963,85.86312136795004
1764597600,1.020597378014629,1.022,1.020597378014629,1.022,0.979,0.967,0.973,NaN,NaN,NaN,NaN,NaN,NaN,NaN,NaN,NaN,NaN,0.9841250000000008,1.030846649157461,0.9374033508425406,0.9841250000000008,1.007485824578731,0.9607641754212707,0.9699592845382339,0.9890323057001931,0.7948021484374997,0.9229242187499997,0.9356224999999987,0.951465625,0.9841250000000008,0.011304657850662285,73.7783148998933,64.37143638316068,NaN,NaN,NaN,NaN,0.005123650695637989,0.016079904821592494,0.010956254125954506,85.77821675934057,90.14112444314368
1764612000,1.0212986890073146,1.0212986890073146,1.021,1.021,0.979,0.967,0.973,NaN,NaN,NaN,NaN,NaN,NaN,NaN,NaN,NaN,NaN,0.9864750000000008,1.0355898908172807,0.937360109182721,0.9864750000000008,1.0110324454086408,0.9619175545913609,0.971960881223009,0.9919384597274482,0.7951326171874997,0.9235414062499998,0.9361224999999986,0.95251875,0.9864750000000008,0.010568610861329273,72.87422811288833,65.36273933656831,NaN,NaN,NaN,NaN,0.004450241603024865,0.016519056129735588,0.012068814526710723,82.41368913010707,86.25980318254243
1764626400,1.0211493445036572,1.025,1.017,1.0194999999999999,1.033,1.015,1.024,NaN,NaN,NaN,NaN,NaN,NaN,NaN,NaN,NaN,NaN,0.9886750000000009,1.0395370929572576,0.937812907042744,0.9886750000000009,1.0141060464786293,0.9632439535213725,0.9738251603907342,0.9944440542976801,0.7954626953124998,0.9241593749999998,0.9366024999999985,0.9535375,0.9886750000000009,0.01038513865694861,71.45967783985616,66.39999113143533,NaN,NaN,NaN,NaN,0.0035891172373381623,0.016555211073383425,0.012966093836045262,81.56565656565657,83.25252081836807
1764640800,1.0203246722518284,1.0203246722518284,1.006,1.0090000000000001,1.033,1.015,1.024,NaN,1.015,NaN,NaN,NaN,NaN,NaN,NaN,NaN,NaN,0.9906750000000007,1.041430812474962,0.9399191875250394,0.9906750000000007,1.0160529062374815,0.9652970937625202,0.9752045658656073,0.9957673220888001,0.7957753906249998,0.9247343749999997,0.9370124999999986,0.9543874999999999,0.9906750000000007,0.01066653391372574,62.33790330450637,66.89712807595495,NaN,NaN,NaN,NaN,0.002072938838781577,0.015557267384522233,0.013484328545740656,75.00000000000004,79.6597818985879
1764655200,1.0146623361259142,1.015,1.011,1.013,1.033,1.015,1.024,NaN,NaN,NaN,NaN,NaN,NaN,NaN,NaN,NaN,NaN,0.9927000000000007,1.0436250920469852,0.9417749079530161,0.9927000000000007,1.0181625460234929,0.9672374539765084,0.9766867397532306,0.9973339291716364,0.7960886718749998,0.9253374999999998,0.9374274999999987,0.9552875000000001,0.9927000000000007,0.010333210062745315,64.21207827648459,67.36455352158183,NaN,NaN,NaN,NaN,0.0011462973183757504,0.014917200193710345,0.013770902875334595,70.959595959596,75.84175084175088
1764669600,1.013831168062957,1.02,1.013831168062957,1.02,1.033,1.015,1.024,NaN,NaN,1.015,NaN,NaN,NaN,NaN,NaN,NaN,NaN,0.9953500000000007,1.0461656963938666,0.9445343036061349,0.9953500000000007,1.0207578481969337,0.9699421518030679,0.9783852989785942,0.9993944810651241,0.7964107421874997,0.9259828124999997,0.9378774999999987,0.956353125,0.9953500000000007,0.010095123629692086,67.28062907418985,68.00625901110273,NaN,NaN,NaN,NaN,0.0008265825196622466,0.014804131024912404,0.013977548505250157,71.21212121212133,72.39057239057246
1764684000,1.0169155840314785,1.018,1.009,1.01475,1.033,1.015,1.024,NaN,1.015,NaN,NaN,NaN,NaN,NaN,NaN,NaN,NaN,0.9976375000000008,1.0476146135120101,0.9476603864879916,0.9976375000000008,1.0226260567560055,0.9726489432439962,0.979811365685316,1.000790437331931,0.7967285156249998,0.9265726562499997,0.9383162499999986,0.9573125000000001,0.9976375000000008,0.01015975765614266,62.922981742014095,68.44481086869921,NaN,NaN,NaN,NaN,0.0001203872795038953,0.014128032604630025,0.01400764532512613,74.1161616161617,72.09595959595968
1764698400,1.0158327920157393,1.018,1.0158327920157393,1.018,1.033,1.015,1.024,NaN,NaN,1.015,NaN,NaN,NaN,NaN,NaN,NaN,NaN,0.9999625000000008,1.0491801987982379,0.9507448012017636,0.9999625000000008,1.0245713493991193,0.9753536506008822,0.9813089591878527,1.0023549430290282,0.7970449218749998,0.9271085937499997,0.9387912499999986,0.9582625,0.9999625000000008,0.009666203537846753,64.45765814914529,68.81410962368287,NaN,NaN,NaN,NaN,-0.0002488507370718568,0.013696581903786309,0.013945432640858166,76.64141414141429,73.98989898989912
1764712800,1.0169163960078698,1.0169163960078698,1.012,1.0135,1.025,1.006,1.0154999999999998,NaN,NaN,NaN,NaN,NaN,NaN,NaN,NaN,NaN,NaN,1.0021625000000007,1.0496396721461254,0.9546853278538759,1.0021625000000007,1.025901086073063,0.9784239139269384,0.9825713529451918,1.0033681300263892,0.7973585937499997,0.9276632812499997,0.9392662499999986,0.9591437500000002,1.0021625000000007,0.009404331856571985,60.71060045312981,69.14310530311192,NaN,NaN,NaN,NaN,-0.0008815541403063391,0.012843489965475241,0.01372504410578158,73.05082070707088,74.60279882154897
1764741600,1.015208198003935,1.019,1.015208198003935,1.0179999999999998,1.025,1.006,1.0154999999999998,NaN,NaN,NaN,NaN,NaN,NaN,NaN,NaN,NaN,NaN,1.0046625000000007,1.0498933730293114,0.95943162697069,1.0046625000000007,1.027277936514656,0.9820470634853453,0.9839607116532235,1.0046983000239902,0.7976781249999998,0.9281851562499996,0.9397787499999986,0.96005625,1.0046625000000007,0.009125451009673975,63.02535303327113,69.7717929198019,NaN,NaN,NaN,NaN,-0.0010698569712706083,0.01238772289169332,0.013457579862963929,74.32416504088802,74.67213329645774
1764756000,1.0166040990019674,1.017,1.0166040990019674,1.017,1.025,1.006,1.0154999999999998,NaN,NaN,NaN,NaN,NaN,NaN,NaN,NaN,NaN,NaN,1.0069750000000006,1.049693526425838,0.9642564735741632,1.0069750000000006,1.0283342632129193,0.9856157367870819,0.9852563700197637,1.0058166363854457,0.7979999999999998,0.9286882812499997,0.9402787499999987,0.9610562500000002,1.0069750000000006,0.008573340294556722,62.14908674051514,68.52813105676115,NaN,NaN,NaN,NaN,-0.00131830571800063,0.011809697715463141,0.013128003433463771,67.76101658759549,71.71200077851815
1764770400,1.0168020495009835,1.023,1.0168020495009835,1.023,1.025,1.006,1.0154999999999998,NaN,NaN,NaN,NaN,NaN,NaN,NaN,NaN,NaN,NaN,1.0095500000000006,1.0495251797994032,0.969574820200598,1.0095500000000006,1.029537589899702,0.9895624101002993,0.9867365123719298,1.0073787603504052,0.7983291015624998,0.9292257812499995,0.9407737499999986,0.9621750000000002,1.0095500000000006,0.00840366959487527,65.26920778376243,67.35588545572747,NaN,NaN,NaN,NaN,-0.0011417003335461532,0.01170087801653108,0.012842578350077233,65.5715875752497,69.21892306791109
1764784800,1.0199010247504918,1.0199010247504918,1.014,1.014,1.025,1.006,1.0154999999999998,NaN,NaN,NaN,NaN,NaN,NaN,NaN,NaN,NaN,NaN,1.0117375000000006,1.0474297523104654,0.9760452476895357,1.0117375000000006,1.0295836261552331,0.9938913738447682,0.9878056687495013,1.007980691227641,0.7986494140624998,0.9297382812499997,0.9412612499999986,0.9632375000000003,1.0117375000000006,0.008446264623812743,57.59932983741249,65.8249836147359,NaN,NaN,NaN,NaN,-0.001662599991674481,0.010764328360484132,0.012426928352158613,54.21716934456921,62.516591169138145
1764799200,1.0169505123752458,1.018,1.012,1.01475,1.023,1.012,1.0175,NaN,NaN,NaN,NaN,NaN,NaN,NaN,NaN,NaN,NaN,1.0138250000000006,1.044779846147175,0.9828701538528264,1.0138250000000006,1.0293024230735879,0.9983475769264135,0.9888623091906973,1.008596082934219,0.7989726562499998,0.9302648437499996,0.9417249999999986,0.9643906250000003,1.0138250000000006,0.008271531436397547,58.04181654240404,64.72277612781951,NaN,NaN,NaN,NaN,-0.0019673642528377014,0.009967723036111487,0.011935087288949188,50.373619233268535,56.72079205102916
1764813600,1.015850256187623,1.015850256187623,1.007,1.011,1.023,1.012,1.0175,NaN,1.012,NaN,NaN,NaN,NaN,NaN,NaN,NaN,NaN,1.0158500000000006,1.0396824358804462,0.992017564119555,1.0158500000000006,1.0277662179402234,1.0039337820597778,0.989730453928317,1.00881462084929,0.7992898437499998,0.9307632812499996,0.9422549999999987,0.9654843750000003,1.0158500000000006,0.008312868918627947,54.95379795444076,63.378167774572894,NaN,NaN,NaN,NaN,-0.002403378254342831,0.00893086447102065,0.01133424272536348,38.157894736842195,47.58289443822665
1764828000,1.0134251280938114,1.022,1.0134251280938114,1.0205,1.023,1.012,1.0175,NaN,NaN,1.012,NaN,NaN,NaN,NaN,NaN,NaN,NaN,1.0184250000000006,1.028759529500421,1.0080904704995801,1.0184250000000006,1.023592264750211,1.0132577352497902,0.9909371027938733,1.0098769280448092,0.7996175781249998,0.9313117187499996,0.9428937499999986,0.9666906250000002,1.0184250000000006,0.008504806853011674,60.663479341054106,62.5059714337276,NaN,NaN,NaN,NaN,-0.002047738645147441,0.008774569418929179,0.01082230806407662,49.561403508771974,46.03097249296092
1764842400,1.0169625640469055,1.024,1.0169625640469055,1.02275,1.023,1.012,1.0175,NaN,NaN,NaN,NaN,NaN,NaN,NaN,NaN,NaN,NaN,1.0185375000000003,1.0290080241032584,1.0080669758967422,1.0185375000000003,1.0237727620516293,1.0133022379483714,0.992184667390192,1.0110472073134629,0.7999470703124998,0.9318593749999996,0.9435787499999987,0.9679937500000003,1.0185375000000003,0.008399994645874731,61.89537790480788,61.82280715265272,NaN,NaN,NaN,NaN,-0.0016725599577153676,0.00873160811693241,0.010404168074647778,65.22904483430796,50.98278102664071
1764856800,1.019856282023453,1.022,1.019856282023453,1.022,1.023,1.012,1.0175,NaN,NaN,NaN,NaN,NaN,NaN,NaN,NaN,NaN,NaN,1.0181125000000004,1.0272057323734085,1.0090192676265923,1.0181125000000004,1.0226591161867045,1.0135658838132964,0.9933538961199884,1.0120429157395117,0.8002759765624999,0.9324085937499996,0.9442712499999988,0.9691875000000003,1.0181125000000004,0.008006689169494189,61.20728739729003,61.74204887356584,NaN,NaN,NaN,NaN,-0.001492442930313186,0.008538614411756296,0.010031057342069482,85.86887971562908,66.88644268623634
1764871200,1.0209281410117264,1.0209281410117264,1.02,1.02,1.023,1.012,1.0175,NaN,NaN,NaN,NaN,NaN,NaN,NaN,NaN,NaN,NaN,1.0177375000000004,1.0258128869874372,1.0096621130125636,1.0177375000000004,1.0217751934937187,1.013699806506282,0.9943988413701849,1.0127662870359198,0.8006033203124998,0.9329117187499996,0.9449012499999988,0.9704375000000003,1.0177375000000004,0.007577639943101747,59.313655950647785,61.3921615645775,NaN,NaN,NaN,NaN,-0.0015203993050948127,0.008130558210700967,0.00965095751579578,85.92047930283236,79.00613461758981
1764885600,1.0204640705058632,1.025,1.014,1.0197500000000002,1.024,1.007,1.0154999999999998,NaN,NaN,NaN,NaN,NaN,NaN,NaN,NaN,NaN,NaN,1.0176750000000003,1.0256673400827803,1.0096826599172204,1.0176750000000003,1.0216711700413903,1.0136788299586104,0.995393004453707,1.0134011700326544,0.8009304687499998,0.9333921874999996,0.9455724999999987,0.9717093750000002,1.0176750000000003,0.007822094232880186,59.06765501976712,60.80552056069016,NaN,NaN,NaN,NaN,-0.001562160328709681,0.007698257104908679,0.00926041743361836,78.51307189542537,83.43414363796228
1764900000,1.0201070352529316,1.044,1.0201070352529316,1.0354999999999999,1.024,1.007,1.0154999999999998,1.024,NaN,NaN,NaN,NaN,NaN,NaN,NaN,NaN,NaN,1.0183500000000003,1.0293890216957107,1.00731097830429,1.0183500000000003,1.0238695108478555,1.0128304891521451,0.9969658278084637,1.0154101545751404,0.8012699218749999,0.9339203124999997,0.9463099999999988,0.9730906250000002,1.0183500000000003,0.008995516073388736,68.05627222580242,61.17218416667504,NaN,NaN,NaN,NaN,-0.0005857415564434892,0.008528240488063998,0.009113982044507488,74.77698286521854,79.73684468782544
1764914400,1.0278035176264657,1.047,1.0278035176264657,1.0459999999999998,1.024,1.007,1.0154999999999998,NaN,NaN,NaN,NaN,NaN,NaN,NaN,NaN,NaN,NaN,1.0196000000000005,1.0359435002369963,1.0032564997630047,1.0196000000000005,1.0277717501184984,1.0114282498815026,0.9988887365218573,1.018191049613764,0.8016183593749998,0.9344921874999997,0.9470599999999988,0.9746156250000002,1.0196000000000005,0.009724156523399129,72.40662527450928,61.73996753277247,NaN,NaN,NaN,NaN,0.000643959389410342,0.009918931281270416,0.009274971891860074,81.78678678678703,78.35894718247698
1764928800,1.0369017588132328,1.049,1.0369017588132328,1.04775,1.024,1.007,1.0154999999999998,NaN,NaN,NaN,NaN,NaN,NaN,NaN,NaN,NaN,NaN,1.0210125000000005,1.0414480541886337,1.0005769458113674,1.0210125000000005,1.0312302770943171,1.010794722905684,1.0008048645013923,1.0208782269216037,0.8019599609374998,0.9350648437499997,0.9478137499999988,0.9760250000000003,1.0210125000000005,0.009893733999353988,73.06502392807487,62.6224263524114,NaN,NaN,NaN,NaN,0.0014080774670988828,0.011035068725733677,0.009626991258634794,90.51694551694531,82.36023838965029
1764943200,1.0423258794066164,1.055,1.0423258794066164,1.049,1.024,1.007,1.0154999999999998,NaN,NaN,NaN,NaN,NaN,NaN,NaN,NaN,NaN,NaN,1.0230125000000005,1.0460214520621316,1.0000035479378695,1.0230125000000005,1.034516976031066,1.0115080239689351,1.002694869815063,1.0234347517469125,0.8022951171874999,0.9356257812499995,0.9485537499999989,0.9774500000000004,1.0230125000000005,0.010092333041784673,73.5504894623725,63.37422181163292,NaN,NaN,NaN,NaN,0.0018052027653019075,0.011883494715262177,0.01007829194996027,94.00793650793644,88.77055627055627
1764957600,1.0456629397033081,1.047,1.0456629397033081,1.047,1.024,1.007,1.0154999999999998,NaN,NaN,NaN,NaN,NaN,NaN,NaN,NaN,NaN,NaN,1.0247125000000004,1.049468951179404,0.9999560488205967,1.0247125000000004,1.0370907255897022,1.0123342744102986,1.0044323259007468,1.0255770470426477,0.8026287109374998,0.9362070312499995,0.9493012499999988,0.9788375000000004,1.0247125000000004,0.009609813559992323,71.3351016660923,64.03036573488842,NaN,NaN,NaN,NaN,0.0017399643051403159,0.012253247331385664,0.010513283026245348,89.28571428571429,91.27019877019869
1765144800,1.046331469851654,1.046331469851654,1.044,1.0445,1.055,1.014,1.0345,NaN,NaN,NaN,NaN,NaN,NaN,NaN,NaN,NaN,NaN,1.0259375000000004,1.0520286263650582,0.9998463736349426,1.0259375000000004,1.0389830631825294,1.0128919368174714,1.0060036072379723,1.027297315493316,0.8029603515624999,0.9367882812499996,0.9500437499999989,0.9802062500000004,1.0259375000000004,0.009137684019992863,68.55538542207316,64.26509270905348,NaN,NaN,NaN,NaN,0.0013524705440744154,0.012203871206338368,0.010851400662263953,82.98611111111114,88.75992063492062
1765159200,1.045415734925827,1.05,1.045,1.0474999999999999,1.055,1.014,1.0345,NaN,NaN,NaN,NaN,NaN,NaN,NaN,NaN,NaN,NaN,1.0275750000000003,1.054740741292985,1.0004092587070157,1.0275750000000003,1.0411578706464928,1.013992129353508,1.007630916758052,1.029133923175742,0.8032755859374999,0.9373710937499995,0.9507662499999988,0.9816375000000003,1.0275750000000003,0.008877849447136234,70.0629374017706,65.1553503922219,NaN,NaN,NaN,NaN,0.001131221063833029,0.01226542699205524,0.01113420592822221,81.94444444444444,84.73875661375664
1765173600,1.0464578674629135,1.062,1.0464578674629135,1.0585,1.055,1.014,1.0345,1.055,NaN,NaN,NaN,NaN,NaN,NaN,NaN,NaN,NaN,1.0296000000000003,1.0595083600352548,0.9996916399647459,1.0296000000000003,1.0445541800176275,1.0146458199823731,1.0096257827675401,1.0318035665234018,0.8036048828124999,0.9379976562499994,0.9515187499999989,0.9832812500000003,1.0296000000000003,0.009353869667846975,74.82828826946638,66.3543840870121,NaN,NaN,NaN,NaN,0.0015337315703915326,0.013051370391211625,0.011517638820820093,85.37878787878783,83.43644781144782
1765188000,1.0524789337314568,1.062,1.0524789337314568,1.062,1.055,1.014,1.0345,NaN,NaN,NaN,NaN,NaN,NaN,NaN,NaN,NaN,NaN,1.0320250000000004,1.0641045495603878,0.9999454504396129,1.0320250000000004,1.048064774780194,1.0159852252198067,1.0116796736394014,1.0345486968394562,0.8039392578124998,0.9386367187499995,0.9522737499999989,0.9851187500000002,1.0320250000000004,0.009365812282182421,76.13023689877791,67.86698686875046,NaN,NaN,NaN,NaN,0.0018239743234429312,0.013797606725123757,0.011973632401680825,92.67045454545446,86.66456228956224
1765202400,1.0572394668657283,1.061,1.054,1.056,1.055,1.014,1.0345,NaN,NaN,NaN,NaN,NaN,NaN,NaN,NaN,NaN,NaN,1.0339250000000004,1.0669443503872627,1.0009056496127382,1.0339250000000004,1.0504346751936315,1.0174153248063693,1.0134177256535426,1.0364988153085966,0.8042583984374998,0.9392351562499996,0.9529737499999988,0.98688125,1.0339250000000004,0.009268254262026534,69.49435682813899,68.49776383211366,NaN,NaN,NaN,NaN,0.0014182098061626177,0.013746394659384098,0.01232818485322148,93.71212121212118,90.58712121212118
1765216800,1.0566197334328642,1.061,1.0566197334328642,1.061,1.055,1.014,1.0345,NaN,NaN,NaN,NaN,NaN,NaN,NaN,NaN,NaN,NaN,1.0361250000000004,1.0701872591734176,1.0020627408265832,1.0361250000000004,1.0531561295867091,1.0190938704132917,1.0152836971965409,1.0387261957350877,0.8045798828124999,0.9398273437499995,0.9537137499999987,0.9887500000000002,1.0361250000000004,0.00896337895759606,71.70753118912107,69.19863192385033,NaN,NaN,NaN,NaN,0.0012962341772013546,0.013948477574723173,0.012652243397521818,95.1388888888888,93.84048821548815
1765231200,1.058809866716432,1.059,1.055,1.05725,1.062,1.044,1.053,NaN,NaN,NaN,NaN,NaN,NaN,NaN,NaN,NaN,NaN,1.0378375000000004,1.0725262139426766,1.0031487860573243,1.0378375000000004,1.0551818569713385,1.0204931430286623,1.0169294345613824,1.040410177940989,0.8049013671874998,0.9403859374999997,0.9545549999999987,0.9905281250000002,1.0378375000000004,0.008751709032053485,67.73821980121402,69.66512709555917,NaN,NaN,NaN,NaN,0.000797167151263864,0.013648702336601648,0.012851535185337784,91.84027777777767,93.56376262626254
1765245600,1.058029933358216,1.065,1.058029933358216,1.0625,1.062,1.044,1.053,1.062,NaN,NaN,NaN,NaN,NaN,NaN,NaN,NaN,NaN,1.0402625000000003,1.0747267840488222,1.0057982159511785,1.0402625000000003,1.0574946420244111,1.0230303579755895,1.0187165155589752,1.0424183435827172,0.8052259765625,0.9409546874999997,0.9554174999999987,0.9922625000000002,1.0402625000000003,0.008680158386906802,70.22329617238174,70.44438711139732,NaN,NaN,NaN,NaN,0.0006604505305158777,0.01367709834848263,0.013016647817966753,94.37295751633981,93.78404139433542
1765260000,1.060264966679108,1.078,1.060264966679108,1.06925,1.062,1.044,1.053,NaN,NaN,NaN,NaN,NaN,NaN,NaN,NaN,NaN,NaN,1.0429875000000004,1.0775701817207457,1.008404818279255,1.0429875000000004,1.0602788408603732,1.0256961591396276,1.0206982208311723,1.0448575850751975,0.8055566406249998,0.9415585937499996,0.9562524999999986,0.9941406250000002,1.0429875000000004,0.009326935167905753,73.09305234463764,71.44620120603092,NaN,NaN,NaN,NaN,0.0008522362303917588,0.014081943105956451,0.013229706875564693,90.02936896418544,92.08086808610096
1765274400,1.064757483339554,1.066,1.064757483339554,1.066,1.062,1.044,1.053,NaN,NaN,NaN,NaN,NaN,NaN,NaN,NaN,NaN,NaN,1.0457375000000004,1.0784022650381362,1.0130727349618647,1.0457375000000004,1.0620698825190684,1.0294051174809324,1.022474761190734,1.046779622795634,0.8058878906249998,0.9421445312499996,0.9570574999999988,0.9958031250000001,1.0457375000000004,0.008981619560230067,69.61424204032221,71.55748476421091,NaN,NaN,NaN,NaN,0.0005997480404536341,0.013979391926131735,0.0133796438856781,85.35929420158489,89.92054022737004
1765303200,1.065378741669777,1.069,1.065378741669777,1.069,1.062,1.044,1.053,NaN,NaN,NaN,NaN,NaN,NaN,NaN,NaN,NaN,NaN,1.0481625000000006,1.0801672945626108,1.0161577054373903,1.0481625000000006,1.0641648972813056,1.0321601027186955,1.0242992803597248,1.04879965708694,0.8062183593749997,0.9427351562499997,0.9578874999999987,0.9974625000000004,1.0481625000000006,0.008598736615229552,70.98692724799068,71.45607776231672,NaN,NaN,NaN,NaN,0.00047952688328865845,0.013979052489788923,0.013499525606500265,79.69369868194718,85.02745394923916
1765317600,1.0671893708348885,1.07,1.066,1.068,1.078,1.055,1.0665,NaN,NaN,NaN,NaN,NaN,NaN,NaN,NaN,NaN,NaN,1.0504250000000004,1.081301811687697,1.0195481883123039,1.0504250000000004,1.0658634058438485,1.0349865941561522,1.0260130340711082,1.050545142806309,0.8065519531249998,0.9433195312499997,0.9586449999999987,0.9991562500000004,1.0504250000000004,0.008270255428427442,69.85411919135751,71.22672742397977,NaN,NaN,NaN,NaN,0.00019214673750623731,0.013739709028383063,0.013547562290876825,75.3878900424006,80.14696097531088
1765332000,1.0675946854174443,1.075,1.066,1.0695,1.078,1.055,1.0665,NaN,NaN,NaN,NaN,NaN,NaN,NaN,NaN,NaN,NaN,1.0528000000000006,1.0818170639451055,1.0237829360548958,1.0528000000000006,1.067308531972553,1.0382914680274482,1.027718405284006,1.0522683116420992,0.8068867187499998,0.9439140624999997,0.9593499999999987,1.0008750000000004,1.0528000000000006,0.008322380040682618,70.6116989694981,71.01681381734589,NaN,NaN,NaN,NaN,-0.000025834263556748227,0.01351526946143089,0.013541103724987638,75.02324258277878,76.70161043570884
1765346400,1.068547342708722,1.077,1.064,1.0702500000000001,1.078,1.055,1.0665,NaN,NaN,NaN,NaN,NaN,NaN,NaN,NaN,NaN,NaN,1.0553125000000005,1.0810510289982793,1.0295739710017218,1.0553125000000005,1.06818176449914,1.042443235500861,1.029386310959143,1.0539030105837266,0.8072173828124999,0.9445117187499997,0.9599974999999987,1.0023968750000003,1.0553125000000005,0.008656495752062423,71.00406571343166,70.99316839215584,NaN,NaN,NaN,NaN,-0.00023669466727272923,0.013245235390896726,0.013481930058169455,74.72478581483483,75.0453061466714
1765360800,1.069398671354361,1.069398671354361,1.066,1.066,1.078,1.055,1.0665,NaN,NaN,NaN,NaN,NaN,NaN,NaN,NaN,NaN,NaN,1.0576250000000005,1.0778978266404848,1.0373521733595161,1.0576250000000005,1.0677614133202427,1.0474885866797583,1.0308221419019217,1.055002736894297,0.8075455078124998,0.9450992187499997,0.9606212499999986,1.0037875000000005,1.0576250000000005,0.008341746055486541,65.65477298030308,70.78598178917227,NaN,NaN,NaN,NaN,-0.0007505872117908735,0.012543696043430863,0.013294283255221737,71.94741532976822,73.8984812424606
1765375200,1.0676993356771804,1.072,1.062,1.06475,1.078,1.055,1.0665,NaN,NaN,NaN,NaN,NaN,NaN,NaN,NaN,NaN,NaN,1.0590875000000006,1.076826774928674,1.0413482250713273,1.0590875000000006,1.0679571374643373,1.050217862535664,1.032152646141062,1.0558888517220881,0.8078812499999998,0.9456734374999997,0.9612299999999988,1.0051093750000004,1.0590875000000006,0.008460192765808932,64.12458949066847,70.3618140812364,NaN,NaN,NaN,NaN,-0.0012343116035677393,0.011751393750762062,0.012985705354329802,66.27831347114494,70.983504871916