time,open,high,low,close,Plot,Plot,Mid Price,Breakout Up,Breakout Down,Fake Breakout,Breakout midPrice Up,Breakout midPrice Down,VWAP,Upper Band #1,Lower Band #1,Upper Band #2,Lower Band #2,Basis,Upper,Lower,Basis,Upper,Lower,EMA,EMA,MA,MA,MA,MA,ATR,RSI,RSI-based MA,Regular Bullish,Regular Bullish Label,Regular Bearish,Regular Bearish Label,Histogram,MACD,Signal,%K,%D
1764669600,4.739762776057507,4.739762776057507,4.734,4.7355,4.751,4.68,4.7155000000000005,NaN,NaN,NaN,NaN,NaN,NaN,NaN,NaN,NaN,NaN,4.737112500000008,4.744974552842637,4.72925044715738,4.737112500000008,4.741043526421323,4.733181473578694,4.735874429902319,4.737987844779701,4.706033398437499,4.683033593749949,4.73751250000004,4.737112500000008,0.00373733688000867,44.55353900554651,55.152538105084325,NaN,NaN,NaN,NaN,0.000037570315303135605,0.0010386960931887401,0.0010011257778856045,43.452380952378356,56.15079365079085
1764670500,4.7376313880287535,4.7376313880287535,4.729,4.73125,4.751,4.68,4.7155000000000005,NaN,NaN,NaN,NaN,NaN,NaN,NaN,NaN,NaN,NaN,4.736937500000009,4.745150104634338,4.728724895365679,4.736937500000009,4.741043802317173,4.732831197682844,4.735693079710071,4.737375313436091,4.706047460937499,4.683267968749949,4.73791562500004,4.736937500000009,0.004086911962061865,36.69951696695918,54.97775203129712,NaN,NaN,NaN,NaN,-0.0005102223982256871,0.00036334778010349567,0.0008735701783291827,27.626050420166532,42.740429505133015
1764671400,4.734440694014377,4.736,4.73,4.7330000000000005,4.751,4.68,4.7155000000000005,NaN,NaN,NaN,NaN,NaN,NaN,NaN,NaN,NaN,NaN,4.736887500000009,4.745182792331711,4.7285922076683065,4.736887500000009,4.74103514616586,4.732739853834158,4.735587468741048,4.736977557669174,4.706068359374998,4.6835124999999485,4.73832812500004,4.736887500000009,0.0042235611076288275,41.288994311570676,54.4860270874204,NaN,NaN,NaN,NaN,-0.0007231048182243579,-0.00003031084445126453,0.0006927939737730933,20.588235294117922,30.555555555554278
1764672300,4.733720347007189,4.738,4.733720347007189,4.73575,4.751,4.68,4.7155000000000005,NaN,NaN,NaN,NaN,NaN,NaN,NaN,NaN,NaN,NaN,4.7370125000000085,4.745158779819667,4.72886622018035,4.7370125000000085,4.741085639909837,4.73293936009018,4.735593842515909,4.736865961517431,4.706090234374999,4.683791406249949,4.73867812500004,4.7370125000000085,0.004279021028512475,47.70540743653175,54.21541686864902,NaN,NaN,NaN,NaN,-0.0006494465403344358,-0.00011901420164495136,0.0005304323386894844,25.490196078432394,24.56816059757229
1764673200,4.734735173503594,4.737,4.734735173503594,4.73625,4.751,4.68,4.7155000000000005,NaN,NaN,NaN,NaN,NaN,NaN,NaN,NaN,NaN,NaN,4.737150000000009,4.745145936460882,4.729154063539135,4.737150000000009,4.741147968230446,4.733152031769571,4.735619574181952,4.736809965015846,4.706116601562499,4.684075781249948,4.73890312500004,4.737150000000009,0.0041351499905048555,48.80101777202699,54.26048728922211,NaN,NaN,NaN,NaN,-0.0005421609164193382,-0.00014726880683468835,0.0003948921095846498,35.29411764705944,27.124183006536583
1764674100,4.735492586751797,4.739,4.735492586751797,4.73775,4.751,4.68,4.7155000000000005,NaN,NaN,NaN,NaN,NaN,NaN,NaN,NaN,NaN,NaN,4.737312500000009,4.745217996498614,4.729407003501404,4.737312500000009,4.741265248249311,4.733359751750706,4.735703120292463,4.736895422741678,4.706146484374999,4.684362499999949,4.739062500000039,4.737312500000009,0.004090311651768987,52.04682443438379,55.075474142101946,NaN,NaN,NaN,NaN,-0.00035436905495859924,-0.00004806920911359924,0.000306299845845,44.60784313725452,35.130718954248785
1764675000,4.736621293375899,4.74,4.736621293375899,4.739,4.751,4.68,4.7155000000000005,NaN,NaN,NaN,NaN,NaN,NaN,NaN,NaN,NaN,NaN,4.737550000000008,4.745358008704659,4.729741991295357,4.737550000000008,4.741454004352334,4.733645995647682,4.735832409692759,4.73708674794698,4.706179882812498,4.684646093749949,4.739143750000039,4.737550000000008,0.004039482721221282,54.628197587480756,54.86339364837274,NaN,NaN,NaN,NaN,-0.00014110854035521612,0.00012991417040097986,0.00027102271075619597,50.980392156861306,43.62745098039176
1764675900,4.737810646687949,4.745,4.737810646687949,4.743,4.751,4.68,4.7155000000000005,NaN,NaN,NaN,NaN,NaN,NaN,NaN,NaN,NaN,NaN,4.738050000000008,4.7459090711855,4.730190928814516,4.738050000000008,4.741979535592754,4.734120464407263,4.736113491665592,4.737624316315436,4.706218554687498,4.684929687499948,4.739175000000039,4.738050000000008,0.0042644734777091235,61.72804100761244,54.36284822654117,NaN,NaN,NaN,NaN,0.00025275595446271634,0.0005869676538345914,0.00033421169937187503,64.2156862745086,53.26797385620814
1764676800,4.740405323343975,4.749,4.740405323343975,4.7455,4.751,4.68,4.7155000000000005,NaN,NaN,NaN,NaN,NaN,NaN,NaN,NaN,NaN,NaN,4.738587500000008,4.746926077511417,4.7302489224886,4.738587500000008,4.742756788755712,4.7344182112443045,4.736481590031647,4.738340287559487,4.706265624999999,4.685229687499948,4.7392312500000395,4.738587500000008,0.004573773704731685,65.37489623499636,53.96284203946731,NaN,NaN,NaN,NaN,0.0006428699198753597,0.0011377990992160747,0.000494929179340715,74.55882352941099,63.25163398692697
1764677700,4.742952661671987,4.758,4.742952661671987,4.752750000000001,4.751,4.68,4.7155000000000005,4.751,NaN,NaN,NaN,NaN,NaN,NaN,NaN,NaN,NaN,4.739450000000008,4.749685477514339,4.729214522485677,4.739450000000008,4.744567738757174,4.734332261242842,4.737119566893151,4.739650261417716,4.706321484374999,4.6855679687499485,4.739343750000039,4.739450000000008,0.005321885463537475,73.31586715723341,54.25712883657963,NaN,NaN,NaN,NaN,0.0013118513799636792,0.002134743404295314,0.0008228920243316348,82.24983096687032,73.67478025692996
1764678600,4.747851330835994,4.766,4.747851330835994,4.7625,4.751,4.68,4.7155000000000005,NaN,NaN,NaN,NaN,NaN,NaN,NaN,NaN,NaN,NaN,4.7408375000000085,4.75494093486126,4.726734065138757,4.7408375000000085,4.747889217430634,4.733785782569383,4.73811487799538,4.741727510379742,4.706385351562499,4.685933593749948,4.739646875000039,4.7408375000000085,0.006238084299285229,79.96911788039498,55.339123539489364,NaN,NaN,NaN,NaN,0.002277106654465992,0.0036692753424141245,0.0013921686879481328,84.97903075489388,80.59589508372507
1764679500,4.7551756654179975,4.764,4.7551756654179975,4.76125,4.751,4.68,4.7155000000000005,NaN,NaN,NaN,NaN,NaN,NaN,NaN,NaN,NaN,NaN,4.742262500000008,4.758419135631587,4.726105864368429,4.742262500000008,4.750340817815798,4.734184182184218,4.739022137681836,4.743502282163402,4.706449218749999,4.686301562499948,4.739959375000039,4.742262500000008,0.006422816462336478,77.30781517085079,56.58073813348437,NaN,NaN,NaN,NaN,0.0026702760508960774,0.0047300137515682295,0.002059737700672152,86.53308480894816,84.58731551023745
1764680400,4.758212832708999,4.759,4.752,4.75525,4.751,4.68,4.7155000000000005,NaN,NaN,NaN,NaN,NaN,NaN,NaN,NaN,NaN,NaN,4.743150000000009,4.760093582853026,4.726206417146992,4.743150000000009,4.751621791426517,4.7346782085735,4.739658524439411,4.744570256512184,4.706508007812499,4.686626562499948,4.7401625000000385,4.743150000000009,0.006624758143598204,65.96075161996683,57.17912886916725,NaN,NaN,NaN,NaN,0.0023750425102576737,0.005028540838494244,0.0026534983282365705,82.88288288288354,84.7983328155752
1764681300,4.7567314163545,4.759,4.755,4.757,4.751,4.68,4.7155000000000005,NaN,NaN,NaN,NaN,NaN,NaN,NaN,NaN,NaN,NaN,4.743850000000008,4.7618356887531395,4.725864311246877,4.743850000000008,4.752842844376574,4.734857155623442,4.740338582304532,4.745700233192895,4.706565820312498,4.686964843749949,4.740365625000039,4.743850000000008,0.0064372754190555066,67.46090953769576,58.34577829451785,NaN,NaN,NaN,NaN,0.002152981667580453,0.005344725412712137,0.0031917437451316837,77.92792792792811,82.4479652065866
1764682200,4.75686570817725,4.761,4.75686570817725,4.75875,4.751,4.68,4.7155000000000005,NaN,NaN,NaN,NaN,NaN,NaN,NaN,NaN,NaN,NaN,4.744562500000009,4.763687663395307,4.725437336604711,4.744562500000009,4.754125081697658,4.73499991830236,4.741060598684746,4.746886575629905,4.706624023437498,4.687310937499949,4.740565625000039,4.744562500000009,0.006272776590748006,68.93528817359619,60.0873318065214,NaN,NaN,NaN,NaN,0.0019835177699830163,0.005671140957610454,0.003687623187627438,75.6756756756755,78.82882882882905
1764683100,4.757807854088625,4.759,4.754,4.75675,4.751,4.68,4.7155000000000005,NaN,NaN,NaN,NaN,NaN,NaN,NaN,NaN,NaN,NaN,4.745200000000009,4.765044142709177,4.725355857290841,4.745200000000009,4.755122071354593,4.735277928645425,4.74167586932456,4.747783250572641,4.706682812499998,4.687653124999949,4.7407031250000395,4.745200000000009,0.0061818639771232045,65.29401211424471,62.12979574561323,NaN,NaN,NaN,NaN,0.0016120671185885036,0.005702707085863068,0.004090639967274564,76.79554554554535,76.79971638304964
1764684000,4.757278927044313,4.766,4.753,4.7585,4.751,4.68,4.7155000000000005,NaN,NaN,NaN,NaN,NaN,NaN,NaN,NaN,NaN,NaN,4.745987500000009,4.766614833198674,4.725360166801344,4.745987500000009,4.756301166599341,4.735673833400677,4.74233563915497,4.748757500520583,4.706741992187498,4.688001562499949,4.7408625000000395,4.745987500000009,0.006668873693042968,66.93957029074916,63.961979744125976,NaN,NaN,NaN,NaN,0.0013691291522518537,0.005802051407589381,0.004432922255337528,77.1588368163821,76.54335267920096
1764684900,4.757889463522156,4.765,4.757889463522156,4.7625,4.751,4.68,4.7155000000000005,NaN,NaN,NaN,NaN,NaN,NaN,NaN,NaN,NaN,NaN,4.747050000000009,4.768752879990658,4.725347120009359,4.747050000000009,4.757901439995334,4.736198560004683,4.743126398403795,4.750006818655075,4.706804687499998,4.688348437499949,4.741046875000039,4.747050000000009,0.00670042103481443,70.39484652320813,65.58265396460287,NaN,NaN,NaN,NaN,0.0013599448781419334,0.006132853353014944,0.004772908474873011,79.95880544670662,77.971062602878
1764685800,4.760194731761079,4.769,4.759,4.76275,4.751,4.68,4.7155000000000005,NaN,NaN,NaN,NaN,NaN,NaN,NaN,NaN,NaN,NaN,4.748162500000008,4.770674316339838,4.725650683660178,4.748162500000008,4.759418408169924,4.736906591830093,4.743895951407567,4.751165289686432,4.706865820312498,4.688686718749947,4.74125000000004,4.748162500000008,0.006936105246613383,70.60165193854434,67.1398421193541,NaN,NaN,NaN,NaN,0.001255338515801516,0.006342081619624906,0.00508674310382339,82.30609067216919,79.80791097841929
1764686700,4.76147236588054,4.765,4.758,4.76225,4.751,4.68,4.7155000000000005,NaN,NaN,NaN,NaN,NaN,NaN,NaN,NaN,NaN,NaN,4.749362500000009,4.7721892797746,4.726535720225418,4.749362500000009,4.760775889887304,4.737949110112714,4.744615718019035,4.752172990624029,4.706924999999997,4.689024999999948,4.741462500000039,4.749362500000009,0.006940669157569546,69.5551535053448,68.39043705299417,NaN,NaN,NaN,NaN,0.001045682657289067,0.006393846425434724,0.005348163768145657,83.1018961541655,81.78893075768042
1764687600,4.76186118294027,4.767,4.76186118294027,4.7655,4.751,4.68,4.7155000000000005,NaN,NaN,NaN,NaN,NaN,NaN,NaN,NaN,NaN,NaN,4.750862500000009,4.773790907595645,4.727934092404373,4.750862500000009,4.762326703797827,4.739398296202191,4.745434709469269,4.753384536930936,4.706985546874998,4.689381249999948,4.7416906250000395,4.750862500000009,0.006811965436295337,72.41710104135029,69.66107301398485,NaN,NaN,NaN,NaN,0.001018107233286051,0.0066207978097532205,0.00560269057646717,83.09286637621672,82.83361773418379
1764688500,4.763680591470135,4.768,4.76,4.763999999999999,4.751,4.68,4.7155000000000005,NaN,NaN,NaN,NaN,NaN,NaN,NaN,NaN,NaN,NaN,4.752500000000009,4.774238790211875,4.7307612097881435,4.752500000000009,4.763369395105943,4.741630604894076,4.746162760078317,4.754349579028124,4.707045703124998,4.689724999999948,4.741896875000039,4.752500000000009,0.006896825047988528,69.18452020169752,70.19367867070521,NaN,NaN,NaN,NaN,0.000800647471981766,0.0066034999164443775,0.0058028524444626115,83.48180525718003,83.22552259585406
1764689400,4.763840295735067,4.763840295735067,4.753,4.7575,4.751,4.68,4.7155000000000005,NaN,NaN,NaN,NaN,NaN,NaN,NaN,NaN,NaN,NaN,4.753725000000008,4.773612747482179,4.733837252517837,4.753725000000008,4.763668873741094,4.743781126258923,4.746607357722304,4.7546359809346574,4.707093749999998,4.690043749999948,4.74207500000004,4.753725000000008,0.007189908973132149,57.25714845657716,69.61383954367527,NaN,NaN,NaN,NaN,0.00015465833011990993,0.005996175357112499,0.005841517026992589,75.71402180962258,80.76289781433975
1764690300,4.7606701478675335,4.7606701478675335,4.756,4.757,4.751,4.68,4.7155000000000005,NaN,NaN,NaN,NaN,NaN,NaN,NaN,NaN,NaN,NaN,4.754787500000008,4.772912948268334,4.736662051731682,4.754787500000008,4.763850224134171,4.7457247758658445,4.747014912321429,4.754850891758779,4.7071384765624975,4.690353906249948,4.742259375000039,4.754787500000008,0.007009926037017944,56.450938203330715,68.40920176125364,NaN,NaN,NaN,NaN,-0.0003435074219322286,0.005412132749577303,0.005755640171509532,60.540894816961234,73.24557396125458
1764691200,4.758835073933767,4.762,4.756,4.75825,4.751,4.68,4.7155000000000005,NaN,NaN,NaN,NaN,NaN,NaN,NaN,NaN,NaN,NaN,4.755887500000009,4.771930002139673,4.739844997860345,4.755887500000009,4.763908751069841,4.747866248930177,4.7474555039950985,4.75515990159889,4.707185546874998,4.690660156249948,4.742425000000039,4.755887500000009,0.006937788462945187,58.04154481708782,66.84294654244599,NaN,NaN,NaN,NaN,-0.0006104418305840267,0.004992587883279498,0.0056030297138635245,45.29105415280184,60.51532359312853
1764692100,4.758542536966884,4.758542536966884,4.749,4.752249999999999,4.751,4.68,4.7155000000000005,NaN,NaN,NaN,NaN,NaN,NaN,NaN,NaN,NaN,NaN,4.756612500000008,4.770472942811251,4.742752057188765,4.756612500000008,4.76354272140563,4.749682278594387,4.747643523446271,4.7548953650899,4.7072289062499975,4.690924999999948,4.742512500000039,4.756612500000008,0.0071238419275122455,48.82350007895152,64.80835260731033,NaN,NaN,NaN,NaN,-0.0011797385123645627,0.004128356573407821,0.005308095085772384,32.0911822889671,45.97437708624337
1764693000,4.755396268483441,4.755396268483441,4.747,4.7490000000000006,4.751,4.68,4.7155000000000005,NaN,NaN,4.751,NaN,NaN,NaN,NaN,NaN,NaN,NaN,4.757112500000009,4.768972595906395,4.745252404093622,4.757112500000009,4.763042547953202,4.751182452046815,4.7476967186052415,4.754359422809,4.707269726562497,4.691177343749947,4.742550000000039,4.757112500000009,0.007214729538650022,44.683818632313226,63.28857167962078,NaN,NaN,NaN,NaN,-0.0017305190982298182,0.0031449462129851113,0.0048754653112149295,20.701871657754886,32.69470269984125
1764693900,4.752198134241721,4.752198134241721,4.745,4.7482500000000005,4.751,4.68,4.7155000000000005,NaN,NaN,NaN,NaN,NaN,NaN,NaN,NaN,NaN,NaN,4.757375000000009,4.768157508980546,4.746592491019471,4.757375000000009,4.762766254490277,4.75198374550974,4.74771841591484,4.753804020735455,4.707309960937498,4.691435937499948,4.742556250000039,4.757375000000009,0.007213544160297925,43.76168339392695,61.59576981220873,NaN,NaN,NaN,NaN,-0.002077332962842131,0.002278799107662266,0.004356132070504397,12.960858585859247,21.917970844193714
1764694800,4.750224067120861,4.752,4.746,4.74925,4.751,4.68,4.7155000000000005,NaN,NaN,NaN,NaN,NaN,NaN,NaN,NaN,NaN,NaN,4.757562500000009,4.7676184372962345,4.747506562703783,4.757562500000009,4.7625904686481215,4.752534531351896,4.747778478035827,4.753390018850413,4.707349999999997,4.691716406249948,4.742606250000039,4.757562500000009,0.007126862434562312,45.38020254791941,59.913263696088954,NaN,NaN,NaN,NaN,-0.0021617083084941183,0.0016539966848867493,0.0038157049933808676,13.446969696971074,15.703233313528374
1764695700,4.7497370335604305,4.751,4.747,4.7485,4.751,4.68,4.7155000000000005,NaN,NaN,NaN,NaN,NaN,NaN,NaN,NaN,NaN,NaN,4.757350000000009,4.767967673940302,4.746732326059715,4.757350000000009,4.7626588369701555,4.752041163029862,4.747806773014815,4.752945471682194,4.707389453124998,4.691996093749948,4.742665625000038,4.757350000000009,0.0069035151178078935,44.34929852895021,58.417212725710776,NaN,NaN,NaN,NaN,-0.0021839231208761974,0.001085801092285621,0.0032697242131618184,15.277777777777944,13.895202020202726
1764696600,4.749118516780215,4.749118516780215,4.742,4.7435,4.751,4.68,4.7155000000000005,NaN,NaN,NaN,NaN,NaN,NaN,NaN,NaN,NaN,NaN,4.756400000000008,4.768324135184663,4.744475864815353,4.756400000000008,4.762362067592336,4.750437932407681,4.74763787995541,4.752086792438359,4.707425390624998,4.692270312499948,4.7426500000000384,4.756400000000008,0.006918872379408419,38.13036161757562,56.35941210619838,NaN,NaN,NaN,NaN,-0.0024322598467506136,0.00022939940472355147,0.002661659251474165,12.61574074074039,13.780162738496442
1764697500,4.746309258390108,4.746309258390108,4.741,4.7425,4.751,4.68,4.7155000000000005,NaN,NaN,NaN,NaN,NaN,NaN,NaN,NaN,NaN,NaN,4.755462500000009,4.7686004935633175,4.742324506436701,4.755462500000009,4.762031496781663,4.748893503218355,4.747436394466963,4.7512152658530535,4.707459179687498,4.692551562499949,4.742640625000038,4.755462500000009,0.006803899951601245,37.012488879413745,53.97495798878449,NaN,NaN,NaN,NaN,-0.0025484929183090593,-0.0005239568964121588,0.0020245360218969005,8.49867724867713,12.13073192239846
1764698400,4.744404629195054,4.746,4.742,4.744000000000001,4.751,4.68,4.7155000000000005,NaN,NaN,NaN,NaN,NaN,NaN,NaN,NaN,NaN,NaN,4.754900000000009,4.7689573823971205,4.7408426176028975,4.754900000000009,4.761928691198565,4.747871308801453,4.747301633899631,4.750559332593685,4.707492187499998,4.692836718749948,4.742621875000038,4.754900000000009,0.0066036213836297595,39.86059714991862,51.77916836102552,NaN,NaN,NaN,NaN,-0.002410480158525457,-0.0009885641762599207,0.0014219159822655362,7.341269841271159,9.485229276896199
1764699300,4.744202314597527,4.746,4.744,4.7455,4.751,4.68,4.7155000000000005,NaN,NaN,NaN,NaN,NaN,NaN,NaN,NaN,NaN,NaN,4.754325000000009,4.768922174379969,4.739727825620048,4.754325000000009,4.761623587189989,4.747026412810028,4.7472309815898415,4.750099393266987,4.707530078124998,4.693119531249948,4.742609375000038,4.754325000000009,0.00627479128479911,42.65311870975767,49.85759444705501,NaN,NaN,NaN,NaN,-0.0021148519222690294,-0.0012216489205707504,0.0008932030016982789,11.044973544974985,8.961640211641063
1764700200,4.744851157298763,4.746,4.743,4.74475,4.751,4.68,4.7155000000000005,NaN,NaN,NaN,NaN,NaN,NaN,NaN,NaN,NaN,NaN,4.753625000000008,4.768642905975435,4.738607094024582,4.753625000000008,4.761133952987722,4.746116047012295,4.747133688194161,4.7496130847881695,4.707542773437498,4.693404687499948,4.742621875000038,4.753625000000008,0.006040877621599181,41.61267697108735,47.65727844203622,NaN,NaN,NaN,NaN,-0.0018747002477941836,-0.0014501723080444506,0.0004245279397497329,13.888888888890444,10.7583774250455
1764701100,4.744800578649381,4.744800578649381,4.741,4.74275,4.751,4.68,4.7155000000000005,NaN,NaN,NaN,NaN,NaN,NaN,NaN,NaN,NaN,NaN,4.752925000000008,4.768586337742998,4.737263662257019,4.752925000000008,4.760755668871504,4.745094331128513,4.746961778853214,4.748989167989245,4.707554882812498,4.6936882812499485,4.7426250000000385,4.752925000000008,0.005880856266440795,38.8884632739296,45.493274375767086,NaN,NaN,NaN,NaN,-0.0017574086137865062,-0.0017722328274833998,-0.000014824213696893655,12.739150948587843,12.557671127484396
1764702000,4.743775289324691,4.743775289324691,4.739,4.74075,4.751,4.68,4.7155000000000005,NaN,NaN,NaN,NaN,NaN,NaN,NaN,NaN,NaN,NaN,4.752037500000009,4.768333415895695,4.735741584104323,4.752037500000009,4.760185457947852,4.743889542052166,4.7467181796824995,4.7482401527174956,4.707564257812498,4.693966406249948,4.742631250000039,4.752037500000009,0.0058018871991729415,36.32732173095174,43.99828675250813,NaN,NaN,NaN,NaN,-0.0017192664045009936,-0.0021639072193231357,-0.0004446408148221421,9.719827277090637,12.115955704856278
1764702900,4.742262644662345,4.742262644662345,4.737,4.7379999999999995,4.751,4.68,4.7155000000000005,NaN,NaN,NaN,NaN,NaN,NaN,NaN,NaN,NaN,NaN,4.750812500000008,4.767457976108866,4.734167023891151,4.750812500000008,4.759135238054437,4.7424897619455795,4.746376290283186,4.747309229743178,4.707572070312499,4.694235156249948,4.742600000000039,4.750812500000008,0.005763369875113798,33.09941824350534,42.330321041092034,NaN,NaN,NaN,NaN,-0.0017766776908454472,-0.002665487928378951,-0.000888810237533504,6.423530980793477,9.627503068823957
1764703800,4.740131322331172,4.740131322331172,4.737,4.737500000000001,4.751,4.68,4.7155000000000005,NaN,NaN,NaN,NaN,NaN,NaN,NaN,NaN,NaN,NaN,4.749550000000008,4.766212532817488,4.732887467182528,4.749550000000008,4.757881266408749,4.741218733591268,4.746028200468158,4.746417481584707,4.707581054687498,4.694497656249949,4.742553125000039,4.749550000000008,0.00557536647911797,32.53338952333242,40.50830994868094,NaN,NaN,NaN,NaN,-0.0017433313111427091,-0.0030679743764618905,-0.0013246430653191814,4.643228351510779,6.928862203131602
1764704700,4.738815661165587,4.74,4.736,4.7385,4.751,4.68,4.7155000000000005,NaN,NaN,NaN,NaN,NaN,NaN,NaN,NaN,NaN,NaN,4.748362500000008,4.76461555740191,4.732109442598106,4.748362500000008,4.756489028700959,4.7402359712990565,4.7457329769203875,4.7456977105315525,4.707590624999998,4.694759374999948,4.742521875000039,4.748362500000008,0.005462840302038147,34.930085901196065,39.5159232216984,NaN,NaN,NaN,NaN,-0.0015551479565306223,-0.003268578010982459,-0.0017134300544518369,6.403355501896878,5.82337161140035
1764705600,4.7386578305827936,4.741,4.7386578305827936,4.74,4.751,4.68,4.7155000000000005,NaN,NaN,NaN,NaN,NaN,NaN,NaN,NaN,NaN,NaN,4.747087500000008,4.761678828757426,4.73249617124259,4.747087500000008,4.754383164378717,4.7397918356213,4.745508154296059,4.745179736846866,4.707600781249998,4.695031249999948,4.742534375000039,4.747087500000008,0.00525120885189253,38.46148715583827,39.07147097337876,NaN,NaN,NaN,NaN,-0.0012443273394682737,-0.0032688392287871793,-0.0020245118893189055,13.301422856053676,8.11600223648711
1764706500,4.739328915291397,4.741,4.739328915291397,4.7405,4.751,4.68,4.7155000000000005,NaN,NaN,NaN,NaN,NaN,NaN,NaN,NaN,NaN,NaN,4.745912500000008,4.758516343655419,4.733308656344597,4.745912500000008,4.752214421827714,4.739610578172303,4.74531175608837,4.744754306224423,4.707611132812499,4.695299218749947,4.742559375000038,4.745912500000008,0.004995485698800405,39.63746126266204,38.77688367828841,NaN,NaN,NaN,NaN,-0.0009339153826424676,-0.00319190611762199,-0.002257990734979522,21.902759721934398,13.86917935996165
1764707400,4.739914457645698,4.745,4.739914457645698,4.7435,4.751,4.68,4.7155000000000005,NaN,NaN,NaN,NaN,NaN,NaN,NaN,NaN,NaN,NaN,4.745212500000008,4.7566670569489835,4.733757943051033,4.745212500000008,4.750939778474495,4.739485221525521,4.745240706830002,4.744640278385839,4.707623828124999,4.695580468749947,4.742637500000038,4.745212500000008,0.005001918317050528,46.27168232272504,38.840560805060235,NaN,NaN,NaN,NaN,-0.000478359132230855,-0.002855939650268091,-0.002377580518037236,34.27306735415644,23.159083310714838
1764708300,4.741707228822849,4.745,4.741,4.7435,4.751,4.68,4.7155000000000005,NaN,NaN,NaN,NaN,NaN,NaN,NaN,NaN,NaN,NaN,4.744537500000009,4.754646005075708,4.7344289949243095,4.744537500000009,4.749591752537858,4.739483247462159,4.7451724438170615,4.7445366167144,4.707635742187499,4.695860937499948,4.742718750000039,4.744537500000009,0.004930352722975523,46.27168232272504,38.977873933187006,NaN,NaN,NaN,NaN,-0.00014607297615898884,-0.0025601717382359723,-0.0024140987620769835,45.09869911846399,33.75817539818494
1764709200,4.742603614411424,4.749,4.742603614411424,4.7465,4.751,4.68,4.7155000000000005,NaN,NaN,NaN,NaN,NaN,NaN,NaN,NaN,NaN,NaN,4.743950000000008,4.751947812195235,4.735952187804781,4.743950000000008,4.747948906097622,4.739951093902394,4.7452245048438435,4.744715106104,4.707649023437499,4.696147656249948,4.7428375000000385,4.743950000000008,0.005035069356232686,52.34592144530725,39.99327106373926,NaN,NaN,NaN,NaN,0.000283316804854202,-0.0020599527560092312,-0.002343269560863433,62.64677604154179,47.33951417138741
1764710100,4.744551807205712,4.749,4.744551807205712,4.7475000000000005,4.751,4.68,4.7155000000000005,NaN,NaN,NaN,NaN,NaN,NaN,NaN,NaN,NaN,NaN,4.743712500000009,4.750956937511657,4.736468062488361,4.743712500000009,4.747334718755833,4.740090281244185,4.745313739948006,4.744968278276363,4.707662890624999,4.696431249999948,4.743000000000039,4.743712500000009,0.004993149601808073,54.204475136603456,41.22127008210996,NaN,NaN,NaN,NaN,0.0006227788709745824,-0.0015647959721452054,-0.002187574843119788,75.46728886205672,61.070921340687505
1764711000,4.746025903602856,4.75,4.746025903602856,4.7490000000000006,4.751,4.68,4.7155000000000005,NaN,NaN,NaN,NaN,NaN,NaN,NaN,NaN,NaN,NaN,4.743712500000008,4.750956937514599,4.736468062485417,4.743712500000008,4.747334718757303,4.740090281242713,4.7454582991657315,4.745334798433057,4.707674609374999,4.696720312499948,4.743203125000038,4.743712500000008,0.004920360087189208,56.91866444950285,42.439703460651685,NaN,NaN,NaN,NaN,0.0009185702180359362,-0.0010393620705748674,-0.0019579322886108036,87.36263736264205,75.15890075541351
1764711900,4.747512951801428,4.75,4.746,4.7482500000000005,4.751,4.68,4.7155000000000005,NaN,NaN,NaN,NaN,NaN,NaN,NaN,NaN,NaN,NaN,4.743712500000008,4.750956937514599,4.736468062485417,4.743712500000008,4.747334718757303,4.740090281242713,4.74556777762982,4.745599816757324,4.707682812499998,4.697005468749948,4.743387500000039,4.743712500000008,0.004854620080961375,55.15837829894229,43.33293628845059,NaN,NaN,NaN,NaN,0.0010258003823246536,-0.0006756818107049867,-0.0017014821930296403,89.60622710623188,84.14538444364355
1764712800,4.747881475900714,4.751,4.747,4.7495,4.751,4.68,4.7155000000000005,NaN,NaN,NaN,NaN,NaN,NaN,NaN,NaN,NaN,NaN,4.743725000000008,4.751008371465468,4.736441628534549,4.743725000000008,4.747366685732739,4.740083314267278,4.745721982428651,4.7459543788702945,4.707692578124998,4.6972976562499476,4.743578125000039,4.743725000000008,0.004793575789464166,57.51658270932006,44.46892955546722,NaN,NaN,NaN,NaN,0.0011345201889529162,-0.0002833319568384951,-0.0014178521457914113,90.1190476190503,89.02930402930808
1764713700,4.748690737950357,4.751,4.748690737950357,4.751,4.751,4.68,4.7155000000000005,NaN,NaN,NaN,NaN,NaN,NaN,NaN,NaN,NaN,NaN,4.743850000000007,4.751531796660296,4.7361682033397186,4.743850000000007,4.747690898330152,4.7400091016698624,4.74592896350988,4.7464130717002675,4.707703515624998,4.697597656249948,4.7438031250000385,4.743850000000007,0.004616124808048415,60.22010350737548,45.992618143570496,NaN,NaN,NaN,NaN,0.0012518430175796629,0.00014695162618316715,-0.0011048913913964957,92.50000000000132,90.74175824176116
1764720000,4.749845368975178,4.749845368975178,4.748,4.748,4.769,4.729,4.7490000000000006,NaN,NaN,NaN,NaN,NaN,NaN,NaN,NaN,NaN,NaN,4.744075000000008,4.751963440905818,4.736186559094198,4.744075000000008,4.748019220452913,4.740130779547102,4.74601018062714,4.746557337909334,4.707713085937499,4.697888281249948,4.743975000000039,4.744075000000008,0.00450068732175925,52.96102736599232,47.18073997464482,NaN,NaN,NaN,NaN,0.0010783751065450045,0.00024307749178476001,-0.0008352976147602445,90,90.87301587301721
1764720900,4.748922684487589,4.748922684487589,4.746,4.74725,4.769,4.729,4.7490000000000006,NaN,NaN,NaN,NaN,NaN,NaN,NaN,NaN,NaN,NaN,4.744312500000008,4.752282561160801,4.736342438839216,4.744312500000008,4.7482975305804045,4.740327469419612,4.746058800994703,4.746620307190304,4.7077212890624995,4.698171874999948,4.744131250000039,4.744312500000008,0.004387972833604179,51.29627227360831,48.48051526250932,NaN,NaN,NaN,NaN,0.000872870576570808,0.0002557906059532655,-0.0006170799706175425,85,89.16666666666713
1764721800,4.748086342243795,4.748086342243795,4.742,4.745,4.769,4.729,4.7490000000000006,NaN,NaN,NaN,NaN,NaN,NaN,NaN,NaN,NaN,NaN,4.744362500000008,4.752336637878267,4.736388362121749,4.744362500000008,4.748349568939138,4.740375431060879,4.746017279387067,4.7464730065366405,4.707726562499999,4.698446093749948,4.7442562500000385,4.744362500000008,0.004509284934332087,46.56715983597628,49.482927427698165,NaN,NaN,NaN,NaN,0.0005603430572056853,0.00008334885088956412,-0.00047699420631612115,71.66666666666667,82.22222222222223
1764722700,4.746543171121898,4.746543171121898,4.743,4.74375,4.769,4.729,4.7490000000000006,NaN,NaN,NaN,NaN,NaN,NaN,NaN,NaN,NaN,NaN,4.744275000000009,4.752235684635544,4.736314315364474,4.744275000000009,4.748255342317776,4.740294657682242,4.745928366469927,4.746225460487855,4.707729492187498,4.698714843749947,4.7443625000000385,4.744275000000009,0.004440276804872482,44.132891793835896,50.14027070574387,NaN,NaN,NaN,NaN,0.0002596593391066848,-0.00015242003243276514,-0.00041207937153944996,58.75276702464635,71.80647789710433
1764723600,4.745146585560949,4.745146585560949,4.739,4.7410000000000005,4.769,4.729,4.7490000000000006,NaN,NaN,NaN,NaN,NaN,NaN,NaN,NaN,NaN,NaN,4.744087500000008,4.752170313550567,4.736004686449449,4.744087500000008,4.748128906775287,4.740046093224729,4.745735097196597,4.745750418625323,4.707729882812499,4.6989749999999475,4.744440625000039,4.744087500000008,0.00456215600173511,39.26937918189719,50.1979772790338,NaN,NaN,NaN,NaN,-0.00011415688833620139,-0.0005547754819597017,-0.00044061859362350033,39.308322580203566,56.57591875717219
1764724500,4.743073292780474,4.743073292780474,4.737,4.73775,4.769,4.729,4.7490000000000006,NaN,NaN,NaN,NaN,NaN,NaN,NaN,NaN,NaN,NaN,4.743837500000009,4.7523672640580426,4.735307735941975,4.743837500000009,4.748102382029026,4.739572617970992,4.745421956130064,4.745023107841202,4.707727734374998,4.699225781249947,4.744468750000039,4.743837500000009,0.004670094343073624,34.43907491187133,49.82666396826303,NaN,NaN,NaN,NaN,-0.0005458637367476434,-0.0011229482645580546,-0.0005770845278104112,21.09403686591789,39.71837549025593
1764725400,4.740411646390237,4.740411646390237,4.735,4.737,4.769,4.729,4.7490000000000006,NaN,NaN,NaN,NaN,NaN,NaN,NaN,NaN,NaN,NaN,4.743650000000009,4.752597625377071,4.734702374622946,4.743650000000009,4.74812381268854,4.739176187311477,4.74509168334065,4.744293734401093,4.707724609374998,4.699477343749947,4.744487500000039,4.743650000000009,0.004723062346442432,33.41753018129448,48.90851024387513,NaN,NaN,NaN,NaN,-0.0008304362250818103,-0.0016151298091626742,-0.0007846935840808639,11.507936507937728,23.970098651353055
1764726300,4.738705823195119,4.738705823195119,4.734,4.7355,4.769,4.729,4.7490000000000006,NaN,NaN,NaN,NaN,NaN,NaN,NaN,NaN,NaN,NaN,4.743525000000009,4.752846882850032,4.734203117149986,4.743525000000009,4.748185941425021,4.738864058574997,4.744715538895919,4.743494304000993,4.7077207031249975,4.699722656249946,4.744487500000039,4.743525000000009,0.004721830978490737,31.410753940388545,47.84701535942253,NaN,NaN,NaN,NaN,-0.0010538405026397518,-0.0021019942123805535,-0.0010481537097408017,8.893557422968813,13.83184359894147
1764727200,4.737102911597559,4.741,4.737,4.739,4.769,4.729,4.7490000000000006,NaN,NaN,NaN,NaN,NaN,NaN,NaN,NaN,NaN,NaN,4.74360000000001,4.752749316905772,4.734450683094247,4.74360000000001,4.748174658452891,4.739025341547128,4.744491400115687,4.743085730909994,4.707720507812498,4.6999734374999464,4.744546875000039,4.74360000000001,0.004777414480027086,40.40376080381837,46.99400388503046,NaN,NaN,NaN,NaN,-0.0009057042745575078,-0.0021802840529376866,-0.0012745797783801787,16.91176470588153,12.437752878929357
1764728100,4.73805145579878,4.74,4.738,4.73875,4.769,4.729,4.7490000000000006,NaN,NaN,NaN,NaN,NaN,NaN,NaN,NaN,NaN,NaN,4.743612500000009,4.752734554311739,4.734490445688279,4.743612500000009,4.748173527155874,4.739051472844144,4.744266247169974,4.74269157355454,4.7077199218749985,4.700217968749947,4.744600000000039,4.743612500000009,0.004579027731453707,40.00032994281341,45.97942208547403,NaN,NaN,NaN,NaN,-0.0007697111574041062,-0.0022367187251353116,-0.0014670075677312054,22.058823529410404,15.95471521942025
1764729000,4.738400727899389,4.738400727899389,4.737,4.73725,4.769,4.729,4.7490000000000006,NaN,NaN,NaN,NaN,NaN,NaN,NaN,NaN,NaN,NaN,4.743475000000009,4.752888952404485,4.734061047595533,4.743475000000009,4.748181976202247,4.738768023797771,4.743991100222132,4.742196885049582,4.7077164062499985,4.700457031249947,4.7446343750000395,4.743475000000009,0.004376954322064119,37.575989086337444,44.597802416676494,NaN,NaN,NaN,NaN,-0.0007264758431972578,-0.0023751023717277775,-0.0016486265285305197,25.490196078430653,21.486928104574194
1764729900,4.737825363949694,4.739,4.737,4.7379999999999995,4.769,4.729,4.7490000000000006,NaN,NaN,NaN,NaN,NaN,NaN,NaN,NaN,NaN,NaN,4.743350000000008,4.752982497074655,4.733717502925362,4.743350000000008,4.7481662485373315,4.738533751462685,4.743756155115382,4.741815350045075,4.707712695312498,4.700703906249947,4.744675000000039,4.743350000000008,0.004207171870488095,39.548818736234956,43.48283387648312,NaN,NaN,NaN,NaN,-0.0005984002604863359,-0.0023966268541384395,-0.0017982265936521036,23.529411764704548,23.692810457515197
1764730800,4.737912681974847,4.739,4.737912681974847,4.7385,4.769,4.729,4.7490000000000006,NaN,NaN,NaN,NaN,NaN,NaN,NaN,NaN,NaN,NaN,4.743100000000009,4.75296078089558,4.733239219104438,4.743100000000009,4.748030390447795,4.738169609552223,4.743550031385367,4.7415139545864315,4.707708984374998,4.700960937499947,4.744731250000039,4.743100000000009,0.00398432516724987,40.89001456233526,42.2952218659842,NaN,NaN,NaN,NaN,-0.00043845291550267083,-0.002346292738030442,-0.0019078398225277713,23.03921568627433,24.01960784313651
1764731700,4.738206340987423,4.739,4.738,4.7385,4.769,4.729,4.7490000000000006,NaN,NaN,NaN,NaN,NaN,NaN,NaN,NaN,NaN,NaN,4.74285000000001,4.752909075497456,4.732790924502563,4.74285000000001,4.747879537748733,4.737820462251286,4.743351990938882,4.741239958714938,4.707707031249997,4.701207812499947,4.744796875000039,4.74285000000001,0.0037711590838748394,40.89001456233526,40.91450122705276,NaN,NaN,NaN,NaN,-0.00029782318053529896,-0.002280118798196895,-0.001982295617661596,26.133154965864264,24.23392747228105
1764732600,4.738353170493712,4.738353170493712,4.736,4.736750000000001,4.769,4.729,4.7490000000000006,NaN,NaN,NaN,NaN,NaN,NaN,NaN,NaN,NaN,NaN,4.742362500000009,4.752610030184367,4.732114969815652,4.742362500000009,4.7474862650921885,4.73723873490783,4.743093089333436,4.740831780649944,4.707701171874997,4.701437499999947,4.744837500000039,4.742362500000009,0.003680362006455236,37.511760843964254,39.810982189765035,NaN,NaN,NaN,NaN,-0.0002876755047767198,-0.002341889998632496,-0.002054214493855776,24.43279093269361,24.535053861610734
1764733500,4.737551585246856,4.741,4.737551585246856,4.739,4.769,4.729,4.7490000000000006,NaN,NaN,NaN,NaN,NaN,NaN,NaN,NaN,NaN,NaN,4.7419375000000095,4.752000892811,4.731874107189019,4.7419375000000095,4.746969196405505,4.736905803594514,4.742932576026242,4.740665255136313,4.707697070312498,4.701662499999947,4.74489375000004,4.7419375000000095,0.003721050434565503,43.92627222383166,39.28455361478099,NaN,NaN,NaN,NaN,-0.00010391708786770945,-0.002184110853690413,-0.0020801937658227036,27.44105317997925,26.00233302617904
1764734400,4.738275792623428,4.739,4.737,4.7379999999999995,4.769,4.729,4.7490000000000006,NaN,NaN,NaN,NaN,NaN,NaN,NaN,NaN,NaN,NaN,4.741387500000009,4.751040834909661,4.731734165090357,4.741387500000009,4.746214167454835,4.736560832545183,4.742739141672272,4.74042295921483,4.707693164062498,4.7018874999999465,4.74494062500004,4.741387500000009,0.003598118260667951,41.86914319862435,38.94898099782728,NaN,NaN,NaN,NaN,-0.000028146301008725484,-0.0021153766420836106,-0.002087230341074885,28.604518983897847,26.82612103219024
1764735300,4.738137896311714,4.739,4.738137896311714,4.739,4.769,4.729,4.7490000000000006,NaN,NaN,NaN,NaN,NaN,NaN,NaN,NaN,NaN,NaN,4.74092500000001,4.750093015044609,4.73175698495541,4.74092500000001,4.745509007522309,4.73634099247771,4.742592508665517,4.740293599286209,4.707690820312498,4.702118749999947,4.74501562500004,4.74092500000001,0.0034125383849059783,44.6601435726894,38.98664183917396,NaN,NaN,NaN,NaN,0.00010366738029881023,-0.0019576461157013725,-0.0020613134960001827,37.41400766832127,31.153193277399456
1764736200,4.738568948155857,4.739,4.738,4.7387500000000005,4.769,4.729,4.7490000000000006,NaN,NaN,NaN,NaN,NaN,NaN,NaN,NaN,NaN,NaN,4.7403875000000095,4.748702358679278,4.732072641320741,4.7403875000000095,4.744544929339644,4.736230070660375,4.742441822051183,4.740153272078373,4.707691015624997,4.702359374999947,4.74506562500004,4.7403875000000095,0.0032402142145555113,44.09021545494656,39.330987287248924,NaN,NaN,NaN,NaN,0.00018368941242815793,-0.0018317017304649852,-0.002015391142893143,43.032698118046106,36.350408256755074
1764737100,4.738659474077929,4.74,4.738,4.7387500000000005,4.769,4.729,4.7490000000000006,NaN,NaN,NaN,NaN,NaN,NaN,NaN,NaN,NaN,NaN,4.73977500000001,4.746531293352139,4.73301870664788,4.73977500000001,4.743153146676074,4.736396853323945,4.742297044715842,4.740025701889429,4.707691796874998,4.702596874999947,4.74510625000004,4.73977500000001,0.0031516274849443878,44.09021545494655,40.02035446889715,NaN,NaN,NaN,NaN,0.00024259030569584146,-0.0017121532607733414,-0.001954743566469183,55.02179163397998,45.15616580678245
1764738000,4.738704737038965,4.74,4.738704737038965,4.73925,4.769,4.729,4.7490000000000006,NaN,NaN,NaN,NaN,NaN,NaN,NaN,NaN,NaN,NaN,4.739337500000009,4.74494168369328,4.733733316306739,4.739337500000009,4.7421395918466445,4.736535408153374,4.742177552766202,4.739955183535845,4.707694335937497,4.702837499999947,4.74516250000004,4.739337500000009,0.0030190300189508598,45.69759485019865,40.89750194524745,NaN,NaN,NaN,NaN,0.00031652111568680513,-0.0015590921718606765,-0.0018756132875474816,65.06952972782838,54.37467315995149
1764738900,4.738977368519483,4.741,4.738977368519483,4.74025,4.769,4.729,4.7490000000000006,NaN,NaN,NaN,NaN,NaN,NaN,NaN,NaN,NaN,NaN,4.738987500000009,4.743295849436554,4.734679150563465,4.738987500000009,4.741141674718281,4.736833325281737,4.7421019624616445,4.739981985032586,4.707699804687498,4.703087499999947,4.74525625000004,4.738987500000009,0.002947858694777009,48.864037949822404,42.144165088778436,NaN,NaN,NaN,NaN,0.000427184227337916,-0.0013416330033750867,-0.0017688172307130027,75.9523809523861,65.34790077139816
1764739800,4.739613684259741,4.741,4.739613684259741,4.7405,4.769,4.729,4.7490000000000006,NaN,NaN,NaN,NaN,NaN,NaN,NaN,NaN,NaN,NaN,4.738762500000009,4.742166449893362,4.735358550106656,4.738762500000009,4.740464474946685,4.737060525053333,4.742039140404325,4.740029077302351,4.707707226562498,4.703342187499946,4.745293750000039,4.738762500000009,0.0028363199123114325,49.65442285671353,42.80492666398523,NaN,NaN,NaN,NaN,0.0005062324037442053,-0.0011360267260327461,-0.0016422591297769514,83.33333333333692,74.78508133785047
1764740700,4.740056842129871,4.741,4.739,4.74,4.769,4.729,4.7490000000000006,NaN,NaN,NaN,NaN,NaN,NaN,NaN,NaN,NaN,NaN,4.73857500000001,4.741178363180293,4.735971636819727,4.73857500000001,4.739876681590151,4.737273318409868,4.741959174113959,4.740026433911228,4.707714648437497,4.703595312499946,4.74525625000004,4.73857500000001,0.002776582775717743,48.054635807685024,43.380234225761775,NaN,NaN,NaN,NaN,0.00051230406128107,-0.0010018790531756139,-0.0015141831144566838,85.00000000000503,81.42857142857602
1764741600,4.7400284210649355,4.7400284210649355,4.739,4.739750000000001,4.769,4.729,4.7490000000000006,NaN,NaN,NaN,NaN,NaN,NaN,NaN,NaN,NaN,NaN,4.738512500000009,4.740933630912743,4.736091369087275,4.738512500000009,4.739723065456375,4.737301934543642,4.74187253983498,4.740001303555662,4.707723242187496,4.703856249999946,4.7451968750000395,4.738512500000009,0.002651714082090448,47.235181923047115,44.07017657124103,NaN,NaN,NaN,NaN,0.0004871039356320172,-0.0009053031949166623,-0.0013924071305486795,81.6666666666794,83.33333333334046
1764742500,4.739889210532468,4.742,4.739889210532468,4.74075,4.769,4.729,4.7490000000000006,NaN,NaN,NaN,NaN,NaN,NaN,NaN,NaN,NaN,NaN,4.738662500000009,4.741242592028127,4.7360824079718915,4.738662500000009,4.739952546014068,4.73737245398595,4.741828518664981,4.740069366868783,4.707733593749997,4.704128124999946,4.745156250000039,4.738662500000009,0.0026230202190839305,50.845900552035374,44.877110986655346,NaN,NaN,NaN,NaN,0.0005222861657150899,-0.0007395494234048172,-0.0012618355891199072,78.05555555556816,81.57407407408421
1764743400,4.740319605266234,4.740319605266234,4.737,4.7385,4.769,4.729,4.7490000000000006,NaN,NaN,NaN,NaN,NaN,NaN,NaN,NaN,NaN,NaN,4.738737500000009,4.74120465927256,4.736270340727458,4.738737500000009,4.739971079636284,4.737503920363734,4.741697988521256,4.7399266971534395,4.707741015624997,4.7043999999999455,4.745103125000039,4.738737500000009,0.00270351877486366,43.61414459372973,45.071691703183525,NaN,NaN,NaN,NaN,0.0003848727727073331,-0.0007807446232357407,-0.0011656173959430738,65.27777777778847,75.00000000001201
1764744300,4.7394098026331175,4.7394098026331175,4.736,4.737,4.769,4.729,4.7490000000000006,NaN,NaN,NaN,NaN,NaN,NaN,NaN,NaN,NaN,NaN,4.73881250000001,4.7409506942974975,4.736674305702522,4.73881250000001,4.739881597148753,4.737743402851266,4.741513753677285,4.739660633775854,4.707747070312497,4.704664062499946,4.745050000000039,4.73881250000001,0.002753967621881809,39.57320407879199,44.97763381150186,NaN,NaN,NaN,NaN,0.00019346926896762458,-0.0009237808097335432,-0.0011172500787011677,45.83333333333827,63.05555555556497
1764745200,4.738204901316559,4.738204901316559,4.734,4.73475,4.769,4.729,4.7490000000000006,NaN,NaN,NaN,NaN,NaN,NaN,NaN,NaN,NaN,NaN,4.738600000000011,4.741372183224366,4.735827816775656,4.738600000000011,4.739986091612188,4.737213908387833,4.741248508435039,4.739214212523503,4.707753906249996,4.7049164062499464,4.744978125000039,4.738600000000011,0.002857605742930167,34.42139760292905,44.75689357999935,NaN,NaN,NaN,NaN,-0.00007004470573295472,-0.0012048059608673611,-0.0011347612551344064,22.569444444447843,44.56018518519153
1764746100,4.736477450658279,4.737,4.733,4.735250000000001,4.769,4.729,4.7490000000000006,NaN,NaN,NaN,NaN,NaN,NaN,NaN,NaN,NaN,NaN,4.73842500000001,4.741555894414118,4.735294105585902,4.73842500000001,4.739990447207064,4.736859552792956,4.741013272810135,4.738853829566821,4.707763085937497,4.705166406249946,4.744940625000039,4.73842500000001,0.002939205332720901,36.40278144745232,44.21950138168654,NaN,NaN,NaN,NaN,-0.00018928406707811461,-0.0013713663389820496,-0.001182082271903935,17.01388888889393,28.47222222222668
1764747000,4.73586372532914,4.738,4.734,4.7355,4.769,4.729,4.7490000000000006,NaN,NaN,NaN,NaN,NaN,NaN,NaN,NaN,NaN,NaN,4.73833750000001,4.741685167075007,4.734989832925013,4.73833750000001,4.740011333537508,4.736663666462512,4.7407970660332674,4.738548935969837,4.707771093749996,4.7054296874999455,4.744940625000039,4.73833750000001,0.0030149763803837258,37.42088179974412,43.90176842462366,NaN,NaN,NaN,NaN,-0.00022736717075776082,-0.001466291235351136,-0.001238924064593375,20.717592592597086,20.100308641979616
1764747900,4.7356818626645705,4.7356818626645705,4.731,4.7335,4.769,4.729,4.7490000000000006,NaN,NaN,NaN,NaN,NaN,NaN,NaN,NaN,NaN,NaN,4.7381125000000095,4.742070008667694,4.734154991332325,4.7381125000000095,4.740091254333852,4.736133745666167,4.740510906580982,4.738089941790761,4.707774804687497,4.705685156249947,4.744968750000039,4.7381125000000095,0.003134039686397074,32.8853372591155,43.06071083079696,NaN,NaN,NaN,NaN,-0.0003556582529826598,-0.0016834968808217,-0.0013278386278390401,25.168350168355648,20.966610549948886
1764748800,4.734590931332285,4.737,4.731,4.7335,4.769,4.729,4.7490000000000006,NaN,NaN,NaN,NaN,NaN,NaN,NaN,NaN,NaN,NaN,4.73786250000001,4.7422938513558694,4.733431148644151,4.73786250000001,4.74007817567794,4.73564682432208,4.740235969068003,4.737672674355237,4.7077759765624965,4.705892187499947,4.744975000000039,4.73786250000001,0.003338751137368728,32.8853372591155,42.260362388237596,NaN,NaN,NaN,NaN,-0.00040531877328361574,-0.0018344870944435598,-0.001429168321159944,24.4107744107777,23.432239057243475
1764749700,4.734045465666142,4.736,4.733,4.73475,4.769,4.729,4.7490000000000006,NaN,NaN,NaN,NaN,NaN,NaN,NaN,NaN,NaN,NaN,4.73767500000001,4.742295876523238,4.733054123476782,4.73767500000001,4.739985438261624,4.735364561738396,4.74002083302612,4.73740697668658,4.707779296874996,4.706098437499947,4.744962500000039,4.73767500000001,0.003314554627556684,38.30548767332847,41.847167546693456,NaN,NaN,NaN,NaN,-0.0003223960109192984,-0.0018321633348090671,-0.0015097673238897687,26.515151515154013,25.364758698095784
1764750600,4.734397732833071,4.738,4.734397732833071,4.736000000000001,4.769,4.729,4.7490000000000006,NaN,NaN,NaN,NaN,NaN,NaN,NaN,NaN,NaN,NaN,4.737637500000011,4.742299782148068,4.732975217851953,4.737637500000011,4.739968641074039,4.735306358925982,4.739863153299606,4.737279069715073,4.707782226562496,4.706312499999947,4.744959375000039,4.737637500000011,0.0033351055232261604,43.24184803651011,41.67175706000141,NaN,NaN,NaN,NaN,-0.00015998475804826148,-0.0017097482714500956,-0.001549763513401834,34.090909090912696,28.3389450056148
1764751500,4.735198866416535,4.741,4.735198866416535,4.73875,4.769,4.729,4.7490000000000006,NaN,NaN,NaN,NaN,NaN,NaN,NaN,NaN,NaN,NaN,4.73762500000001,4.742273924589204,4.732976075410816,4.73762500000001,4.739949462294607,4.735300537705413,4.739819500229033,4.737412790650066,4.707789062499996,4.706551562499947,4.744971875000039,4.73762500000001,0.0035112503846717372,52.286799384279895,41.91624001960552,NaN,NaN,NaN,NaN,0.0001398256078283728,-0.0013749815036163682,-0.001514807111444741,50.00000000000134,36.868686868689345
1764752400,4.7369744332082675,4.745,4.7369744332082675,4.74175,4.769,4.729,4.7490000000000006,NaN,NaN,NaN,NaN,NaN,NaN,NaN,NaN,NaN,NaN,4.737812500000009,4.742797163968559,4.7328278360314595,4.737812500000009,4.740304831984284,4.735320168015734,4.739895206102404,4.737807082409151,4.707795117187496,4.706810156249947,4.745006250000039,4.737812500000009,0.0038337015566046566,59.810971784179145,42.641707800138775,NaN,NaN,NaN,NaN,0.0005256742461911146,-0.0008577143037058477,-0.0013833885498969623,64.2316017316019,49.44083694083864
1764753300,4.739362216604134,4.749,4.739362216604134,4.74475,4.769,4.729,4.7490000000000006,NaN,NaN,NaN,NaN,NaN,NaN,NaN,NaN,NaN,NaN,4.738100000000009,4.743918934599586,4.732281065400432,4.738100000000009,4.741009467299797,4.735190532700221,4.74008559017682,4.738438256735591,4.707811328124996,4.707094531249947,4.745028125000039,4.738100000000009,0.004248278830837615,65.64530200328413,43.89818395696728,NaN,NaN,NaN,NaN,0.0009440250657626894,-0.0002033572176936005,-0.0011473822834562899,74.54304954304767,62.924883758216964
1764754200,4.742056108302067,4.745,4.742,4.7435,4.769,4.729,4.7490000000000006,NaN,NaN,NaN,NaN,NaN,NaN,NaN,NaN,NaN,NaN,4.738337500000009,4.744612997979032,4.732062002020986,4.738337500000009,4.741475248989521,4.735199751010497,4.740219488601259,4.738898415214174,4.707831640624997,4.707345312499947,4.745003125000038,4.738337500000009,0.004159116057206365,61.630599791197454,44.92642809040659,NaN,NaN,NaN,NaN,0.001087440286282738,0.00021191807439713273,-0.0008755222118856053,74.20634920634909,70.99366682699954
1764755100,4.742778054151033,4.746,4.742778054151033,4.7445,4.769,4.729,4.7490000000000006,NaN,NaN,NaN,NaN,NaN,NaN,NaN,NaN,NaN,NaN,4.738625000000009,4.745452334756147,4.731797665243871,4.738625000000009,4.742038667378077,4.73521133262194,4.740387351793366,4.739407650194703,4.707855664062497,4.707573437499947,4.7449000000000385,4.738625000000009,0.004092175328046415,63.55107657857317,45.83394066373072,NaN,NaN,NaN,NaN,0.0011921243840743408,0.0006146332682073208,-0.00057749111586702,73.61111111111309,74.12016995350326
1764756000,4.743639027075517,4.747,4.743639027075517,4.7455,4.769,4.729,4.7490000000000006,NaN,NaN,NaN,NaN,NaN,NaN,NaN,NaN,NaN,NaN,4.7389375000000085,4.746393831194838,4.731481168805179,4.7389375000000085,4.742665665597423,4.735209334402594,4.74058784780147,4.739961500177003,4.707885351562497,4.707818749999947,4.744687500000039,4.7389375000000085,0.004039946584934743,65.41527877207623,47.391164533612645,NaN,NaN,NaN,NaN,0.0012643277584843708,0.0010029185822384434,-0.00026140917624592735,75.00000000000205,74.27248677248808
1764756900,4.744569513537758,4.749,4.744569513537758,4.74725,4.769,4.729,4.7490000000000006,NaN,NaN,NaN,NaN,NaN,NaN,NaN,NaN,NaN,NaN,4.7392875000000085,4.747568917444196,4.731006082555821,4.7392875000000085,4.7434282087221025,4.735146791277915,4.740849108672,4.740624091070003,4.7079226562499965,4.708067187499948,4.744512500000039,4.7392875000000085,0.004067842290456641,68.45581608676942,49.45420824846817,NaN,NaN,NaN,NaN,0.0013573694136930902,0.0014353025908704353,0.0000779331771773452,81.94444444444684,76.851851851854
1764757800,4.74590975676888,4.746,4.745,4.745500000000001,4.769,4.729,4.7490000000000006,NaN,NaN,NaN,NaN,NaN,NaN,NaN,NaN,NaN,NaN,4.73953750000001,4.748241342532795,4.730833657467224,4.73953750000001,4.7438894212664025,4.735185578733617,4.741031496567216,4.741067355518184,4.707957031249997,4.708290624999948,4.7443906250000385,4.73953750000001,0.003937996412566887,62.53509558872213,51.462329533167676,NaN,NaN,NaN,NaN,0.001232139159468259,0.001618107126512669,0.00038596796704440996,83.79629629629933,80.2469135802494
1764758700,4.745704878384441,4.747,4.744,4.74575,4.769,4.729,4.7490000000000006,NaN,NaN,NaN,NaN,NaN,NaN,NaN,NaN,NaN,NaN,4.739825000000009,4.748941057255531,4.730708942744486,4.739825000000009,4.74438302862777,4.735266971372247,4.741216535917522,4.741493050471076,4.707991601562497,4.708503124999948,4.744250000000038,4.739825000000009,0.0038709966688121175,63.02706128534913,53.36406380730317,NaN,NaN,NaN,NaN,0.0011014921111541737,0.0017628331059871272,0.0006613409948329535,84.25925925926286,83.33333333333634
1764759600,4.745727439192221,4.745727439192221,4.742,4.74325,4.769,4.729,4.7490000000000006,NaN,NaN,NaN,NaN,NaN,NaN,NaN,NaN,NaN,NaN,4.740000000000009,4.749237153233472,4.730762846766546,4.740000000000009,4.74461857661674,4.735381423383278,4.74129627960703,4.741652773155524,4.708023046874997,4.7086945312499475,4.744056250000039,4.740000000000009,0.003862354049611262,55.2183667668932,54.635312733528096,NaN,NaN,NaN,NaN,0.0007962895565735333,0.00165670294054987,0.0008604133839763368,76.85185185185453,81.63580246913891
1764760500,4.74448871959611,4.74448871959611,4.74,4.741,4.769,4.729,4.7490000000000006,NaN,NaN,NaN,NaN,NaN,NaN,NaN,NaN,NaN,NaN,4.740012500000009,4.749254354515844,4.730770645484173,4.740012500000009,4.744633427257926,4.735391572742091,4.741284660798911,4.741593430141386,4.708050976562498,4.708914843749947,4.743859375000039,4.740012500000009,0.003907094445789749,49.29849585404703,55.80768120459464,NaN,NaN,NaN,NaN,0.0004118177255832446,0.0013751855409553926,0.000963367815372148,68.51851851851916,76.54320987654552
1764761400,4.7427443597980545,4.7427443597980545,4.737,4.73875,4.769,4.729,4.7490000000000006,NaN,NaN,NaN,NaN,NaN,NaN,NaN,NaN,NaN,NaN,4.740025000000008,4.749259311013944,4.7307906889860725,4.740025000000008,4.744642155506976,4.73540784449304,4.7411852623362085,4.741334936492168,4.708077539062498,4.709149218749948,4.743612500000038,4.740025000000008,0.004038327685237227,44.195856040692824,56.61557540327874,NaN,NaN,NaN,NaN,-0.0000031225193678236386,0.0009594646661623685,0.0009625871855301921,53.18287037037004,66.1844135802479
1764762300,4.740747179899027,4.740747179899027,4.734,4.736000000000001,4.769,4.729,4.7490000000000006,NaN,NaN,NaN,NaN,NaN,NaN,NaN,NaN,NaN,NaN,4.739975000000009,4.749284806650075,4.730665193349943,4.739975000000009,4.744629903325042,4.735320096674976,4.740981918715181,4.740849942265608,4.708100390624997,4.709380468749947,4.743281250000038,4.739975000000009,0.004231817129079358,38.89667688059141,56.65780320379752,NaN,NaN,NaN,NaN,-0.0004473096376765873,0.000403450138434458,0.0008507597761110453,34.942129629630855,52.214506172840025
1764763200,4.738373589949514,4.738373589949514,4.724,4.728,4.769,4.729,4.7490000000000006,NaN,4.729,NaN,NaN,NaN,NaN,NaN,NaN,NaN,NaN,4.739637500000009,4.750098708099159,4.729176291900858,4.739637500000009,4.7448681040495835,4.734406895950434,4.740472823863605,4.739681765696007,4.708118164062498,4.709592968749947,4.742846875000038,4.739637500000009,0.004956229473396126,28.275381223893703,55.588769860039214,NaN,NaN,NaN,NaN,-0.0012205663327711687,-0.0006749481398529156,0.0005456181929182531,21.756944444445377,36.62731481481543
1764764100,4.733186794974757,4.733186794974757,4.723,4.725,4.769,4.729,4.7490000000000006,NaN,NaN,NaN,NaN,NaN,NaN,NaN,NaN,NaN,NaN,4.7391250000000085,4.751265325362528,4.726984674637489,4.7391250000000085,4.745195162681268,4.733054837318749,4.739866046457189,4.738347059723643,4.7081316406249965,4.709808593749948,4.742381250000038,4.7391250000000085,0.005329841294921914,25.466984405104,53.67306879009807,NaN,NaN,NaN,NaN,-0.0018376718330993227,-0.0017514715984559004,0.0000862002346434224,12.341880341881184,23.0136514719858
1764765000,4.729093397487379,4.729093397487379,4.721,4.725,4.769,4.729,4.7490000000000006,NaN,NaN,NaN,NaN,NaN,NaN,NaN,NaN,NaN,NaN,4.738600000000009,4.752148431639233,4.725051568360785,4.738600000000009,4.745374215819621,4.731825784180397,4.739283064243182,4.737133690657857,4.708143749999997,4.710028124999948,4.741875000000038,4.738600000000009,0.005527238165811685,25.466984405104,51.21992683444984,NaN,NaN,NaN,NaN,-0.002128913682370269,-0.0025749418683194136,-0.0004460281859491448,12.659340659339469,15.58605514855534
1764765900,4.727046698743689,4.73,4.727046698743689,4.7285,4.769,4.729,4.7490000000000006,NaN,NaN,NaN,NaN,NaN,NaN,NaN,NaN,NaN,NaN,4.738350000000009,4.75243935768097,4.724260642319049,4.738350000000009,4.74539467884049,4.731305321159529,4.7388601989787436,4.736348809688961,4.7081597656249965,4.710257031249947,4.741431250000037,4.738350000000009,0.005489578296825192,34.29681878218064,48.98074946151389,NaN,NaN,NaN,NaN,-0.001972429080914163,-0.0029115645370918486,-0.0009391354561776857,16.25457875457851,13.751933251933055
1764766800,4.727773349371844,4.731,4.721,4.72775,4.769,4.729,4.7490000000000006,NaN,NaN,NaN,NaN,NaN,NaN,NaN,NaN,NaN,NaN,4.738062500000009,4.752757630992571,4.7233673690074465,4.738062500000009,4.74541006549629,4.730714934503728,4.738424504901146,4.735567099717237,4.708175976562497,4.710487499999948,4.741059375000037,4.738062500000009,0.005811751275623377,33.38413180616858,46.9631446054404,NaN,NaN,NaN,NaN,-0.0018102509018006704,-0.0032019490834285236,-0.0013916981816278532,21.72619047619092,16.8800366300363
1764767700,4.727761674685922,4.731,4.721,4.726,4.769,4.729,4.7490000000000006,NaN,NaN,NaN,NaN,NaN,NaN,NaN,NaN,NaN,NaN,4.737625000000009,4.753184161283842,4.722065838716176,4.737625000000009,4.745404580641925,4.729845419358093,4.737937269414827,4.734697363379306,4.708189648437498,4.710715624999947,4.740671875000038,4.737625000000009,0.006110911898793121,31.291666905636205,44.65890105737348,NaN,NaN,NaN,NaN,-0.0017126974824855884,-0.0035325700347348388,-0.0018198725522492504,22.916666666667528,20.299145299145653
1764768600,4.726880837342961,4.735,4.726880837342961,4.7315000000000005,4.769,4.729,4.7490000000000006,NaN,NaN,4.729,NaN,NaN,NaN,NaN,NaN,NaN,NaN,4.737400000000009,4.753175297140517,4.721624702859501,4.737400000000009,4.7452876485702635,4.729512351429754,4.737684827476991,4.734406693981187,4.708207617187498,4.710956249999947,4.740337500000037,4.737400000000009,0.0063172753345936365,43.31661469315014,43.080425051735894,NaN,NaN,NaN,NaN,-0.001194181875380537,-0.0033125998964749215,-0.0021184180210943844,26.48809523809628,23.710317460318247
1764769500,4.729190418671481,4.733,4.729,4.7315000000000005,4.769,4.729,4.7490000000000006,NaN,NaN,NaN,NaN,NaN,NaN,NaN,NaN,NaN,NaN,4.7370375000000084,4.753004086199872,4.721070913800145,4.7370375000000084,4.745020793099941,4.729054206900076,4.737442285222991,4.734142449073807,4.708228124999998,4.711201562499947,4.7400781250000374,4.7370375000000084,0.006151755667836917,43.31661469315015,41.28476780933452,NaN,NaN,NaN,NaN,-0.0007872721382356195,-0.0031025081938889087,-0.0023152360556532893,31.91391941392065,27.106227106228157
1764770400,4.7303452093357405,4.732,4.723,4.7285,4.769,4.729,4.7490000000000006,NaN,4.729,NaN,NaN,NaN,NaN,NaN,NaN,NaN,NaN,4.7363750000000095,4.752601906663139,4.7201480933368805,4.7363750000000095,4.744488453331574,4.7282615466684454,4.7370916073711085,4.733629499158006,4.708248632812498,4.711452343749947,4.739821875000038,4.7363750000000095,0.006355201691562876,38.998898792877036,39.60361089534558,NaN,NaN,NaN,NaN,-0.0006613043180261095,-0.0031418664531859264,-0.002480562135159817,35.57692307692479,31.32631257631391
1764771300,4.729422604667871,4.74,4.729,4.73475,4.769,4.729,4.7490000000000006,NaN,NaN,4.729,NaN,NaN,NaN,NaN,NaN,NaN,NaN,4.735875000000009,4.751648791549985,4.720101208450033,4.735875000000009,4.7437618957749965,4.727988104225021,4.7369997796310646,4.733731362870914,4.708273632812498,4.711719531249947,4.7396531250000375,4.735875000000009,0.006722687285022659,50.147700610419484,38.68365656142203,NaN,NaN,NaN,NaN,-0.0001262082532677922,-0.002638322451744557,-0.0025121141984767647,41.61233751148969,36.36772666744505
1764772200,4.7320863023339355,4.742,4.732,4.737,4.769,4.729,4.7490000000000006,NaN,NaN,NaN,NaN,NaN,NaN,NaN,NaN,NaN,NaN,4.73555000000001,4.750945291482793,4.720154708517226,4.73555000000001,4.743247645741401,4.727852354258618,4.736999788272984,4.734028511700831,4.708300195312498,4.711992968749947,4.739500000000038,4.73555000000001,0.006956781050378168,53.44631655338059,38.55708154617114,NaN,NaN,NaN,NaN,0.0003822878479916073,-0.0020342543884872555,-0.002416542236478863,50.856733749841844,42.681998112752105
1764773100,4.734543151166967,4.734543151166967,4.728,4.7295,4.769,4.729,4.7490000000000006,NaN,NaN,NaN,NaN,NaN,NaN,NaN,NaN,NaN,NaN,4.73480000000001,4.749835458085357,4.719764541914662,4.73480000000001,4.742317729042683,4.727282270957336,4.736705678928945,4.7336168288189375,4.7083197265624985,4.712253124999947,4.739262500000038,4.73480000000001,0.007102725261065466,43.18805756573118,38.12062166843429,NaN,NaN,NaN,NaN,0.0002243618680223972,-0.002136089901450866,-0.0023604517694732633,54.27154804418395,48.91353976850517
1764774000,4.732021575583484,4.738,4.724,4.7315000000000005,4.769,4.729,4.7490000000000006,NaN,NaN,NaN,NaN,NaN,NaN,NaN,NaN,NaN,NaN,4.73410000000001,4.748361311293903,4.719838688706118,4.73410000000001,4.741230655646957,4.726969344353064,4.736501534657221,4.733424389835398,4.708343359374998,4.712522656249947,4.739112500000038,4.73410000000001,0.0075953877424179495,46.155942600941756,38.26062785130921,NaN,NaN,NaN,NaN,0.0002627706192970822,-0.0020319884953519107,-0.002294759114648993,52.40280027628577,52.51036069010385
1764774900,4.7317607877917425,4.74,4.729,4.734500000000001,4.769,4.729,4.7490000000000006,NaN,NaN,NaN,NaN,NaN,NaN,NaN,NaN,NaN,NaN,4.73346250000001,4.746393349733683,4.720531650266336,4.73346250000001,4.739927924866847,4.7269970751331725,4.736423043102036,4.733522172577635,4.708369921874999,4.712805468749947,4.739012500000038,4.73346250000001,0.007838574332245248,50.34615699905398,39.078447859770826,NaN,NaN,NaN,NaN,0.0004854434826942816,-0.0016879547612811407,-0.0021733982439754223,51.12543700496688,52.5999284418122
1764775800,4.7331303938958715,4.751,4.7331303938958715,4.74425,4.769,4.729,4.7490000000000006,NaN,NaN,NaN,NaN,NaN,NaN,NaN,NaN,NaN,NaN,4.733400000000009,4.74610767484045,4.720692325159569,4.733400000000009,4.7397538374202295,4.727046162579789,4.736729982588231,4.734497429616032,4.7084031249999985,4.713121093749947,4.739015625000038,4.733400000000009,0.008555076601665502,60.9754506869101,41.41416710712913,NaN,NaN,NaN,NaN,0.0012415994492086572,-0.0006213989324646008,-0.001862998381673258,63.92857142857281,55.81893623660849
1764776700,4.738690196947935,4.75,4.738690196947935,4.74775,4.769,4.729,4.7490000000000006,NaN,NaN,NaN,NaN,NaN,NaN,NaN,NaN,NaN,NaN,4.733500000000009,4.746619641757681,4.720380358242338,4.733500000000009,4.740059820878845,4.726940179121173,4.7371621401337904,4.735702208741847,4.708437109374998,4.713448437499947,4.739043750000038,4.733500000000009,0.008751842776694012,63.95813257442412,44.16353483350914,NaN,NaN,NaN,NaN,0.001890803089063468,0.0005005054796560771,-0.0013902976094073908,76.98412698412723,64.01271180588897
1764777600,4.743220098473968,4.749,4.742,4.746499999999999,4.769,4.729,4.7490000000000006,NaN,NaN,NaN,NaN,NaN,NaN,NaN,NaN,NaN,NaN,4.73366250000001,4.74733023115124,4.71999476884878,4.73366250000001,4.740496365575625,4.726828634424395,4.737528330716779,4.736683826128951,4.708470507812498,4.713773437499947,4.739065625000038,4.73366250000001,0.008626711149787273,62.13167840756314,46.782441547970514,NaN,NaN,NaN,NaN,0.0021314953291759085,0.0012740715520624946,-0.0008574237771134137,83.8888888888871,74.93386243386239
1764778500,4.7448600492369835,4.748,4.744,4.74525,4.769,4.729,4.7490000000000006,NaN,NaN,NaN,NaN,NaN,NaN,NaN,NaN,NaN,NaN,4.73387500000001,4.748112713995868,4.719637286004152,4.73387500000001,4.740993856997939,4.726756143002081,4.737831141276905,4.737462569208137,4.708501562499999,4.714091406249947,4.739096875000038,4.73387500000001,0.008296231781945357,60.277908359449505,48.63823366063257,NaN,NaN,NaN,NaN,0.002098664944145869,0.0017659074030689226,-0.0003327575410769464,84.99999999999856,81.95767195767097
1764779400,4.745055024618492,4.749,4.745,4.746250000000001,4.769,4.729,4.7490000000000006,NaN,NaN,NaN,NaN,NaN,NaN,NaN,NaN,NaN,NaN,4.73425000000001,4.749350496674884,4.719149503325136,4.73425000000001,4.741800248337447,4.726699751662573,4.738161292599379,4.738261426552852,4.708535546874998,4.714420312499947,4.739165625000037,4.73425000000001,0.007989358083234943,61.273375860128205,50.63032252162969,NaN,NaN,NaN,NaN,0.002034923361389726,0.002210896660660211,0.00017597329927048508,83.33333333333285,84.07407407407284
1764780300,4.745652512309246,4.746,4.743,4.74375,4.769,4.729,4.7490000000000006,NaN,NaN,NaN,NaN,NaN,NaN,NaN,NaN,NaN,NaN,4.7346375000000105,4.75028556297294,4.718989437027081,4.7346375000000105,4.742461531486475,4.726813468513546,4.738380457595482,4.73876038777532,4.708565429687498,4.714747656249947,4.739237500000037,4.7346375000000105,0.007650832505861049,57.4004852297672,52.49523811621047,NaN,NaN,NaN,NaN,0.0017271488525186182,0.002334909364918758,0.0006077605124001397,79.70238095238177,82.67857142857106
1764781200,4.744701256154624,4.744701256154624,4.738,4.74,4.769,4.729,4.7490000000000006,NaN,NaN,NaN,NaN,NaN,NaN,NaN,NaN,NaN,NaN,4.73523750000001,4.750741108445018,4.719733891555002,4.73523750000001,4.742989304222514,4.7274856957775055,4.738443969062326,4.738873079795746,4.708589843749999,4.715057812499947,4.739268750000037,4.73523750000001,0.007583005623629785,52.08267707345453,53.12138542908935,NaN,NaN,NaN,NaN,0.001198844680217844,0.0021063163626724446,0.0009074716824546007,72.9960317460325,78.67724867724905
1764782100,4.742350628077312,4.742350628077312,4.736,4.737,4.769,4.729,4.7490000000000006,NaN,NaN,NaN,NaN,NaN,NaN,NaN,NaN,NaN,NaN,4.73583750000001,4.750622014696774,4.721052985303246,4.73583750000001,4.743229757348392,4.728445242651628,4.738387342824588,4.738702799814314,4.708610742187498,4.715357812499947,4.739250000000037,4.73583750000001,0.007494978656035675,48.23290356865765,53.472548920197035,NaN,NaN,NaN,NaN,0.0006051422032776414,0.0016638994365516524,0.001058757233274011,61.60714285714311,71.4351851851858
1764783000,4.7396753140386565,4.7396753140386565,4.735,4.7355,4.769,4.729,4.7490000000000006,NaN,NaN,NaN,NaN,NaN,NaN,NaN,NaN,NaN,NaN,4.73636250000001,4.750291314551541,4.722433685448479,4.73636250000001,4.743326907275775,4.729398092724245,4.738274113694212,4.738411636194831,4.708631835937498,4.715654687499947,4.7391937500000365,4.73636250000001,0.007293574040508568,46.386657238871244,54.00024595205377,NaN,NaN,NaN,NaN,0.0000959194550907488,0.001178656552137447,0.0010827370970466982,51.10229276895925,61.901822457378294
1764783900,4.737587657019328,4.737587657019328,4.731,4.73375,4.769,4.729,4.7490000000000006,NaN,NaN,NaN,NaN,NaN,NaN,NaN,NaN,NaN,NaN,4.73662500000001,4.750143043491104,4.723106956508916,4.73662500000001,4.743384021745557,4.7298659782544625,4.738096697470909,4.73798785108621,4.708650390624999,4.715940624999948,4.739109375000036,4.73662500000001,0.007243151396138556,44.25816947122345,53.5795651563969,NaN,NaN,NaN,NaN,-0.0003498317736422014,0.0006454473799939464,0.0009952791536361478,42.901234567900275,51.87022339800089
1764784800,4.735668828509664,4.735668828509664,4.731,4.731999999999999,4.769,4.729,4.7490000000000006,NaN,NaN,NaN,NaN,NaN,NaN,NaN,NaN,NaN,NaN,4.73683750000001,4.749917327018716,4.723757672981304,4.73683750000001,4.7433774135093625,4.730297586490657,4.7378576112955795,4.737443500987464,4.708666015624998,4.7162171874999474,4.738965625000036,4.73683750000001,0.007059271189961809,42.174116477603405,52.77440800812711,NaN,NaN,NaN,NaN,-0.0007316359302744107,0.0000807342407931344,0.0008123701710675451,36.11111111110902,43.37154614932286
1764785700,4.733834414254831,4.735,4.731,4.7330000000000005,4.769,4.729,4.7490000000000006,NaN,NaN,NaN,NaN,NaN,NaN,NaN,NaN,NaN,NaN,4.73718750000001,4.749436862221616,4.724938137778404,4.73718750000001,4.743312181110813,4.731062818889207,4.737667116734968,4.73703954635224,4.708709374999999,4.716504687499947,4.738834375000037,4.73718750000001,0.006840751819250283,43.80258105046203,52.81830254275074,NaN,NaN,NaN,NaN,-0.0008761783744039601,-0.00028285279693740506,0.0005933255774665551,33.024691358023226,37.345679012344185
1764786600,4.733417207127416,4.735,4.731,4.73275,4.769,4.729,4.7490000000000006,NaN,NaN,NaN,NaN,NaN,NaN,NaN,NaN,NaN,NaN,4.73725000000001,4.749394957794361,4.7251050422056595,4.73725000000001,4.743322478897185,4.731177521102835,4.737474288627714,4.736649587592946,4.708750585937499,4.716758593749948,4.738662500000037,4.73725000000001,0.006637840975018151,43.47297129704067,52.62666173532923,NaN,NaN,NaN,NaN,-0.000942207711917533,-0.0005844340624303612,0.00035777364948717176,26.66947250280522,31.9350916573125
1764787500,4.733083603563708,4.733083603563708,4.727,4.7285,4.769,4.729,4.7490000000000006,NaN,4.729,NaN,NaN,NaN,NaN,NaN,NaN,NaN,NaN,4.7371000000000105,4.749594398736759,4.724605601263262,4.7371000000000105,4.743347199368385,4.730852800631636,4.737122355740353,4.735908715993587,4.708788867187499,4.716995312499948,4.738425000000037,4.7371000000000105,0.006598252588495979,38.20914790335189,51.759732514207656,NaN,NaN,NaN,NaN,-0.0012086883615817728,-0.0011530868024900442,0.000055601559091728546,18.876262626263223,26.19014216236391
1764788400,4.730791801781854,4.730791801781854,4.723,4.72525,4.769,4.729,4.7490000000000006,NaN,NaN,NaN,NaN,NaN,NaN,NaN,NaN,NaN,NaN,4.7369375000000105,4.749948913251526,4.723926086748495,4.7369375000000105,4.743443206625768,4.730431793374253,4.7366567731623,4.734939741812352,4.708825195312499,4.717220312499948,4.738128125000037,4.7369375000000105,0.006683506102307292,34.74458661374196,49.88609936612421,NaN,NaN,NaN,NaN,-0.0015202661452347014,-0.0018447311224516483,-0.00032446497721694685,10.542929292929616,18.696221473999373
1764789300,4.728020900890927,4.728020900890927,4.723,4.72375,4.769,4.729,4.7490000000000006,NaN,NaN,NaN,NaN,NaN,NaN,NaN,NaN,NaN,NaN,4.73638750000001,4.750597069833025,4.722177930166995,4.73638750000001,4.743492284916517,4.729282715083503,4.736150625195151,4.733922492556683,4.7088593749999985,4.717446874999949,4.737821875000036,4.73638750000001,0.006564748587208714,33.246227711330974,47.692391875903276,NaN,NaN,NaN,NaN,-0.001728630610774037,-0.002485253240684493,-0.0007566226299104561,5.822649572649787,11.747280497280896
1764790200,4.725885450445464,4.726,4.725,4.72525,4.769,4.729,4.7490000000000006,NaN,NaN,NaN,NaN,NaN,NaN,NaN,NaN,NaN,NaN,4.73580000000001,4.750808830728181,4.720791169271839,4.73580000000001,4.743304415364095,4.728295584635925,4.735723149697302,4.733134084142439,4.708893749999999,4.717670312499949,4.737518750000037,4.73580000000001,0.006256552259550955,36.208833915816,45.84076012649276,NaN,NaN,NaN,NaN,-0.0016659872682231454,-0.002839106715189388,-0.0011731194469662425,6.623931623931893,7.663170163170451
1764791100,4.7255677252227315,4.726,4.724,4.72475,4.769,4.729,4.7490000000000006,NaN,NaN,NaN,NaN,NaN,NaN,NaN,NaN,NaN,NaN,4.73556250000001,4.751103474063011,4.7200215259370095,4.73556250000001,4.74333298703151,4.72779201296851,4.735292830101329,4.732371894674945,4.708927539062499,4.717888281249948,4.737190625000037,4.73556250000001,0.005952512812440157,35.64101274630913,44.08098186841131,NaN,NaN,NaN,NaN,-0.0015606035550415505,-0.0031238738907681807,-0.0015632703357266302,6.089743589744249,6.178774928775329
1764792000,4.725158862611366,4.727,4.725,4.726,4.769,4.729,4.7490000000000006,NaN,NaN,NaN,NaN,NaN,NaN,NaN,NaN,NaN,NaN,4.73528750000001,4.751293963532699,4.71928103646732,4.73528750000001,4.743290731766354,4.7272842682336655,4.734928405391473,4.731792631522677,4.708962304687499,4.718107812499948,4.736915625000036,4.73528750000001,0.005688047611551581,38.24819498968897,42.436326091951365,NaN,NaN,NaN,NaN,-0.0013187175510897117,-0.0032116672745887698,-0.001892949723499058,9.476031215162322,7.396568809612821
1764792900,4.7255794313056825,4.727,4.7255794313056825,4.7265,4.769,4.729,4.7490000000000006,NaN,NaN,NaN,NaN,NaN,NaN,NaN,NaN,NaN,NaN,4.73488750000001,4.751346141342174,4.718428858657846,4.73488750000001,4.7431168206710925,4.726658179328927,4.734597879689847,4.731311483202433,4.708996874999999,4.718329687499948,4.736656250000037,4.73488750000001,0.0053832276888920285,39.30731030275181,41.14395645430741,NaN,NaN,NaN,NaN,-0.0010488122436119623,-0.003203965028014011,-0.0021551527844020485,11.967448712486812,9.17774117246446
1764793800,4.726039715652841,4.729,4.726039715652841,4.72825,4.769,4.729,4.7490000000000006,NaN,NaN,NaN,NaN,NaN,NaN,NaN,NaN,NaN,NaN,4.73408750000001,4.7501998205908,4.71797517940922,4.73408750000001,4.7421436602954055,4.7260313397046145,4.734348943231422,4.731033166547666,4.709032812499999,4.718553906249948,4.736446875000037,4.73408750000001,0.00521016030733967,42.992647181147255,40.494668604856884,NaN,NaN,NaN,NaN,-0.000693331326695636,-0.0030218169427715935,-0.0023284856160759575,18.767493072183772,13.403657666610968
1764794700,4.727144857826421,4.731,4.727,4.72925,4.769,4.729,4.7490000000000006,NaN,NaN,4.729,NaN,NaN,NaN,NaN,NaN,NaN,NaN,4.73316250000001,4.748113482403297,4.718211517596724,4.73316250000001,4.740637991201654,4.725687008798367,4.734148984673327,4.730871060497878,4.709069921874999,4.718774218749948,4.736265625000036,4.73316250000001,0.005123720285386805,45.046105623298025,40.26704018018834,NaN,NaN,NaN,NaN,-0.0003491311782501962,-0.002764899588888703,-0.0024157684106385067,26.91318481945771,19.216042201376098
1764795600,4.7281974289132105,4.729,4.726,4.72775,4.769,4.729,4.7490000000000006,NaN,4.729,NaN,NaN,NaN,NaN,NaN,NaN,NaN,NaN,4.73222500000001,4.746019835983564,4.718430164016457,4.73222500000001,4.739122417991787,4.725327582008234,4.733898044097902,4.730587327725344,4.709106835937499,4.718992968749949,4.736100000000037,4.73222500000001,0.0049898831221449206,42.56910829151464,39.99435811252001,NaN,NaN,NaN,NaN,-0.00018879355645022968,-0.0026517603562012937,-0.002462966799751064,32.391076808630324,26.023918233423938
1764796500,4.727973714456605,4.728,4.727,4.72775,4.769,4.729,4.7490000000000006,NaN,NaN,NaN,NaN,NaN,NaN,NaN,NaN,NaN,NaN,4.731350000000011,4.743892328324804,4.718807671675218,4.731350000000011,4.737621164162407,4.725078835837614,4.733656944329357,4.730329388841222,4.70914375,4.719210937499948,4.735975000000036,4.731350000000011,0.004704891470563101,42.56910829151464,39.87371088539795,NaN,NaN,NaN,NaN,-0.00005594577299191956,-0.0025328990159909637,-0.002476953242999044,35.84530967169827,31.716523766595433
1764797400,4.727861857228303,4.729,4.727861857228303,4.72875,4.769,4.729,4.7490000000000006,NaN,NaN,NaN,NaN,NaN,NaN,NaN,NaN,NaN,NaN,4.730475000000011,4.741020022512607,4.719929977487415,4.730475000000011,4.735747511256309,4.7252024887437125,4.73346451513997,4.730185808037474,4.7091814453125,4.719435156249948,4.735871875000036,4.730475000000011,0.004458113508380004,44.91123006155072,40.069218998537046,NaN,NaN,NaN,NaN,0.00011665298758185751,-0.002331137008521722,-0.0024477899961035795,39.324014059689155,35.85346684667258
1764798300,4.7283059286141516,4.73,4.7283059286141516,4.72975,4.769,4.729,4.7490000000000006,NaN,NaN,4.729,NaN,NaN,NaN,NaN,NaN,NaN,NaN,4.729775000000011,4.738382990462671,4.721167009537351,4.729775000000011,4.734078995231341,4.72547100476868,4.73331884787958,4.7301461891249765,4.709220312499999,4.719665624999948,4.735800000000037,4.729775000000011,0.004260681928199209,47.22886500304755,40.31395356657887,NaN,NaN,NaN,NaN,0.00030485310251672157,-0.0020667236179576776,-0.002371576720474399,47.22008918857654,40.79647097332131
1764799200,4.729027964307075,4.732,4.729,4.7305,4.769,4.729,4.7490000000000006,NaN,NaN,NaN,NaN,NaN,NaN,NaN,NaN,NaN,NaN,4.729300000000011,4.7365380936574875,4.722061906342534,4.729300000000011,4.732919046828749,4.725680953171273,4.733208304825478,4.730178353749979,4.7092595703125,4.719892187499948,4.735693750000037,4.729300000000011,0.004170633219042131,48.96311638493512,40.70610678714275,NaN,NaN,NaN,NaN,0.00047631684526568694,-0.0017761806638922906,-0.0022524975091579775,59.514946214245676,48.68634982083713
1764800100,4.729763982153537,4.729763982153537,4.729,4.729,4.769,4.729,4.7490000000000006,NaN,NaN,NaN,NaN,NaN,NaN,NaN,NaN,NaN,NaN,4.728900000000011,4.735217436172952,4.7225825638270695,4.728900000000011,4.732058718086482,4.72574128191354,4.733043273263695,4.7300712306818,4.709296484375001,4.720117187499948,4.735571875000036,4.728900000000011,0.003979873703396268,45.72645110100016,41.2430570155462,NaN,NaN,NaN,NaN,0.0004836267754123537,-0.0016479640398925355,-0.002131590815304889,65.76494621424649,57.499993872356235
1764806400,4.729381991076769,4.741,4.729381991076769,4.74025,4.751,4.721,4.736000000000001,NaN,NaN,NaN,NaN,NaN,NaN,NaN,NaN,NaN,NaN,4.72913750000001,4.736669888389718,4.721605111610302,4.72913750000001,4.732903694194865,4.725371305805155,4.733325889998452,4.730996573347091,4.7093408203125,4.720382031249948,4.7356093750000365,4.72913750000001,0.004552739867439361,64.61770212775257,43.376850980832685,NaN,NaN,NaN,NaN,0.0012002380078153633,-0.0006312933055356851,-0.0018315313133510484,78.95939065869088,68.079761029061
1764807300,4.734815995538384,4.742,4.734815995538384,4.741,4.751,4.721,4.736000000000001,NaN,NaN,NaN,NaN,NaN,NaN,NaN,NaN,NaN,NaN,4.7295000000000105,4.7384498603240885,4.720550139675932,4.7295000000000105,4.7339749301620495,4.725025069837971,4.7336268354887086,4.731905975770083,4.7093859375000005,4.720639843749948,4.735646875000037,4.7295000000000105,0.004740687338451949,65.48034757933445,45.67928811426151,NaN,NaN,NaN,NaN,0.0016510385547891062,0.00023226688013533447,-0.0014187716746537717,85.64814814814743,76.79082834036159
1764808200,4.737907997769192,4.742,4.737907997769192,4.7415,4.751,4.721,4.736000000000001,NaN,NaN,NaN,NaN,NaN,NaN,NaN,NaN,NaN,NaN,4.72997500000001,4.740306868167384,4.719643131832637,4.72997500000001,4.735140934083697,4.7248090659163235,4.733935587038171,4.732778159790985,4.709430859375,4.720913281249948,4.735684375000036,4.72997500000001,0.004694352687905982,66.07418829921392,47.81252771307565,NaN,NaN,NaN,NaN,0.0018918849373666796,0.0009460844970545779,-0.0009458004403121018,95.83333333333313,86.8136240467238
1764809100,4.739703998884596,4.743,4.739703998884596,4.7415,4.751,4.721,4.736000000000001,NaN,NaN,NaN,NaN,NaN,NaN,NaN,NaN,NaN,NaN,4.730400000000009,4.74183503388176,4.718964966118259,4.730400000000009,4.736117516940884,4.7246824830591345,4.734232230683733,4.733571054355441,4.7094736328125,4.721178906249948,4.735721875000037,4.730400000000009,0.004594470432727297,66.07418829921392,49.986325966854565,NaN,NaN,NaN,NaN,0.0019522897314652055,0.0014945617240194053,-0.0004577280074458003,94.4444444444443,91.97530864197495
1764810000,4.740601999442298,4.741,4.739,4.74,4.751,4.721,4.736000000000001,NaN,NaN,NaN,NaN,NaN,NaN,NaN,NaN,NaN,NaN,4.73076250000001,4.742910004882434,4.718614995117585,4.73076250000001,4.736836252441222,4.7246887475587975,4.734458417715744,4.734155503959491,4.7095154296874995,4.721394531249948,4.735762500000037,4.73076250000001,0.0044448654018182324,62.342718610039,51.70736336830813,NaN,NaN,NaN,NaN,0.00179625455558642,0.0017875901870372246,-0.00000866436854919531,90.55595556720101,93.61124444832615
1764810900,4.740300999721149,4.741,4.739,4.74,4.751,4.721,4.736000000000001,NaN,NaN,NaN,NaN,NaN,NaN,NaN,NaN,NaN,NaN,4.731337500000009,4.744076490339292,4.718598509660727,4.731337500000009,4.737706995169651,4.724968004830368,4.734675734668068,4.734686821781356,4.709557421874999,4.7216195312499485,4.735775000000037,4.731337500000009,0.0042702321588312,62.342718610039,53.3527496759715,NaN,NaN,NaN,NaN,0.0016043710896698749,0.0019967994935381483,0.00039242840386827346,85.59952855194986,90.19997618786505
1764811800,4.740150499860574,4.741,4.74,4.7405,4.751,4.721,4.736000000000001,NaN,NaN,NaN,NaN,NaN,NaN,NaN,NaN,NaN,NaN,4.73210000000001,4.74511287823095,4.7190871217690695,4.73210000000001,4.73860643911548,4.72559356088454,4.734904137230105,4.735215292528506,4.7096,4.721864843749949,4.735806250000037,4.73210000000001,0.004036644147486074,63.14729188173378,54.792367154584824,NaN,NaN,NaN,NaN,0.0014283296040746843,0.0021778404089616288,0.0007495108048869445,83.47534554541325,86.54360988818803
1764812700,4.740325249930287,4.742,4.739,4.74025,4.751,4.721,4.736000000000001,NaN,NaN,NaN,NaN,NaN,NaN,NaN,NaN,NaN,NaN,4.7329250000000105,4.745807255231205,4.720042744768816,4.7329250000000105,4.739366127615607,4.726483872384414,4.735113778907356,4.735672993207732,4.709641796875,4.722103124999949,4.7358218750000365,4.7329250000000105,0.003962598136951363,62.42907072260964,56.03400751882136,NaN,NaN,NaN,NaN,0.0012203272504516243,0.002274919867951475,0.0010545926174998505,83.82352941176268,84.29946783637526
1764813600,4.740287624965143,4.740287624965143,4.737,4.7385,4.751,4.721,4.736000000000001,NaN,NaN,NaN,NaN,NaN,NaN,NaN,NaN,NaN,NaN,4.733587500000009,4.746182414643145,4.720992585356874,4.733587500000009,4.739884957321577,4.727290042678442,4.7352465718913805,4.735929993825211,4.70968125,4.722335937499948,4.735818750000037,4.733587500000009,0.003914385767536481,57.49906972727413,57.10043333566133,NaN,NaN,NaN,NaN,0.0009046884026417952,0.0021854531208020944,0.0012807647181602992,80.3308823529389,82.54325243670495
1764814500,4.739393812482572,4.74,4.738,4.73925,4.751,4.721,4.736000000000001,NaN,NaN,NaN,NaN,NaN,NaN,NaN,NaN,NaN,NaN,4.7343125000000095,4.746450122290346,4.722174877709673,4.7343125000000095,4.740381311145178,4.728243688854841,4.735403569072111,4.7362318125683736,4.709720703124999,4.722580468749948,4.735825000000036,4.7343125000000095,0.003777643926998145,58.99364967875807,58.27361486332158,NaN,NaN,NaN,NaN,0.0006956135871860167,0.00215028170214282,0.0014546681149568033,76.97555544449149,80.3766557363977
1764815400,4.739321906241286,4.74,4.738,4.7395,4.751,4.721,4.736000000000001,NaN,NaN,NaN,NaN,NaN,NaN,NaN,NaN,NaN,NaN,4.73498750000001,4.746694842775055,4.7232801572249645,4.73498750000001,4.740841171387532,4.729133828612487,4.735564213422224,4.736528920516704,4.709760546875,4.722835937499949,4.735828125000036,4.73498750000001,0.0036506693607839765,59.50484539541072,59.31601595859729,NaN,NaN,NaN,NaN,0.0005307968140451178,0.0021181641325132006,0.0015873673184680828,74.4280022294001,77.24481334227683
1764816300,4.739410953120643,4.742,4.739410953120643,4.7415,4.751,4.721,4.736000000000001,NaN,NaN,NaN,NaN,NaN,NaN,NaN,NaN,NaN,NaN,4.735737500000009,4.747090335544052,4.7243846644559655,4.735737500000009,4.7414139177720305,4.730061082227987,4.735796989366451,4.736980836833367,4.709802539062499,4.723104687499949,4.735843750000036,4.735737500000009,0.0035748391835391776,63.43227738248895,60.473402557128814,NaN,NaN,NaN,NaN,0.0005128312103741164,0.0022284063314357283,0.001715575121061612,80.23157365797181,77.21171044395446
1764817200,4.740455476560322,4.744,4.740455476560322,4.74325,4.751,4.721,4.736000000000001,NaN,NaN,NaN,NaN,NaN,NaN,NaN,NaN,NaN,NaN,4.736487500000009,4.747744136926659,4.725230863073358,4.736487500000009,4.7421158184633345,4.730859181536683,4.736089264293256,4.737550760757606,4.709846289062499,4.723377343749948,4.735878125000037,4.736487500000009,0.003572673773263382,66.49435587652667,61.72563394938535,NaN,NaN,NaN,NaN,0.0005707275993609129,0.002428984620262753,0.00185825702090184,86.82219468406684,80.49392352381291
1764818100,4.74185273828016,4.743,4.74,4.7415,4.751,4.721,4.736000000000001,NaN,NaN,NaN,NaN,NaN,NaN,NaN,NaN,NaN,NaN,4.737100000000009,4.7480434912112415,4.726156508788776,4.737100000000009,4.742571745605625,4.731628254394392,4.736301450007247,4.7379097825069145,4.7098896484375,4.723652343749948,4.735896875000036,4.737100000000009,0.0035496256466016783,60.994006800895804,62.81617364223505,NaN,NaN,NaN,NaN,0.0004484751642664024,0.002418850976234843,0.0019703758119684407,89.06117398721712,85.37164744308525
1764819000,4.74167636914008,4.74167636914008,4.738,4.74,4.751,4.721,4.736000000000001,NaN,NaN,NaN,NaN,NaN,NaN,NaN,NaN,NaN,NaN,4.7377125000000095,4.7478345983432595,4.72759040165676,4.7377125000000095,4.742773549171635,4.732651450828384,4.736446491183433,4.738099802279013,4.7099310546875,4.7239124999999484,4.735900000000036,4.7377125000000095,0.0035586787532786907,56.6671295297376,62.24827559951969,NaN,NaN,NaN,NaN,0.0002346498612992129,0.0022636881385924568,0.002029038277293244,78.11460728865364,84.66599198664586
1764819900,4.74083818457004,4.741,4.739,4.74,4.751,4.721,4.736000000000001,NaN,NaN,NaN,NaN,NaN,NaN,NaN,NaN,NaN,NaN,4.738325000000009,4.7473888016251395,4.729261198374878,4.738325000000009,4.7428569008125745,4.733793099187443,4.7365858444703575,4.738272547526376,4.709969921874999,4.724190624999949,4.735890625000037,4.738325000000009,0.0034473445566159115,56.6671295297376,61.618760024548486,NaN,NaN,NaN,NaN,0.00006982921574903754,0.0021163247969795407,0.002046495581230503,60.73365490770257,75.96981206119112
1764820800,4.74041909228502,4.742,4.74041909228502,4.74125,4.751,4.721,4.736000000000001,NaN,NaN,NaN,NaN,NaN,NaN,NaN,NaN,NaN,NaN,4.738950000000009,4.746947812194348,4.73095218780567,4.738950000000009,4.742948906097178,4.73495109390284,4.7367687525303435,4.738543225023978,4.71000859375,4.724500781249949,4.735925000000036,4.738950000000009,0.0033439628025719024,59.447443080065554,61.14542108032361,NaN,NaN,NaN,NaN,0.000023976835547567972,0.0020764666256649633,0.0020524897901173953,53.33914758715224,64.06246992783616
1764821700,4.74083454614251,4.743,4.74083454614251,4.74175,4.751,4.721,4.736000000000001,NaN,NaN,NaN,NaN,NaN,NaN,NaN,NaN,NaN,NaN,4.739550000000008,4.746417677913755,4.732682322086262,4.739550000000008,4.7429838389568815,4.736116161043135,4.73696409556837,4.738834750021798,4.710048242187499,4.724807812499948,4.7359843750000366,4.739550000000008,0.00325978359220891,60.53812645397045,60.749988091377645,NaN,NaN,NaN,NaN,0.000007177220884378201,0.002061461316222868,0.0020542840953384897,57.14285714285776,57.07188654590419
1764822600,4.741292273071255,4.743,4.741292273071255,4.74225,4.751,4.721,4.736000000000001,NaN,NaN,NaN,NaN,NaN,NaN,NaN,NaN,NaN,NaN,4.740137500000008,4.74569284651654,4.734582153483476,4.740137500000008,4.742915173258274,4.737359826741742,4.737171385938238,4.739145227292544,4.710088867187499,4.725116406249949,4.736078125000036,4.740137500000008,0.003148922401961511,61.6489433274885,60.70043271405261,NaN,NaN,NaN,NaN,0.000009451622037282524,0.002066098622885093,0.0020566470008478105,67.85714285714437,59.446382529051455
1764823500,4.741771136535627,4.744,4.741771136535627,4.743,4.751,4.721,4.736000000000001,NaN,NaN,NaN,NaN,NaN,NaN,NaN,NaN,NaN,NaN,4.740837500000009,4.7432316334266424,4.738443366573376,4.740837500000009,4.742034566713326,4.739640433286692,4.737399959038699,4.73949566117504,4.710131640624999,4.72542187499995,4.736175000000037,4.740837500000009,0.0030832039064194435,63.31698072755066,60.77002286530344,NaN,NaN,NaN,NaN,0.000039494892707585966,0.002106015616732293,0.002066520724024707,76.19047619047981,67.06349206349398
1764824400,4.742385568267814,4.747,4.742385568267814,4.74525,4.751,4.721,4.736000000000001,NaN,NaN,NaN,NaN,NaN,NaN,NaN,NaN,NaN,NaN,4.741087500000009,4.744138217112586,4.7380367828874315,4.741087500000009,4.742612858556297,4.73956214144372,4.737707803782279,4.7400187828864,4.7101767578125,4.72573359374995,4.736296875000036,4.741087500000009,0.0031925773225456346,67.83654970224754,61.104969852482995,NaN,NaN,NaN,NaN,0.00018100471380380883,0.0022927766162794683,0.0021117719024756594,81.07142857143474,75.03968253968631
1764825300,4.743817784133907,4.747,4.743817784133907,4.74625,4.751,4.721,4.736000000000001,NaN,NaN,NaN,NaN,NaN,NaN,NaN,NaN,NaN,NaN,4.7413500000000095,4.745139459046699,4.73756054095332,4.7413500000000095,4.743244729523354,4.739455270476665,4.7380427918692485,4.740585257169455,4.710222656249999,4.726067187499949,4.736456250000036,4.7413500000000095,0.003191837218513289,69.62762118007582,61.61915202801629,NaN,NaN,NaN,NaN,0.0003047768044572652,0.0024927429080472407,0.0021879661035899755,86.90476190476579,81.38888888889345
1764826200,4.745033892066953,4.746,4.745,4.745500000000001,4.751,4.721,4.736000000000001,NaN,NaN,NaN,NaN,NaN,NaN,NaN,NaN,NaN,NaN,4.741550000000009,4.745749999985978,4.7373500000140405,4.741550000000009,4.743649999992993,4.739450000007025,4.738335231403788,4.7410320519722315,4.710267773437499,4.72640156249995,4.736606250000037,4.741550000000009,0.003053134560048036,66.6307311127907,62.27141355555319,NaN,NaN,NaN,NaN,0.0002985673321221523,0.002561175268742666,0.0022626079366205136,86.11111111111533,84.69576719577196
1764827100,4.745266946033476,4.746,4.745,4.74525,4.751,4.721,4.736000000000001,NaN,NaN,NaN,NaN,NaN,NaN,NaN,NaN,NaN,NaN,4.741737500000009,4.746236041416347,4.737238958583671,4.741737500000009,4.743986770708179,4.739488229291839,4.738606398799718,4.741415501792938,4.710313281249999,4.726736718749949,4.736737500000037,4.741737500000009,0.0029064820914732,65.61689361573968,62.74450240819474,NaN,NaN,NaN,NaN,0.0002424417816325659,0.002565660163661221,0.002323218382028655,85.4629629629671,86.15961199294941
1764828000,4.745258473016738,4.746,4.745,4.74525,4.751,4.721,4.736000000000001,NaN,NaN,NaN,NaN,NaN,NaN,NaN,NaN,NaN,NaN,4.74200000000001,4.746671723434489,4.73732827656553,4.74200000000001,4.744335861717249,4.7396641382827704,4.7388669321801205,4.741764092539034,4.710358789062498,4.72706562499995,4.736853125000037,4.74200000000001,0.0027703047992251382,65.61689361573968,63.18107728107538,NaN,NaN,NaN,NaN,0.00017337383658348358,0.0025399356777580095,0.002366561841174526,81.48148148148732,84.3518518518566
1764828900,4.745254236508369,4.747,4.745,4.745750000000001,4.751,4.721,4.736000000000001,NaN,NaN,NaN,NaN,NaN,NaN,NaN,NaN,NaN,NaN,4.742287500000009,4.747135888895525,4.737439111104492,4.742287500000009,4.744711694447767,4.73986330555225,4.739136856408351,4.742126447762758,4.710402734374999,4.727373437499949,4.736940625000036,4.742287500000009,0.002715283027851898,66.78902099747542,63.42084468214585,NaN,NaN,NaN,NaN,0.0001313281830336824,0.002530722069966629,0.0023993938869329465,82.40740740741444,83.11728395062296
1764829800,4.745502118254185,4.746,4.744,4.745,4.751,4.721,4.736000000000001,NaN,NaN,NaN,NaN,NaN,NaN,NaN,NaN,NaN,NaN,4.742512500000009,4.747425429357363,4.737599570642655,4.742512500000009,4.744968964678686,4.740056035321332,4.739366783608023,4.742387679784326,4.710446679687498,4.72768671874995,4.736981250000037,4.742512500000009,0.0026641913830053815,63.30300048349778,63.19289072550093,NaN,NaN,NaN,NaN,0.00002835227765802563,0.0024348342340054785,0.002406481956347453,81.48148148148732,81.79012345679637
1764830700,4.745251059127092,4.745251059127092,4.743,4.74425,4.751,4.721,4.736000000000001,NaN,NaN,NaN,NaN,NaN,NaN,NaN,NaN,NaN,NaN,4.742712500000009,4.747566042506777,4.737858957493242,4.742712500000009,4.745139271253393,4.740285728746626,4.739558282290061,4.742556981622114,4.710490039062498,4.728006249999949,4.736975000000037,4.742712500000009,0.002634681936154418,59.93413414982089,63.117185536138436,NaN,NaN,NaN,NaN,-0.00010747998260360195,0.0022721319780929505,0.0023796119606965525,77.77777777778216,80.55555555556131
1764831600,4.744750529563547,4.745,4.743,4.74375,4.751,4.721,4.736000000000001,NaN,NaN,NaN,NaN,NaN,NaN,NaN,NaN,NaN,NaN,4.74297500000001,4.747441262402849,4.738508737597171,4.74297500000001,4.74520813120143,4.74074186879859,4.7397226633767255,4.742665437838285,4.7105310546874986,4.728306249999949,4.736978125000037,4.74297500000001,0.0025893475121433725,57.728452528024135,63.19299432173033,NaN,NaN,NaN,NaN,-0.00024058603346392878,0.0020788794188666415,0.0023194654523305703,68.86574074074316,76.04166666667089
1764832500,4.7442502647817735,4.7442502647817735,4.743,4.74325,4.751,4.721,4.736000000000001,NaN,NaN,NaN,NaN,NaN,NaN,NaN,NaN,NaN,NaN,4.74317500000001,4.74730143912657,4.739048560873449,4.74317500000001,4.74523821956329,4.7411117804367295,4.739860990303129,4.742718579852987,4.710570312499998,4.728587499999948,4.736962500000036,4.74317500000001,0.0024936987456883565,55.52774022194856,63.11160937117397,NaN,NaN,NaN,NaN,-0.00036445736571669857,0.001863893745184697,0.0022283511109013956,57.27880794254792,67.97410882035776
1764833400,4.743750132390886,4.748,4.742,4.74475,4.751,4.721,4.736000000000001,NaN,NaN,NaN,NaN,NaN,NaN,NaN,NaN,NaN,NaN,4.7434375000000095,4.7472515365598476,4.7396234634401715,4.7434375000000095,4.7453445182799285,4.7415304817200905,4.740052716173594,4.742903254411806,4.710610546874998,4.728881249999949,4.736953125000037,4.7434375000000095,0.0027441488352820615,60.40443763605478,63.1799661251732,NaN,NaN,NaN,NaN,-0.0003475810156356395,0.0017938748413568462,0.0021414558569924857,52.34515550935819,59.496568064216426
1764834300,4.744250066195443,4.749,4.744250066195443,4.747999999999999,4.751,4.721,4.736000000000001,NaN,NaN,NaN,NaN,NaN,NaN,NaN,NaN,NaN,NaN,4.743762500000009,4.747950205207746,4.739574794792271,4.743762500000009,4.7458563526038775,4.74166864739614,4.740364374362865,4.743366594919824,4.710655078124997,4.729164062499948,4.736962500000036,4.743762500000009,0.002887419190230249,68.47151910826045,63.74663702905106,NaN,NaN,NaN,NaN,-0.000130898312036316,0.0019778329669470907,0.0021087312789834067,61.56215763594514,57.06204036261709
1764835200,4.746125033097721,4.75,4.743,4.7475000000000005,4.751,4.721,4.736000000000001,NaN,NaN,NaN,NaN,NaN,NaN,NaN,NaN,NaN,NaN,4.743975000000009,4.7484580235220255,4.739491976477992,4.743975000000009,4.746216511761017,4.741733488239,4.740644202819223,4.743742359018022,4.7107035156249975,4.729422656249948,4.736987500000036,4.743975000000009,0.003181174962356637,66.2357163284671,64.0742636719781,NaN,NaN,NaN,NaN,-0.0000393576179039774,0.0020595342566034347,0.002098891874507412,70.42954243706029,61.44561852745455
1764836100,4.746812516548861,4.746812516548861,4.745,4.745500000000001,4.751,4.721,4.736000000000001,NaN,NaN,NaN,NaN,NaN,NaN,NaN,NaN,NaN,NaN,4.744175000000008,4.748554212249067,4.73979578775095,4.744175000000008,4.746364606124538,4.741985393875479,4.740834626238077,4.743902144561838,4.7107509765624975,4.729653906249949,4.736984375000036,4.744175000000008,0.0031325196079026196,58.06792703366805,63.6993312652722,NaN,NaN,NaN,NaN,-0.00012668901710571542,0.0019405306031252678,0.0020672196202309832,66.79838005543813,66.26336004281454
1764837000,4.74615625827443,4.747,4.742,4.74525,4.751,4.721,4.736000000000001,NaN,NaN,NaN,NaN,NaN,NaN,NaN,NaN,NaN,NaN,4.744437500000008,4.748393113093117,4.740481886906899,4.744437500000008,4.746415306546563,4.742459693453453,4.741007778150309,4.744024676874399,4.710799804687498,4.729857812499948,4.737009375000037,4.744437500000008,0.0032659110644809963,57.11974173013076,62.93384498154957,NaN,NaN,NaN,NaN,-0.00020958626124944774,0.0018052367936691738,0.0020148230549186215,51.33137792885095,62.853100140449804
1764837900,4.745703129137215,4.747,4.745,4.7465,4.751,4.721,4.736000000000001,NaN,NaN,NaN,NaN,NaN,NaN,NaN,NaN,NaN,NaN,4.744762500000008,4.748246301792457,4.74127869820756,4.744762500000008,4.7465044008962325,4.743020599103784,4.741223159399317,4.7442497062494535,4.710853124999997,4.7300617187499485,4.737078125000037,4.744762500000008,0.003175488845589481,60.585275096846814,62.28796311846179,NaN,NaN,NaN,NaN,-0.00018915446717588736,0.0017783799709487624,0.00196753443812465,46.875000000005436,55.001585994764845
1764838800,4.746101564568608,4.749,4.746,4.74775,4.751,4.721,4.736000000000001,NaN,NaN,NaN,NaN,NaN,NaN,NaN,NaN,NaN,NaN,4.745087500000008,4.7484089266413125,4.741766073358704,4.745087500000008,4.74674821332066,4.743426786679357,4.741479113932677,4.74456791477223,4.710907031249997,4.730277343749949,4.7371906250000375,4.745087500000008,0.0031629539280473196,63.741093991928224,62.08156046697162,NaN,NaN,NaN,NaN,-0.0001045979808795023,0.001836786962025272,0.0019413849429047742,56.25000000000208,51.4854593096195
1764839700,4.746925782284304,4.747,4.744,4.74575,4.751,4.721,4.736000000000001,NaN,NaN,NaN,NaN,NaN,NaN,NaN,NaN,NaN,NaN,4.745287500000008,4.748242474609411,4.742332525390605,4.745287500000008,4.746764987304709,4.743810012695307,4.741646599660807,4.744675377065664,4.710953710937497,4.730492187499948,4.737312500000038,4.745287500000008,0.003204885790329664,56.01339597684005,61.39559634990736,NaN,NaN,NaN,NaN,-0.0001914509779845433,0.001702071220424095,0.0018935221984086384,58.33333333333426,53.81944444444728
1764840600,4.7463378911421525,4.7463378911421525,4.744,4.74475,4.751,4.721,4.736000000000001,NaN,NaN,NaN,NaN,NaN,NaN,NaN,NaN,NaN,NaN,4.7454125000000085,4.748035832786739,4.742789167213278,4.7454125000000085,4.746724166393374,4.744100833606643,4.741768301634893,4.744682160968785,4.710998632812497,4.730713281249948,4.737521875000037,4.7454125000000085,0.0031429576011741717,52.58087554965667,60.46445220233,NaN,NaN,NaN,NaN,-0.0003169331215834791,0.0014973557964292894,0.0018142889180127685,51.04166666666609,55.20833333333417
1764841500,4.745543945571076,4.745543945571076,4.741,4.7425,4.751,4.721,4.736000000000001,NaN,NaN,NaN,NaN,NaN,NaN,NaN,NaN,NaN,NaN,4.7453875000000085,4.748109975877597,4.74266502412242,4.7453875000000085,4.746748737938803,4.744026262061214,4.741796995688426,4.744483782698896,4.711047460937498,4.730927343749949,4.737740625000037,4.7453875000000085,0.0032430281704529103,45.78273469872091,58.964003180990396,NaN,NaN,NaN,NaN,-0.0005390990095955183,0.0011404151560183706,0.001679514165613889,32.638888888888665,47.337962962963026
1764842400,4.7440219727855375,4.7440219727855375,4.741,4.7425,4.751,4.721,4.736000000000001,NaN,NaN,NaN,NaN,NaN,NaN,NaN,NaN,NaN,NaN,4.745250000000008,4.748249999984379,4.742250000015638,4.745250000000008,4.746749999992193,4.743750000007823,4.741824564484958,4.744303438817178,4.711100390624997,4.731142968749948,4.737959375000037,4.745250000000008,0.003227238500101834,45.78273469872091,57.7125556249349,NaN,NaN,NaN,NaN,-0.0006653996332876097,0.0008477646240043768,0.0015131642572919865,22.569444444443644,35.41666666666615
1764843300,4.743260986392769,4.743260986392769,4.741,4.742,4.751,4.721,4.736000000000001,NaN,NaN,NaN,NaN,NaN,NaN,NaN,NaN,NaN,NaN,4.7450375000000085,4.748313454045587,4.74176154595443,4.7450375000000085,4.746675477022798,4.743399522977219,4.741831444309077,4.744094035288343,4.711154101562498,4.731376562499948,4.738128125000037,4.7450375000000085,0.0031582204924351996,44.306397253766896,56.596288703788176,NaN,NaN,NaN,NaN,-0.0007553851306750204,0.0005689328439482111,0.0013243179746232315,14.814814814815918,23.341049382716093
1764844200,4.742630493196384,4.742630493196384,4.736,4.739,4.751,4.721,4.736000000000001,NaN,NaN,NaN,NaN,NaN,NaN,NaN,NaN,NaN,NaN,4.744712500000008,4.748902592470177,4.7405224075298396,4.744712500000008,4.746807546235092,4.742617453764924,4.741720407277349,4.743630941171221,4.711208007812497,4.731596874999948,4.738268750000037,4.744712500000008,0.0034062399712887236,36.666474132621126,55.091861675545104,NaN,NaN,NaN,NaN,-0.0009757143060023373,0.0001046750921203099,0.0010803893981226472,16.402116402117656,17.928791887125755
1764845100,4.740815246598192,4.740815246598192,4.734,4.736,4.751,4.721,4.736000000000001,NaN,NaN,NaN,NaN,NaN,NaN,NaN,NaN,NaN,NaN,4.744250000000009,4.749891365072388,4.73860863492763,4.744250000000009,4.747070682536198,4.74142931746382,4.741496077580198,4.742937219246565,4.711258203124998,4.731798437499948,4.7383937500000375,4.744250000000009,0.0036497404446389652,30.92395704677631,53.334448591604236,NaN,NaN,NaN,NaN,-0.0012639665037675108,-0.0004995687315867414,0.0007643977721807694,15.013227513228307,15.410052910053972
1764846000,4.738407623299096,4.738407623299096,4.732,4.734,4.751,4.721,4.736000000000001,NaN,NaN,NaN,NaN,NaN,NaN,NaN,NaN,NaN,NaN,4.743687500000009,4.750854917587601,4.736520082412417,4.743687500000009,4.747271208793805,4.740103791206213,4.741202113753523,4.742124744769605,4.711309374999997,4.732008593749947,4.738425000000037,4.743687500000009,0.0038467320771001937,27.798277464595316,51.0054371507857,NaN,NaN,NaN,NaN,-0.0015129823804344068,-0.001126830203362239,0.0003861521770721677,15.013227513226843,15.476190476190949
1764846900,4.736203811649548,4.736203811649548,4.733,4.7345,4.751,4.721,4.736000000000001,NaN,NaN,NaN,NaN,NaN,NaN,NaN,NaN,NaN,NaN,4.743125000000008,4.751257496536375,4.734992503463641,4.743125000000008,4.747191248268192,4.739058751731824,4.740939285763189,4.741431586154186,4.711362109374997,4.732221093749947,4.738462500000037,4.743125000000008,0.003800809189417932,29.71104063112584,48.23683154527608,NaN,NaN,NaN,NaN,-0.0015613593150019013,-0.001565546966680209,-0.000004187651678307677,12.49999999999831,14.175485008817832
1764847800,4.735351905824774,4.738,4.735351905824774,4.737,4.751,4.721,4.736000000000001,NaN,NaN,NaN,NaN,NaN,NaN,NaN,NaN,NaN,NaN,4.742725000000008,4.7512277936525615,4.734222206347455,4.742725000000008,4.746976396826285,4.738473603173731,4.7407848039685545,4.741028714685624,4.711419335937498,4.732445312499948,4.738568750000037,4.742725000000008,0.003779322818745274,38.48595019083353,46.25470539258797,NaN,NaN,NaN,NaN,-0.0013502496674899361,-0.001691999736040728,-0.0003417500685507917,18.13725490195966,15.216827471728285
1764848700,4.736175952912387,4.738,4.736,4.737,4.751,4.721,4.736000000000001,NaN,NaN,NaN,NaN,NaN,NaN,NaN,NaN,NaN,NaN,4.742362500000008,4.751186437609839,4.7335385623901765,4.742362500000008,4.746774468804923,4.737950531195092,4.740636380283513,4.740662467896022,4.711477148437497,4.732667187499948,4.738596875000037,4.742362500000008,0.003652228331692088,38.48595019083353,44.85599276095694,NaN,NaN,NaN,NaN,-0.0011440322414111416,-0.0017717903703147186,-0.000627758128903577,24.237472766883872,18.291575889613963
1764849600,4.736587976456193,4.742,4.736587976456193,4.739,4.751,4.721,4.736000000000001,NaN,NaN,NaN,NaN,NaN,NaN,NaN,NaN,NaN,NaN,4.742125000000008,4.751041978183388,4.733208021816627,4.742125000000008,4.746583489091698,4.737666510908317,4.74057220850769,4.740511334450929,4.711537304687498,4.732897656249948,4.738621875000037,4.742125000000008,0.003777927989700271,44.87140470634379,43.981111544972144,NaN,NaN,NaN,NaN,-0.0008214486146540613,-0.0016545688972211536,-0.0008331202825670924,33.333333333333336,25.236020334058967
1764850500,4.737793988228097,4.739,4.734,4.7364999999999995,4.751,4.721,4.736000000000001,NaN,NaN,NaN,NaN,NaN,NaN,NaN,NaN,NaN,NaN,4.741787500000007,4.751014193608215,4.732560806391799,4.741787500000007,4.746400846804111,4.7371741531959035,4.740412514056407,4.740146667682662,4.711599999999998,4.733121093749948,4.738709375000037,4.741787500000007,0.0038652188475788154,39.3699554060475,42.46573156705791,NaN,NaN,NaN,NaN,-0.000728146514082802,-0.0017433034251705948,-0.0010151569110877928,32.35294117646936,29.9745824255622
1764851400,4.737146994114048,4.74,4.735,4.7379999999999995,4.751,4.721,4.736000000000001,NaN,NaN,NaN,NaN,NaN,NaN,NaN,NaN,NaN,NaN,4.7414500000000075,4.750712289129305,4.7321877108707096,4.7414500000000075,4.7460811445646565,4.7368188554353585,4.740317905662038,4.7399515160751475,4.711667187499997,4.733291406249948,4.738790625000038,4.7414500000000075,0.003946274644180321,43.82057687641013,41.042837487378044,NaN,NaN,NaN,NaN,-0.0005265144340253927,-0.0016732999536195337,-0.001146785519594141,35.882352941173956,33.85620915032556
1764852300,4.737573497057024,4.748,4.737573497057024,4.74475,4.751,4.721,4.736000000000001,NaN,NaN,NaN,NaN,NaN,NaN,NaN,NaN,NaN,NaN,4.741287500000007,4.75019153700194,4.732383462998075,4.741287500000007,4.745739518500973,4.736835481499042,4.740491713283134,4.740387741886498,4.7117380859374975,4.733486718749948,4.738918750000038,4.741287500000007,0.0044091480940942965,58.561733168343,41.2248615724854,NaN,NaN,NaN,NaN,0.00006868965959690838,-0.0010609234450980054,-0.0011296131046949138,48.71936274509486,38.984885620912735
1764853200,4.741161748528512,4.752,4.741161748528512,4.7485,4.751,4.721,4.736000000000001,NaN,NaN,NaN,NaN,NaN,NaN,NaN,NaN,NaN,NaN,4.741337500000007,4.750390503641694,4.732284496358321,4.741337500000007,4.745864001820851,4.7368109981791635,4.740805763742619,4.741125219896817,4.711811328124997,4.7336890624999475,4.738971875000038,4.741337500000007,0.004868369763908115,64.1843589822332,42.053681817669435,NaN,NaN,NaN,NaN,0.0006877659353671182,-0.000269905685486016,-0.0009576716208531342,67.39583333333142,50.66584967320009
1764854100,4.744830874264256,4.753,4.744830874264256,4.751250000000001,4.751,4.721,4.736000000000001,4.751,NaN,NaN,NaN,NaN,NaN,NaN,NaN,NaN,NaN,4.741625000000008,4.751515020217493,4.731734979782523,4.741625000000008,4.7465700101087505,4.7366799898912655,4.7412153416350655,4.742045654451651,4.711890039062498,4.733908593749947,4.739015625000038,4.741625000000008,0.005104138047610687,67.65082479267883,43.61568825295215,NaN,NaN,NaN,NaN,0.001223966609570488,0.0005722866411099758,-0.0006516799684605121,84.61805555555566,66.91108387799399
1764855000,4.748040437132128,4.768,4.748040437132128,4.76025,4.751,4.721,4.736000000000001,NaN,NaN,NaN,NaN,NaN,NaN,NaN,NaN,NaN,NaN,4.742375000000008,4.755115192302714,4.729634807697302,4.742375000000008,4.748745096151361,4.736004903848655,4.741961798825847,4.743700594956047,4.711976171874997,4.734149999999948,4.739187500000038,4.742375000000008,0.006165239820486459,75.87900663321702,45.76542196255901,NaN,NaN,NaN,NaN,0.002076184668282291,0.0019435508668923518,-0.00013263380138993938,84.21296296296413,78.74228395061708
1764855900,4.754145218566064,4.757,4.747,4.752,4.751,4.721,4.736000000000001,NaN,NaN,NaN,NaN,NaN,NaN,NaN,NaN,NaN,NaN,4.742650000000007,4.755959207336668,4.729340792663347,4.742650000000007,4.749304603668338,4.735995396331677,4.742355453773853,4.744455086323679,4.712052734374997,4.734360156249948,4.739271875000038,4.742650000000007,0.0066712941190231545,60.65011153454366,46.93283012547164,NaN,NaN,NaN,NaN,0.0019762148767854025,0.002337634794591814,0.00036141991780641136,75.23148148148232,81.35416666666738
1764856800,4.753072609283032,4.753072609283032,4.739,4.742,4.751,4.721,4.736000000000001,NaN,NaN,4.751,NaN,NaN,NaN,NaN,NaN,NaN,NaN,4.742362500000008,4.7554654338287845,4.729259566171231,4.742362500000008,4.748913966914396,4.73581103308562,4.742341514410173,4.74423189665789,4.712116796874997,4.734532812499948,4.739218750000038,4.742362500000008,0.007199959487880969,48.059272182869016,47.74660141477506,NaN,NaN,NaN,NaN,0.0011684876642524193,0.0018220294981219354,0.0006535418338695162,53.93518518518511,71.1265432098772
1764857700,4.747536304641516,4.747536304641516,4.738,4.7395,4.751,4.721,4.736000000000001,NaN,NaN,NaN,NaN,NaN,NaN,NaN,NaN,NaN,NaN,4.742050000000008,4.7551129246307315,4.728987075369284,4.742050000000008,4.74858146231537,4.735518537684646,4.742230082472519,4.743801724234445,4.712178124999998,4.734691406249947,4.739165625000039,4.742050000000008,0.007366841284569138,45.515339818906114,48.788843041355754,NaN,NaN,NaN,NaN,0.0004354634658252749,0.0011978711661511099,0.000762407700325835,34.722222222221475,54.629629629629655
1764858600,4.743518152320758,4.747,4.739,4.743,4.751,4.721,4.736000000000001,NaN,NaN,NaN,NaN,NaN,NaN,NaN,NaN,NaN,NaN,4.741962500000008,4.754975258159397,4.728949741840618,4.741962500000008,4.748468879079702,4.735456120920313,4.742260275316734,4.743728840213132,4.712242187499998,4.734856249999948,4.739203125000039,4.741962500000008,0.0074120669070999136,49.542224477361096,50.341982113696176,NaN,NaN,NaN,NaN,0.00016960148273031678,0.000974409553738731,0.0008048080710084142,25.72751322751326,38.12830687830664
1764859500,4.7432590761603795,4.75,4.7432590761603795,4.747000000000001,4.751,4.721,4.736000000000001,NaN,NaN,NaN,NaN,NaN,NaN,NaN,NaN,NaN,NaN,4.742187500000008,4.755383972062551,4.728991027937465,4.742187500000008,4.748785736031279,4.735589263968737,4.742446146872941,4.744026218375574,4.712308984374997,4.735030468749947,4.739328125000038,4.742187500000008,0.007382633556592753,53.74938503048748,52.05900671365057,NaN,NaN,NaN,NaN,0.00024200692606330743,0.0011073167285875485,0.000865309802524241,29.213352007470622,29.88769581906848
1764860400,4.745129538080191,4.755,4.744,4.749499999999999,4.751,4.721,4.736000000000001,NaN,NaN,NaN,NaN,NaN,NaN,NaN,NaN,NaN,NaN,4.742537500000007,4.756114387526959,4.728960612473055,4.742537500000007,4.749325943763483,4.735749056236531,4.742722768564198,4.744523834886886,4.712381054687497,4.735209374999948,4.739503125000039,4.742537500000007,0.007641016873978994,56.20708862403136,53.32480231602185,NaN,NaN,NaN,NaN,0.0004263581475036543,0.001398257486903809,0.0009718993394001546,37.46498599439871,30.801950409794227
1764861300,4.747314769040095,4.755,4.747314769040095,4.752750000000001,4.751,4.721,4.736000000000001,4.751,NaN,NaN,NaN,NaN,NaN,NaN,NaN,NaN,NaN,4.743075000000007,4.757357069175588,4.728792930824427,4.743075000000007,4.7502160345877975,4.735933965412217,4.743115993326386,4.7452716680789875,4.712458007812497,4.735396874999948,4.739740625000039,4.743075000000007,0.007644175022973703,59.23944420112016,54.80719474532803,NaN,NaN,NaN,NaN,0.0007181023096599105,0.0018695272264750429,0.0011514249168151323,46.323529411765854,37.66728913787842
1764862200,4.750032384520048,4.754,4.750032384520048,4.7524999999999995,4.751,4.721,4.736000000000001,NaN,NaN,NaN,NaN,NaN,NaN,NaN,NaN,NaN,NaN,4.7437500000000075,4.758467336713239,4.729032663286776,4.7437500000000075,4.751108668356623,4.736391331643392,4.743483993588097,4.745928789162716,4.712530664062497,4.735580468749948,4.739996875000039,4.7437500000000075,0.007381563627043562,58.90157813947286,55.80934999055154,NaN,NaN,NaN,NaN,0.000836866051662047,0.002197507481392691,0.001360641429730644,51.71568627450973,45.16806722689146
1764863100,4.751266192260024,4.759,4.751266192260024,4.75625,4.751,4.721,4.736000000000001,NaN,NaN,NaN,NaN,NaN,NaN,NaN,NaN,NaN,NaN,4.744762500000007,4.759985406257459,4.7295395937425555,4.744762500000007,4.752373953128734,4.737151046871281,4.743984621290524,4.746867081057014,4.712602539062497,4.735781249999947,4.740287500000039,4.744762500000007,0.007406723920824467,62.368624358299975,57.45211205856957,NaN,NaN,NaN,NaN,0.0010943464941540904,0.002728574547423257,0.0016342280532691666,57.98425430778381,52.00782333135316
1764864000,4.753758096130012,4.762,4.753758096130012,4.75975,4.751,4.721,4.736000000000001,NaN,NaN,NaN,NaN,NaN,NaN,NaN,NaN,NaN,NaN,4.746050000000007,4.761761938133439,4.730338061866576,4.746050000000007,4.753905969066723,4.7381940309332915,4.744602871435994,4.748038255506377,4.712675781249997,4.735990624999948,4.740625000000039,4.746050000000007,0.007466379631478982,65.31006089710526,58.98707520290493,NaN,NaN,NaN,NaN,0.0014068256738842726,0.003392760145624507,0.0019859344717402345,63.897061613950406,57.865667398748
1764864900,4.756754048065006,4.759,4.755,4.75725,4.751,4.721,4.736000000000001,NaN,NaN,NaN,NaN,NaN,NaN,NaN,NaN,NaN,NaN,4.747187500000008,4.762682559693941,4.731692440306075,4.747187500000008,4.754935029846974,4.739439970153041,4.7450988372620335,4.748875686823979,4.712746289062498,4.736192187499948,4.740984375000038,4.747187500000008,0.007272352514944803,61.60591206923094,59.20451655296836,NaN,NaN,NaN,NaN,0.001351283898475312,0.0036750393448343743,0.0023237554463590624,67.14869560087884,63.01000384087104
1764865800,4.757002024032503,4.762,4.757002024032503,4.760249999999999,4.751,4.721,4.736000000000001,NaN,NaN,NaN,NaN,NaN,NaN,NaN,NaN,NaN,NaN,4.748350000000007,4.764099920632152,4.732600079367863,4.748350000000007,4.7562249603160796,4.740475039683935,4.74569300050666,4.749909715294526,4.712821289062498,4.736401562499948,4.7414218750000385,4.748350000000007,0.007109897047269925,64.22783259205971,59.207621810813116,NaN,NaN,NaN,NaN,0.0014159026114379655,0.004093633710656519,0.0026777310992185535,70.40627135845409,67.15067619109448
1764866700,4.758626012016251,4.761,4.754,4.7575,4.751,4.721,4.736000000000001,NaN,NaN,NaN,NaN,NaN,NaN,NaN,NaN,NaN,NaN,4.749375000000007,4.764699408632828,4.734050591367185,4.749375000000007,4.7570372043164175,4.741712795683596,4.7461560200946336,4.750599741176842,4.712894921874997,4.736599999999948,4.741843750000038,4.749375000000007,0.007102047258179257,60.17142499903672,58.6733789684101,NaN,NaN,NaN,NaN,0.001182269475494901,0.0041555679435871795,0.0029732984680922786,67.77777777777719,68.4442482457034
1764867600,4.7580630060081255,4.7580630060081255,4.753,4.7565,4.751,4.721,4.736000000000001,NaN,NaN,NaN,NaN,NaN,NaN,NaN,NaN,NaN,NaN,4.7502500000000065,4.765095874847082,4.735404125152931,4.7502500000000065,4.7576729374235445,4.742827062576469,4.746561666365432,4.7511361283425835,4.712968749999997,4.736787499999948,4.742234375000039,4.7502500000000065,0.0069564014546039795,58.719146054656434,57.44767464137006,NaN,NaN,NaN,NaN,0.0008829315741995364,0.004076962935841699,0.003194031361642163,72.08333333333304,70.08912748985479
1764868500,4.757281503004062,4.76,4.756,4.7575,4.751,4.721,4.736000000000001,NaN,NaN,NaN,NaN,NaN,NaN,NaN,NaN,NaN,NaN,4.751300000000007,4.765036447865413,4.737563552134601,4.751300000000007,4.75816822393271,4.744431776067303,4.746990620625611,4.751714662129621,4.713044726562497,4.736973437499947,4.742643750000039,4.751300000000007,0.006745229922132235,59.7649469417668,57.38444859902886,NaN,NaN,NaN,NaN,0.0006837259342920769,0.004048688779507259,0.003364962845215182,74.44444444444578,71.43518518518536
1764869400,4.757390751502031,4.758,4.755,4.756749999999999,4.751,4.721,4.736000000000001,NaN,NaN,NaN,NaN,NaN,NaN,NaN,NaN,NaN,NaN,4.752237500000007,4.764716958119033,4.739758041880981,4.752237500000007,4.75847722905952,4.745997770940494,4.747373341385391,4.752172420117837,4.713117578124997,4.737152343749948,4.7430281250000395,4.752237500000007,0.006477713499122797,58.56656289946157,58.13496936449975,NaN,NaN,NaN,NaN,0.00044448468336592524,0.0039205686994225886,0.0034760840160566633,78.81944444444494,75.11574074074129
1764870300,4.757070375751015,4.758,4.755,4.75625,4.751,4.721,4.736000000000001,NaN,NaN,NaN,NaN,NaN,NaN,NaN,NaN,NaN,NaN,4.752812500000006,4.7649129906920145,4.740712009307998,4.752812500000006,4.75886274534601,4.746762254654002,4.747721445644787,4.752543109198034,4.713189257812497,4.737328124999948,4.7434000000000385,4.752812500000006,0.006229305392042605,57.73540201314596,59.007830949802596,NaN,NaN,NaN,NaN,0.0002076326542227976,0.0037356248338351605,0.003527992179612363,78.12500000000023,77.12962962963034
1764871200,4.756660187875507,4.758,4.756,4.757,4.751,4.721,4.736000000000001,NaN,NaN,NaN,NaN,NaN,NaN,NaN,NaN,NaN,NaN,4.753237500000006,4.76529929402016,4.7411757059798525,4.753237500000006,4.759268397010083,4.747206602989929,4.748085310521462,4.752948281089122,4.713264257812497,4.737500781249948,4.743759375000039,4.753237500000006,0.005927212149753831,58.6826075071426,59.660715451929846,NaN,NaN,NaN,NaN,0.00006399316070750723,0.003607983630496747,0.00354399046978924,75.48180625496573,77.47541689980365
1764872100,4.7568300939377535,4.758,4.755,4.757,4.751,4.721,4.736000000000001,NaN,NaN,NaN,NaN,NaN,NaN,NaN,NaN,NaN,NaN,4.753525000000007,4.765657497680042,4.741392502319972,4.753525000000007,4.7595912488400245,4.747458751159989,4.7484349061872875,4.753316619171929,4.713336914062497,4.737671093749948,4.744106250000039,4.753525000000007,0.005718125567628566,58.6826075071426,60.01308848597664,NaN,NaN,NaN,NaN,-0.00006170180292162713,0.003466863216137206,0.003528565019058833,73.51421366237378,75.70700663911327
1764873000,4.756915046968876,4.758,4.756915046968876,4.75725,4.751,4.721,4.736000000000001,NaN,NaN,NaN,NaN,NaN,NaN,NaN,NaN,NaN,NaN,4.753375000000007,4.765242497627023,4.741507502372992,4.753375000000007,4.759308748813515,4.747441251186499,4.748780596140727,4.753674199247208,4.713409960937497,4.737844531249949,4.744475000000039,4.753375000000007,0.005387184672163946,59.037504228780264,60.21526102917299,NaN,NaN,NaN,NaN,-0.00015346529832206256,0.003336733396156255,0.0034901986944783176,71.06573949362418,73.35391980365459
1764873900,4.7570825234844385,4.761,4.7570825234844385,4.75875,4.751,4.721,4.736000000000001,NaN,NaN,NaN,NaN,NaN,NaN,NaN,NaN,NaN,NaN,4.753712500000007,4.765786516520976,4.741638483479038,4.753712500000007,4.759749508260491,4.747675491739523,4.749171553154816,4.7541356356792805,4.713481249999997,4.738021093749948,4.744862500000039,4.753712500000007,0.005282205518120924,61.19143903775671,60.35468923178989,NaN,NaN,NaN,NaN,-0.00013902895450810995,0.00331641250134318,0.00345544145585129,70.90672617913141,71.82889311170982
1764874800,4.757916261742219,4.761,4.757,4.75925,4.751,4.721,4.736000000000001,NaN,NaN,NaN,NaN,NaN,NaN,NaN,NaN,NaN,NaN,4.754575000000006,4.765597817242673,4.743552182757339,4.754575000000006,4.76008640862134,4.749063591378673,4.749566786364431,4.754600577890255,4.713552539062498,4.738204687499949,4.745243750000039,4.754575000000006,0.005190619409683747,61.91041734636829,60.5696063179967,NaN,NaN,NaN,NaN,-0.00012228617461297261,0.003302583737585074,0.003424869912198047,71.62599023004806,71.19948530093457
1764875700,4.758583130871109,4.766,4.758583130871109,4.763999999999999,4.751,4.721,4.736000000000001,NaN,NaN,NaN,NaN,NaN,NaN,NaN,NaN,NaN,NaN,4.755800000000006,4.765170965797197,4.746429034202815,4.755800000000006,4.760485482898601,4.751114517101411,4.750132794742297,4.755455070809322,4.713628124999998,4.738411718749949,4.745671875000039,4.755800000000006,0.005349637246769959,67.97951873224262,60.97038448756403,NaN,NaN,NaN,NaN,0.00016652833669973666,0.0036330303330727176,0.003466501996372981,77.27959260392409,73.27076967103454
1764876600,4.761291565435554,4.766,4.761291565435554,4.76425,4.751,4.721,4.736000000000001,NaN,NaN,NaN,NaN,NaN,NaN,NaN,NaN,NaN,NaN,4.756862500000006,4.764913082275716,4.748811917724296,4.756862500000006,4.76088779113786,4.752837208862151,4.7506864106347555,4.756254609826657,4.7137021484374975,4.738612499999948,4.746093750000039,4.756862500000006,0.005303837055175368,68.26611629099172,61.18153130141307,NaN,NaN,NaN,NaN,0.0003231729654891713,0.003870468203234445,0.0035472952377452738,81.84462017627014,76.91673433674747
1764877500,4.7627707827177765,4.767,4.7627707827177765,4.765000000000001,4.751,4.721,4.736000000000001,NaN,NaN,NaN,NaN,NaN,NaN,NaN,NaN,NaN,NaN,4.757762500000006,4.765203056091883,4.75032194390813,4.757762500000006,4.761482778045945,4.754042221954068,4.751247727864765,4.757049645296961,4.7137746093749975,4.7388085937499485,4.746543750000039,4.757762500000006,0.0052270784999645424,69.15796980487416,61.720963996816145,NaN,NaN,NaN,NaN,0.0004199367575348223,0.004072216184663802,0.0036522794271289793,85.6227106227085,81.5823078009676
1764878400,4.7638853913588886,4.769,4.7638853913588886,4.76675,4.751,4.721,4.736000000000001,NaN,NaN,NaN,NaN,NaN,NaN,NaN,NaN,NaN,NaN,4.7586250000000065,4.766033609853187,4.751216390146826,4.7586250000000065,4.762329304926596,4.754920695073417,4.751855660105362,4.7579314957245105,4.713850390624998,4.739004687499948,4.74687500000004,4.7586250000000065,0.005219044938617902,71.19238274162373,62.21843186464215,NaN,NaN,NaN,NaN,0.0005369564263228098,0.004323474960032492,0.003786518533709682,86.06341575091521,84.51024884996464
1764879300,4.765317695679444,4.766,4.764,4.76525,4.751,4.721,4.736000000000001,NaN,NaN,NaN,NaN,NaN,NaN,NaN,NaN,NaN,NaN,4.759250000000007,4.766679670244003,4.75182032975601,4.759250000000007,4.7629648351220055,4.755535164878008,4.752380928336525,4.75859681429501,4.713925781249998,4.739199218749949,4.747178125000039,4.759250000000007,0.005042684585859466,67.1063870712519,62.71378629837181,NaN,NaN,NaN,NaN,0.00045190648210990513,0.004351401636347063,0.003899495154237158,82.73809523809537,84.80807387057305
1764880200,4.765283847839722,4.766,4.764,4.765,4.751,4.721,4.736000000000001,NaN,NaN,NaN,NaN,NaN,NaN,NaN,NaN,NaN,NaN,4.759875000000006,4.7670260488707585,4.752723951129254,4.759875000000006,4.763450524435383,4.75629947556463,4.752875793891955,4.759178922086373,4.714000976562497,4.739379687499949,4.7474718750000395,4.759875000000006,0.004825349972583774,66.42214355097934,63.26400040525202,NaN,NaN,NaN,NaN,0.00032340377130859153,0.004303749868372897,0.0039803460970643054,77.97619047618909,82.25923382173325
1764881100,4.765141923919861,4.765141923919861,4.762,4.7635,4.751,4.721,4.736000000000001,NaN,NaN,NaN,NaN,NaN,NaN,NaN,NaN,NaN,NaN,4.760237500000007,4.7673517023393925,4.753123297660621,4.760237500000007,4.7637946011697,4.756680398830314,4.7532924294256045,4.759571747351248,4.7140753906249975,4.739574999999949,4.74774687500004,4.760237500000007,0.004705105254532204,62.31645936720141,63.44625129278307,NaN,NaN,NaN,NaN,0.00009389285028539758,0.004097712159921052,0.004003819309635654,69.56845238095019,76.76091269841157
1764882000,4.76432096195993,4.76432096195993,4.761,4.7615,4.751,4.721,4.736000000000001,NaN,NaN,NaN,NaN,NaN,NaN,NaN,NaN,NaN,NaN,4.760325000000007,4.7674560938799635,4.7531939061200505,4.760325000000007,4.763890546939986,4.756759453060028,4.753614294938326,4.7597470430465885,4.714148046874998,4.739773437499949,4.748015625000039,4.760325000000007,0.004606237876346326,57.236404348623296,63.35123996772319,NaN,NaN,NaN,NaN,-0.00021901955102839737,0.0037300448708501577,0.003949064421878555,59.523809523807245,69.02281746031552
1764882900,4.762910480979965,4.762910480979965,4.759,4.76,4.751,4.721,4.736000000000001,NaN,NaN,NaN,NaN,NaN,NaN,NaN,NaN,NaN,NaN,4.760462500000007,4.767455845044333,4.753469154955681,4.760462500000007,4.76395917252217,4.756965827477845,4.753864714744666,4.7597700391332625,4.714219531249998,4.739961718749949,4.748265625000039,4.760462500000007,0.004556540955176204,53.70058086489361,63.06303845713374,NaN,NaN,NaN,NaN,-0.0005353949775245225,0.003279820699972902,0.0038152156774974243,47.619047619045794,58.90376984126777
1764883800,4.761455240489982,4.761455240489982,4.758,4.759,4.751,4.721,4.736000000000001,NaN,NaN,NaN,NaN,NaN,NaN,NaN,NaN,NaN,NaN,4.760400000000006,4.767422107942189,4.753377892057823,4.760400000000006,4.763911053971098,4.756888946028914,4.75406609848017,4.759700035575693,4.7142892578124975,4.7401382812499495,4.74849687500004,4.760400000000006,0.004477876636233787,51.42000878244958,62.54428140536995,NaN,NaN,NaN,NaN,-0.0008042269331105479,0.0028099320111092396,0.0036141589442197876,36.904761904761976,48.0158730158717
1764884700,4.760227620244992,4.760227620244992,4.757,4.758,4.751,4.721,4.736000000000001,NaN,NaN,NaN,NaN,NaN,NaN,NaN,NaN,NaN,NaN,4.760425000000007,4.767409089053917,4.753440910946097,4.760425000000007,4.763917044526962,4.756932955473052,4.7542203691280065,4.759545486886994,4.7143582031249975,4.740309374999949,4.748718750000039,4.760425000000007,0.004388572608287953,49.17116146572069,61.86489240241125,NaN,NaN,NaN,NaN,-0.001027333951005357,0.0023299915054630915,0.0033573254564684485,24.421144171247978,36.314984565018605
1764885600,4.759113810122496,4.759113810122496,4.755,4.75725,4.751,4.721,4.736000000000001,NaN,NaN,NaN,NaN,NaN,NaN,NaN,NaN,NaN,NaN,4.760462500000006,4.767369516356713,4.753555483643299,4.760462500000006,4.763916008178359,4.757008991821653,4.7543391781818105,4.759336806260904,4.7144275390624975,4.7404781249999495,4.748953125000039,4.760462500000006,0.004368946716445703,47.49348650363281,61.04031970775786,NaN,NaN,NaN,NaN,-0.0011917899074128943,0.0018675880722023308,0.003059377979615225,17.873525123629495,26.399810399879836
1764892800,4.758181905061248,4.759,4.758,4.7585,4.769,4.732,4.750500000000001,NaN,NaN,NaN,NaN,NaN,NaN,NaN,NaN,NaN,NaN,4.760512500000006,4.767347108616752,4.75367789138326,4.760512500000006,4.763929804308379,4.757095195691633,4.754502347664877,4.759260732964457,4.714498437499998,4.740652343749949,4.74919375000004,4.760512500000006,0.004181879093842465,50.52340267676634,60.278317110544265,NaN,NaN,NaN,NaN,-0.0011805118038460856,0.0015837382248076182,0.0027642500286537038,16.68304893315187,19.659239409343133
1764893700,4.758340952530624,4.759,4.757,4.7585,4.769,4.732,4.750500000000001,NaN,NaN,NaN,NaN,NaN,NaN,NaN,NaN,NaN,NaN,4.7606000000000055,4.767282813776547,4.753917186223464,4.7606000000000055,4.763941406888277,4.757258593111734,4.754659118344685,4.759191575422234,4.714569140624999,4.74082734374995,4.74943125000004,4.7606000000000055,0.00402603058713948,50.52340267676634,59.46495891985841,NaN,NaN,NaN,NaN,-0.0011367596674247164,0.001343300444372808,0.0024800601117975244,22.02380952380857,18.86012786019667
1764894600,4.758420476265312,4.758420476265312,4.755,4.7565,4.769,4.732,4.750500000000001,NaN,NaN,NaN,NaN,NaN,NaN,NaN,NaN,NaN,NaN,4.760612500000006,4.767263580735949,4.753961419264063,4.760612500000006,4.763938040367977,4.757286959632035,4.754731309782149,4.758946886747485,4.714638476562499,4.741002343749949,4.749618750000041,4.760612500000006,0.003988456973772363,45.63664818261538,57.869039594885045,NaN,NaN,NaN,NaN,-0.0011999914180357086,0.000980070839252889,0.0021800622572885975,20.238095238094246,19.648317898351586
1764895500,4.757460238132656,4.757460238132656,4.752,4.7532499999999995,4.769,4.732,4.750500000000001,NaN,NaN,NaN,NaN,NaN,NaN,NaN,NaN,NaN,NaN,4.760425000000006,4.767658774945218,4.753191225054794,4.760425000000006,4.7640418874726125,4.756808112527399,4.754673219202457,4.758428987952259,4.7147046874999985,4.741165624999949,4.7497437500000395,4.760425000000006,0.004093584199406913,39.030216632904946,55.78076104787884,NaN,NaN,NaN,NaN,-0.0014040009401614048,0.0004250610820868417,0.0018290620222482464,14.355742296917766,18.872549019606883
1764896400,4.755355119066328,4.755355119066328,4.75,4.75075,4.769,4.732,4.750500000000001,NaN,NaN,NaN,NaN,NaN,NaN,NaN,NaN,NaN,NaN,4.760112500000006,4.768377599814329,4.751847400185683,4.760112500000006,4.764245049907168,4.755979950092844,4.754519367469027,4.757730898138417,4.714768749999999,4.741317187499949,4.74985937500004,4.760112500000006,0.004183693832758429,34.850872044567026,53.33025406499976,NaN,NaN,NaN,NaN,-0.0016344894758871093,-0.0002140498226106402,0.001420439653276469,7.338198437269212,13.977345324093767
1764897300,4.753052559533164,4.753052559533164,4.748,4.75,4.769,4.732,4.750500000000001,NaN,NaN,NaN,NaN,NaN,NaN,NaN,NaN,NaN,NaN,4.759750000000006,4.769055912097948,4.750444087902063,4.759750000000006,4.7644029560489765,4.755097043951035,4.754342137372202,4.757028089216743,4.714831640624999,4.741467968749949,4.7499843750000394,4.759750000000006,0.004245755668501674,33.68552189310239,50.651192575819664,NaN,NaN,NaN,NaN,-0.0017540857106272834,-0.0007721674850076354,0.000981918225619648,7.470473569543903,9.721471434576985
1764898200,4.751526279766582,4.751526279766582,4.747,4.7485,4.769,4.732,4.750500000000001,NaN,NaN,NaN,NaN,NaN,NaN,NaN,NaN,NaN,NaN,4.7592375000000064,4.769757094808154,4.748717905191859,4.7592375000000064,4.76449729740408,4.753977702595933,4.754113033945841,4.756252808378858,4.714890820312499,4.741614843749948,4.750090625000039,4.7592375000000064,0.004265793104078819,31.42245408570608,48.102340219709255,NaN,NaN,NaN,NaN,-0.0018417726989158015,-0.0013202976480251039,0.0005214750508906977,7.651072124756081,7.486581377189755
1764899100,4.750013139883291,4.750013139883291,4.747,4.7475000000000005,4.769,4.732,4.750500000000001,NaN,NaN,NaN,NaN,NaN,NaN,NaN,NaN,NaN,NaN,4.758650000000006,4.770347649335576,4.7469523506644355,4.758650000000006,4.764498824667791,4.752801175332221,4.753853699281298,4.755457098526235,4.714947851562498,4.741754687499949,4.750168750000039,4.758650000000006,0.004176317874022538,29.976582160127094,45.499085834648376,NaN,NaN,NaN,NaN,-0.0018687562884491548,-0.001814470309670746,0.00005428597877840896,7.253965076392809,7.458503590230954
1764900000,4.748756569941646,4.749,4.748756569941646,4.749,4.769,4.732,4.750500000000001,NaN,NaN,NaN,NaN,NaN,NaN,NaN,NaN,NaN,NaN,4.7579000000000065,4.770044340243204,4.745755659756809,4.7579000000000065,4.763972170121606,4.751827829878407,4.753663358133012,4.754870089569304,4.7150054687499985,4.741892968749949,4.75025937500004,4.7579000000000065,0.003985152311592298,34.82132983109034,43.53514801064044,NaN,NaN,NaN,NaN,-0.0016924742061764217,-0.002061306778942118,-0.00036883257276569645,7.399162306764853,7.434733169304605
1764900900,4.748878284970823,4.749,4.748,4.7485,4.769,4.732,4.750500000000001,NaN,NaN,NaN,NaN,NaN,NaN,NaN,NaN,NaN,NaN,4.757112500000007,4.769546802349513,4.744678197650501,4.757112500000007,4.76332965117476,4.750895348825254,4.7534608735003445,4.754290990517549,4.715061132812499,4.742025781249948,4.7503375000000405,4.757112500000007,0.0037719271464785225,33.97744722954069,41.87379393070597,NaN,NaN,NaN,NaN,-0.001521807973336974,-0.002271092539436914,-0.0007492845660999401,7.9101659163261715,7.521097766494635
1764901800,4.748689142485412,4.749,4.748689142485412,4.749,4.769,4.732,4.750500000000001,NaN,NaN,NaN,NaN,NaN,NaN,NaN,NaN,NaN,NaN,4.756312500000006,4.768672592028444,4.743952407971569,4.756312500000006,4.762492546014225,4.750132453985787,4.7532859372846445,4.75380999137959,4.715116601562499,4.742167187499949,4.75041250000004,4.756312500000006,0.0035382180645871794,35.656732486868336,40.584947617989876,NaN,NaN,NaN,NaN,-0.0012963220800447043,-0.0023696871661558205,-0.0010733650861111162,11.603421058758528,8.970916427283184
1764902700,4.748844571242706,4.749,4.748,4.7485,4.769,4.732,4.750500000000001,NaN,NaN,NaN,NaN,NaN,NaN,NaN,NaN,NaN,NaN,4.755400000000006,4.767226242005047,4.743573757994965,4.755400000000006,4.761313121002527,4.749486878997486,4.7530982534695605,4.753327264890537,4.715171679687499,4.7423007812499485,4.75045312500004,4.755400000000006,0.0033569167742594844,34.70607867654975,39.391095467568455,NaN,NaN,NaN,NaN,-0.0011091597123164612,-0.0024598147265066928,-0.0013506550141902315,11.534489542759864,10.349358839281521
1764903600,4.748672285621353,4.749,4.747,4.74775,4.769,4.732,4.750500000000001,NaN,NaN,NaN,NaN,NaN,NaN,NaN,NaN,NaN,NaN,4.754525000000006,4.765887108077507,4.7431628919225055,4.754525000000006,4.760206054038757,4.748843945961256,4.752888518039382,4.752820240809579,4.715227539062499,4.742453124999949,4.75047187500004,4.754525000000006,0.0032599941475266484,33.27306732182163,38.2555173144328,NaN,NaN,NaN,NaN,-0.000969255565158772,-0.0025622244706386965,-0.0015929689054799245,10.455667251774251,11.197859284430882
1764904500,4.748211142810677,4.75,4.748,4.74925,4.769,4.732,4.750500000000001,NaN,NaN,NaN,NaN,NaN,NaN,NaN,NaN,NaN,NaN,4.753737500000006,4.764236874980172,4.74323812501984,4.753737500000006,4.758987187490089,4.748487812509923,4.752745831057445,4.752495673463254,4.715284960937499,4.742607031249949,4.750518750000039,4.753737500000006,0.0031878517084176082,38.72259806889026,37.62902528337977,NaN,NaN,NaN,NaN,-0.000720507088602287,-0.002493602766232783,-0.0017730956776304961,12.093729684020927,11.361295492851681
1764905400,4.748730571405338,4.753,4.748730571405338,4.75175,4.769,4.732,4.750500000000001,NaN,NaN,NaN,NaN,NaN,NaN,NaN,NaN,NaN,NaN,4.753150000000006,4.7626676152465395,4.7436323847534725,4.753150000000006,4.757908807623273,4.748391192376739,4.752706778859114,4.752427884966594,4.7153445312499995,4.742744531249949,4.7506000000000395,4.753150000000006,0.003265107200292196,46.55662806743257,37.345684239855935,NaN,NaN,NaN,NaN,-0.00035111705600724373,-0.002211991997639551,-0.001860874941632307,21.508204710389474,14.685867215394884
1764906300,4.750240285702669,4.753,4.750240285702669,4.7524999999999995,4.769,4.732,4.750500000000001,NaN,NaN,NaN,NaN,NaN,NaN,NaN,NaN,NaN,NaN,4.752700000000006,4.7614129214370475,4.743987078562965,4.752700000000006,4.757056460718527,4.7483435392814854,4.752698669884246,4.752434440878722,4.715406640625,4.742851562499949,4.750690625000039,4.752700000000006,0.003229007707223525,48.67648811868107,37.21376177142127,NaN,NaN,NaN,NaN,-0.000036355914085399454,-0.0019063198342390564,-0.001869963920153657,35.49748190752996,23.03313876731345
1764907200,4.751370142851334,4.753,4.751,4.752000000000001,4.769,4.732,4.750500000000001,NaN,NaN,NaN,NaN,NaN,NaN,NaN,NaN,NaN,NaN,4.752300000000006,4.760344563380283,4.74425543661973,4.752300000000006,4.756322281690145,4.7482777183098674,4.752671271065257,4.752394946253384,4.715469140624999,4.742935937499949,4.75076875000004,4.752300000000006,0.003141221442421829,47.32867068333341,37.33462052147256,NaN,NaN,NaN,NaN,0.0001479753810329997,-0.0016849946938624072,-0.0018329700748954069,45.18083491087831,34.06217384293258
1764908100,4.751685071425667,4.754,4.751685071425667,4.753,4.769,4.732,4.750500000000001,NaN,NaN,NaN,NaN,NaN,NaN,NaN,NaN,NaN,NaN,4.752000000000006,4.759448154132551,4.744551845867461,4.752000000000006,4.7557240770662785,4.7482759229337335,4.752684162396031,4.75244995113944,4.715533203125,4.742999999999949,4.7508687500000395,4.752000000000006,0.0030822005232725726,50.29311346989697,38.13911315268627,NaN,NaN,NaN,NaN,0.00033628205383852807,-0.001412617507597247,-0.001748899561435775,55.923811155747046,45.53404265805177
1764909000,4.752342535712834,4.757,4.752342535712834,4.7555,4.769,4.732,4.750500000000001,NaN,NaN,NaN,NaN,NaN,NaN,NaN,NaN,NaN,NaN,4.751875000000006,4.758992759477046,4.744757240522967,4.751875000000006,4.7554338797385265,4.748316120261486,4.752794587400109,4.752727228308581,4.7156062499999996,4.7430468749999495,4.75100937500004,4.751875000000006,0.0031947193635506713,56.833982696539834,39.7093353421129,NaN,NaN,NaN,NaN,0.0006121691103151115,-0.0009836881735418856,-0.0015958572838569972,68.20410702599538,56.436251030873585
1764909900,4.753921267856416,4.757,4.753921267856416,4.7565,4.769,4.732,4.750500000000001,NaN,NaN,NaN,NaN,NaN,NaN,NaN,NaN,NaN,NaN,4.751837500000006,4.758848696401436,4.744826303598576,4.751837500000006,4.75534309820072,4.7483319017992915,4.752939897698144,4.753070207553256,4.71568359375,4.743095312499949,4.75116875000004,4.751837500000006,0.0031864345621244413,59.14956521868968,41.52819557965485,NaN,NaN,NaN,NaN,0.0008313656462218802,-0.0005566502260796469,-0.001388015872301527,83.93742068931459,69.35511295701902
1764910800,4.755210633928208,4.758,4.755210633928208,4.75725,4.769,4.732,4.750500000000001,NaN,NaN,NaN,NaN,NaN,NaN,NaN,NaN,NaN,NaN,4.751775000000006,4.758566354798221,4.74498364520179,4.751775000000006,4.755170677399113,4.748379322600898,4.753108921317825,4.753450188684778,4.7157611328125,4.743137499999949,4.751343750000039,4.751775000000006,0.0031580725271007216,60.84601197178561,43.629878285803386,NaN,NaN,NaN,NaN,0.0009856897510668523,-0.00015590368346796168,-0.001141593434534814,91.06060606060659,81.06737792530552
1764911700,4.756230316964103,4.759,4.756230316964103,4.75775,4.769,4.732,4.750500000000001,NaN,NaN,NaN,NaN,NaN,NaN,NaN,NaN,NaN,NaN,4.751737500000006,4.758386701078243,4.745088298921769,4.751737500000006,4.755062100539124,4.748412899460888,4.753290924403401,4.753841080622525,4.7158369140625,4.74319843749995,4.751506250000039,4.751737500000006,0.003130330420586168,61.97959595705762,45.915807842727,NaN,NaN,NaN,NaN,0.0010730621460424304,0.00019973424801822404,-0.0008733278980242063,92.58838383838302,89.1954701961014
1764912600,4.7569901584820515,4.759,4.7569901584820515,4.758249999999999,4.769,4.732,4.750500000000001,NaN,NaN,NaN,NaN,NaN,NaN,NaN,NaN,NaN,NaN,4.7518250000000055,4.758762398648518,4.744887601351493,4.7518250000000055,4.755293699324262,4.748356300675749,4.753485397956209,4.754241891475023,4.7159154296875,4.74326718749995,4.751634375000039,4.7518250000000055,0.0030502954989692138,63.12919142554628,47.937797956616706,NaN,NaN,NaN,NaN,0.001111444575333933,0.0005159778211432098,-0.0005954667541907231,92.171717171713,91.9402356902342
1764913500,4.7576200792410255,4.76,4.7576200792410255,4.759,4.769,4.732,4.750500000000001,NaN,NaN,NaN,NaN,NaN,NaN,NaN,NaN,NaN,NaN,4.752112500000005,4.759707687621794,4.744517312378217,4.752112500000005,4.7559100938109,4.748314906189111,4.753701656859887,4.754674446795476,4.715991601562499,4.7433296874999495,4.751778125000039,4.752112500000005,0.0030024115889695775,64.84621534719145,50.14270996502033,NaN,NaN,NaN,NaN,0.0011305301818049535,0.0008176959730654687,-0.00031283420873948474,91.88034188033917,92.2134809634784
1764914400,4.758310039620513,4.76,4.758310039620513,4.75925,4.769,4.732,4.750500000000001,NaN,NaN,NaN,NaN,NaN,NaN,NaN,NaN,NaN,NaN,4.752537500000006,4.7607095178033125,4.7443654821967,4.752537500000006,4.756623508901659,4.748451491098353,4.753919238943813,4.755090406177705,4.716068359374999,4.743387499999949,4.751950000000039,4.752537500000006,0.0029086650740065274,65.42421707368341,52.26895886407855,NaN,NaN,NaN,NaN,0.0011020348756694686,0.001064709385847351,-0.000037325489822117545,93.42948717948603,92.49384874384607
1764915300,4.758780019810256,4.758780019810256,4.756,4.757,4.769,4.732,4.750500000000001,NaN,NaN,NaN,NaN,NaN,NaN,NaN,NaN,NaN,NaN,4.752887500000006,4.76119333379277,4.744581666207242,4.752887500000006,4.757040416896388,4.748734583103625,4.754040053102879,4.7552640056160955,4.716143359375,4.7434320312499505,4.752096875000039,4.752887500000006,0.0029330461401488846,56.43123379042826,53.82075565792701,NaN,NaN,NaN,NaN,0.0008831546263973972,0.001066617793174629,0.00018346316677723176,87.82051282051378,91.04344729344633
1764916200,4.757890009905128,4.758,4.755,4.75625,4.769,4.732,4.750500000000001,NaN,NaN,NaN,NaN,NaN,NaN,NaN,NaN,NaN,NaN,4.753275000000006,4.76144797375483,4.745102026245181,4.753275000000006,4.757361486877418,4.7491885131225935,4.75412671768708,4.755353641469178,4.716215234375,4.743464843749949,4.752218750000039,4.753275000000006,0.0029378285587096866,53.77766341977307,55.28536966492354,NaN,NaN,NaN,NaN,0.0006501324551738193,0.0009961287357445059,0.0003459962805706866,79.9679487179475,87.07264957264913
1764917100,4.757070004952563,4.757070004952563,4.753,4.75375,4.769,4.732,4.750500000000001,NaN,NaN,NaN,NaN,NaN,NaN,NaN,NaN,NaN,NaN,4.753587500000005,4.761319373964927,4.745855626035084,4.753587500000005,4.757453436982466,4.749721563017545,4.754111944444449,4.75520785588107,4.716282617187501,4.74348984374995,4.752293750000039,4.753587500000005,0.0030186983011277996,46.010974297078135,55.80596796693696,NaN,NaN,NaN,NaN,0.00030729911345841966,0.0007301201723937112,0.0004228210589352915,63.40443321237095,77.06429825027742
1764918000,4.755410002476282,4.757,4.755,4.756,4.769,4.732,4.750500000000001,NaN,NaN,NaN,NaN,NaN,NaN,NaN,NaN,NaN,NaN,4.7539375000000055,4.761437291664093,4.746437708335918,4.7539375000000055,4.75768739583205,4.750187604167961,4.7541859858387845,4.755279868982791,4.716351171875,4.74351562499995,4.752421875000039,4.7539375000000055,0.0030352198510472093,52.64031033873857,56.24051670060168,NaN,NaN,NaN,NaN,0.00021604365404617146,0.0006928756264930058,0.00047683197244683436,57.4351388053441,66.93584024522086
1764918900,4.755705001238141,4.758,4.755705001238141,4.757,4.769,4.732,4.750500000000001,NaN,NaN,NaN,NaN,NaN,NaN,NaN,NaN,NaN,NaN,4.754362500000005,4.7615379355274685,4.747187064472542,4.754362500000005,4.757950217763737,4.750774782236274,4.754296339335303,4.75543624452981,4.716416210937501,4.74354843749995,4.752575000000038,4.754362500000005,0.0029823469161051955,55.269205809502964,56.711425107088964,NaN,NaN,NaN,NaN,0.0002069916124025358,0.0007355714879500042,0.0005285798755474683,56.74069436089932,59.1934221262048
1764919800,4.75635250061907,4.758,4.75635250061907,4.7575,4.769,4.732,4.750500000000001,NaN,NaN,NaN,NaN,NaN,NaN,NaN,NaN,NaN,NaN,4.754787500000004,4.761641832574704,4.7479331674253045,4.754787500000004,4.758214666287355,4.751360333712654,4.75442197308686,4.755623858663464,4.7164787109375,4.74358671874995,4.752762500000038,4.754787500000004,0.002887000663592658,56.567386431012174,57.3713333747803,NaN,NaN,NaN,NaN,0.00021755699578791593,0.0008005261202823633,0.0005829691244944473,65.20515219292386,59.793661786389094
1764920700,4.756926250309535,4.763,4.756926250309535,4.7615,4.769,4.732,4.750500000000001,NaN,NaN,NaN,NaN,NaN,NaN,NaN,NaN,NaN,NaN,4.755437500000005,4.762249025162204,4.748625974837806,4.755437500000005,4.758843262581104,4.752031737418905,4.754699542769728,4.756158053330422,4.7165439453125,4.743631249999949,4.753000000000038,4.755437500000005,0.003114625594083542,65.2549200552911,58.44003384516559,NaN,NaN,NaN,NaN,0.00046273031323492526,0.0011613820160381039,0.0006986517028031786,74.17520678595255,65.37368444659192
1764921600,4.759213125154767,4.767,4.759213125154767,4.7635000000000005,4.769,4.732,4.750500000000001,NaN,NaN,NaN,NaN,NaN,NaN,NaN,NaN,NaN,NaN,4.756225000000005,4.76294046722281,4.7495095327772,4.756225000000005,4.759582733611408,4.752867266388602,4.755044658739543,4.756825503027656,4.7166113281249995,4.743681249999949,4.7532687500000375,4.756225000000005,0.00344835768345136,68.63326883516592,59.28283999792459,NaN,NaN,NaN,NaN,0.0007134089645912387,0.001590412908542227,0.0008770039439509882,76.95298456373196,72.1111145142028
1764922500,4.761356562577384,4.766,4.761356562577384,4.765,4.769,4.732,4.750500000000001,NaN,NaN,NaN,NaN,NaN,NaN,NaN,NaN,NaN,NaN,4.7570125000000045,4.763961375811417,4.750063624188592,4.7570125000000045,4.760486937905711,4.753538062094298,4.755435064279168,4.757568639116051,4.716680468750001,4.743749218749949,4.753593750000038,4.7570125000000045,0.003533720521963126,70.9172503287025,60.123388934354075,NaN,NaN,NaN,NaN,0.0009208624282066812,0.0020280819792093396,0.0011072195510026584,82.21321439845472,77.78046858271308
1764923400,4.763178281288692,4.771,4.763178281288692,4.76825,4.769,4.732,4.750500000000001,NaN,NaN,NaN,NaN,NaN,NaN,NaN,NaN,NaN,NaN,4.757837500000005,4.765917219983381,4.74975778001663,4.757837500000005,4.7618773599916935,4.753797640008317,4.755937610778024,4.758539671923683,4.7167529296875,4.74383046874995,4.753996875000038,4.757837500000005,0.003840006106916339,75.14088018949636,61.144450949904844,NaN,NaN,NaN,NaN,0.0011999302081312456,0.0026071323111667155,0.0014072021030354699,81.81216931216862,80.32612275811844
1764924300,4.765714140644346,4.771,4.765714140644346,4.77025,4.769,4.732,4.750500000000001,4.769,NaN,NaN,NaN,NaN,NaN,NaN,NaN,NaN,NaN,4.758725000000005,4.768065637024284,4.749384362975727,4.758725000000005,4.763395318512145,4.754054681487866,4.7564988809435915,4.759604247203348,4.716829296875,4.74390937499995,4.7544500000000385,4.758725000000005,0.0039432813389690255,77.32340664528124,62.240437427635094,NaN,NaN,NaN,NaN,0.0014267482965185394,0.003190637473683644,0.0017638891771651047,88.75661375661247,84.26066582241195
1764925200,4.767982070322173,4.77,4.767982070322173,4.7685,4.769,4.732,4.750500000000001,NaN,NaN,4.769,NaN,NaN,NaN,NaN,NaN,NaN,NaN,4.759550000000005,4.769275739047376,4.749824260952635,4.759550000000005,4.7644128695236905,4.75468713047632,4.756969513063451,4.760412952003044,4.7169044921875,4.743982031249949,4.754875000000038,4.759550000000005,0.003823613363173164,71.41518133263665,62.83229384957013,NaN,NaN,NaN,NaN,0.0013663590242175131,0.003471837957436996,0.002105478933219483,88.88888888888998,86.48589065255703
1764926100,4.768241035161086,4.769,4.766,4.7675,4.769,4.732,4.750500000000001,NaN,NaN,NaN,NaN,NaN,NaN,NaN,NaN,NaN,NaN,4.760275000000005,4.770100858742915,4.7504491412570955,4.760275000000005,4.765187929371461,4.75536207062855,4.757382473335473,4.761057229093677,4.7169716796875,4.744049218749949,4.755256250000038,4.760275000000005,0.0037647838372322317,68.20796823262793,63.07241905567274,NaN,NaN,NaN,NaN,0.001173868487071471,0.003572814542058822,0.002398946054987351,87.50000000000102,88.38183421516783
1764927000,4.767870517580543,4.767870517580543,4.763,4.76475,4.769,4.732,4.750500000000001,NaN,NaN,NaN,NaN,NaN,NaN,NaN,NaN,NaN,NaN,4.7607375000000065,4.770491313356306,4.750983686643707,4.7607375000000065,4.765614406678156,4.755860593321857,4.757671395949768,4.761392935539706,4.7170322265625,4.744102343749949,4.755603125000038,4.7607375000000065,0.003843764818897304,60.20115863838371,62.69934345315132,NaN,NaN,NaN,NaN,0.0007943137129688164,0.0033918381961983712,0.002597524483229555,77.31481481481643,84.56790123456915
1764927900,4.766310258790272,4.766310258790272,4.763,4.763999999999999,4.769,4.732,4.750500000000001,NaN,NaN,NaN,NaN,NaN,NaN,NaN,NaN,NaN,NaN,4.761112500000006,4.770761949467067,4.751463050532944,4.761112500000006,4.765937224733537,4.7562877752664745,4.757919576500758,4.7616299413997325,4.71709296875,4.74416093749995,4.755915625000038,4.761112500000006,0.003805657245424054,58.19474080606104,62.82530823998224,NaN,NaN,NaN,NaN,0.00044323251363096675,0.003151565125268263,0.0027083326116372963,68.98148148148103,77.93209876543283
1764928800,4.7651551293951355,4.769,4.7651551293951355,4.767,4.769,4.732,4.750500000000001,NaN,NaN,NaN,NaN,NaN,NaN,NaN,NaN,NaN,NaN,4.761600000000007,4.771403570777381,4.751796429222632,4.761600000000007,4.766501785388694,4.756698214611319,4.758275671539944,4.762118128545211,4.7171591796875,4.744233593749949,4.7562968750000385,4.761600000000007,0.0038909674421795347,63.44317412671054,63.515701861906344,NaN,NaN,NaN,NaN,0.000366708278695233,0.0031667179600063378,0.0028000096813111048,68.05555555555561,71.45061728395102
1764929700,4.766077564697568,4.769,4.766,4.768,4.769,4.732,4.750500000000001,NaN,NaN,NaN,NaN,NaN,NaN,NaN,NaN,NaN,NaN,4.762112500000006,4.772126833478107,4.752098166521905,4.762112500000006,4.767119666739057,4.757105333260955,4.7586570177540635,4.76265284413201,4.717225390625,4.7443062499999495,4.7566718750000385,4.762112500000006,0.0038273269105952904,65.01964657592195,64.87346416753805,NaN,NaN,NaN,NaN,0.0003378114268609393,0.003222273964887279,0.0028844625380263396,73.37962962962894,70.13888888888853
1764930600,4.767038782348784,4.769,4.767038782348784,4.7685,4.769,4.732,4.750500000000001,NaN,NaN,NaN,NaN,NaN,NaN,NaN,NaN,NaN,NaN,4.762625000000006,4.772843243489365,4.752406756510648,4.762625000000006,4.767734121744685,4.757515878255327,4.7590430170578255,4.763184403756372,4.7172935546875,4.744385156249949,4.756968750000038,4.762625000000006,0.0036940333920681854,65.81347661727398,65.81440461600486,NaN,NaN,NaN,NaN,0.0003076025442973001,0.003268965718397965,0.0029613631741006647,80.894188533802,74.10979123966219
1764931500,4.767769391174392,4.769,4.767,4.7684999999999995,4.769,4.732,4.750500000000001,NaN,NaN,NaN,NaN,NaN,NaN,NaN,NaN,NaN,NaN,4.763100000000007,4.773481955498316,4.752718044501697,4.763100000000007,4.768290977749162,4.7579090222508515,4.759413879133989,4.76366763977852,4.717363085937501,4.74445703124995,4.757218750000038,4.763100000000007,0.003573031006920442,65.81347661727112,66.56756681655973,NaN,NaN,NaN,NaN,0.00024554498550478183,0.003268294405981642,0.0030227494204768603,82.61234269967294,78.96205362103461
1764932400,4.768134695587196,4.771,4.767,4.76975,4.769,4.732,4.750500000000001,4.769,NaN,NaN,NaN,NaN,NaN,NaN,NaN,NaN,NaN,4.763625000000006,4.774234547585965,4.753015452414048,4.763625000000006,4.768929773792985,4.758320226207028,4.759819217207166,4.764220581616836,4.7174287109375,4.74452968749995,4.757450000000039,4.763625000000006,0.003603528792140379,67.92401253529219,67.37875439543689,NaN,NaN,NaN,NaN,0.0002459908863219392,0.0033302380283792843,0.003084247142057345,85.90174814718603,83.13609312688698
1764933300,4.7689423477935975,4.772,4.7689423477935975,4.77,4.769,4.732,4.750500000000001,NaN,NaN,NaN,NaN,NaN,NaN,NaN,NaN,NaN,NaN,4.764275000000007,4.774773690393091,4.7537763096069225,4.764275000000007,4.769524345196548,4.759025654803465,4.760218463591199,4.764745983288033,4.7174908203125,4.74461171874995,4.757571875000038,4.764275000000007,0.003564537607444834,68.3449288730145,67.59946931098855,NaN,NaN,NaN,NaN,0.0002212110430654989,0.0033607609458892185,0.0031395499028237196,86.13647275156818,84.88352119947571
1764934200,4.7694711738967985,4.771,4.769,4.7705,4.769,4.732,4.750500000000001,NaN,NaN,NaN,NaN,NaN,NaN,NaN,NaN,NaN,NaN,4.764987500000006,4.77513943946964,4.754835560530373,4.764987500000006,4.770063469734823,4.75991153026519,4.760621661097427,4.765269075716393,4.717556445312501,4.74469921874995,4.757803125000039,4.764987500000006,0.0034527849211987587,69.2150288904926,67.64102360065475,NaN,NaN,NaN,NaN,0.00019736942369803865,0.0033862616824462677,0.003188892258748229,87.12799554995247,86.38873881623556
1764935100,4.769985586948399,4.771,4.769,4.7705,4.769,4.732,4.750500000000001,NaN,NaN,NaN,NaN,NaN,NaN,NaN,NaN,NaN,NaN,4.765825000000007,4.774829304524547,4.756820695475466,4.765825000000007,4.7703271522622765,4.761322847737737,4.761009046936744,4.76574461428763,4.7176244140625005,4.74479374999995,4.758159375000039,4.765825000000007,0.003349014569684546,69.2150288904926,67.51943635506834,NaN,NaN,NaN,NaN,0.0001430070052231289,0.00336765101527714,0.003224644010054011,84.53303454688407,85.93250094946823
1764936000,4.7702427934742,4.771,4.77,4.7705,4.769,4.732,4.750500000000001,NaN,NaN,NaN,NaN,NaN,NaN,NaN,NaN,NaN,NaN,4.766550000000007,4.774552499608494,4.758547500391519,4.766550000000007,4.77055124980425,4.762548750195763,4.761381241174519,4.766176922079664,4.717690820312501,4.744887499999949,4.758546875000039,4.766550000000007,0.003181227814707102,69.2150288904926,67.09616126228235,NaN,NaN,NaN,NaN,0.0000720385670672126,0.003314692218888027,0.003242653651820814,84.19115844573743,85.28406284752465
1764936900,4.7703713967371,4.78,4.7703713967371,4.7749999999999995,4.769,4.732,4.750500000000001,NaN,NaN,NaN,NaN,NaN,NaN,NaN,NaN,NaN,NaN,4.767450000000006,4.77498923072994,4.759910769270073,4.767450000000006,4.771219615364973,4.76368038463504,4.761915310148067,4.766979020072422,4.717759375000001,4.74499296874995,4.758946875000039,4.767450000000006,0.0036417546324351855,76.48160879372674,67.03603284431416,NaN,NaN,NaN,NaN,0.00028139737699820746,0.0035944003730685736,0.003313002996070366,79.08496732026009,82.60305343762718
1764937800,4.77268569836855,4.778,4.77268569836855,4.77575,4.769,4.732,4.750500000000001,NaN,NaN,NaN,NaN,NaN,NaN,NaN,NaN,NaN,NaN,4.7683625000000065,4.7752535721230265,4.7614714278769865,4.7683625000000065,4.7718080360615165,4.7649169639384965,4.762457847005006,4.76777638188402,4.717828515625001,4.74510156249995,4.759306250000039,4.7683625000000065,0.003761222275221948,77.43750736718117,67.46619898963878,NaN,NaN,NaN,NaN,0.00041552733956396566,0.0038324121705253233,0.0034168848309613577,76.30718954248273,79.86110510282673
1764938700,4.774217849184275,4.776,4.774217849184275,4.77525,4.769,4.732,4.750500000000001,NaN,NaN,NaN,NaN,NaN,NaN,NaN,NaN,NaN,NaN,4.769050000000006,4.775807588327346,4.762292411672666,4.769050000000006,4.772428794163677,4.765671205836336,4.7629595000636336,4.768455801712745,4.717897265625001,4.745214843749951,4.75962812500004,4.769050000000006,0.003619860028115005,75.2418867268724,67.96862173922766,NaN,NaN,NaN,NaN,0.00041475485311766574,0.00393532839735844,0.003520573544240774,72.54901960784149,75.98039215686141
1764939600,4.774733924592137,4.776,4.772,4.774,4.769,4.732,4.750500000000001,NaN,NaN,NaN,NaN,NaN,NaN,NaN,NaN,NaN,NaN,4.769575000000007,4.776155463507624,4.762994536492389,4.769575000000007,4.772865231753816,4.766284768246198,4.763392460845452,4.76895981973886,4.717965429687501,4.74532578124995,4.759893750000039,4.769575000000007,0.003647012883249616,69.90556070016413,68.66179331506912,NaN,NaN,NaN,NaN,0.00028066006207204874,0.003871398621830835,0.003590738559758786,70.58823529411711,73.14814814814709
1764940500,4.774366962296069,4.774366962296069,4.766,4.77,4.769,4.732,4.750500000000001,NaN,NaN,NaN,NaN,NaN,NaN,NaN,NaN,NaN,NaN,4.769825000000006,4.77606218686547,4.763587813134542,4.769825000000006,4.772943593432738,4.766706406567274,4.763651580027983,4.769054381580782,4.718032617187501,4.74542812499995,4.760112500000039,4.769825000000006,0.00398415212702244,56.17570758081944,68.5175766561233,NaN,NaN,NaN,NaN,-0.00010610735263841438,0.0034581043689607682,0.0035642117215991826,56.46712343854273,66.53479278016708
1764941400,4.772183481148034,4.777,4.771,4.7735,4.769,4.732,4.750500000000001,NaN,NaN,NaN,NaN,NaN,NaN,NaN,NaN,NaN,NaN,4.770087500000007,4.776477482393049,4.763697517606965,4.770087500000007,4.773282491196528,4.766892508803486,4.764037792575905,4.7694585287098015,4.7181064453125,4.74554218749995,4.760328125000039,4.770087500000007,0.004199569832235163,63.01980391458597,68.48733592668583,NaN,NaN,NaN,NaN,-0.00015209576704571393,0.0033740920127920404,0.0035261877798377543,50.30465845254944,59.120005728403065
1764942300,4.772841740574018,4.78,4.772,4.776,4.769,4.732,4.750500000000001,NaN,NaN,NaN,NaN,NaN,NaN,NaN,NaN,NaN,NaN,4.770375000000007,4.777266117469898,4.763483882530116,4.770375000000007,4.773820558734952,4.766929441265061,4.764506898749399,4.770053207918001,4.71817890625,4.745664062499951,4.760531250000039,4.770375000000007,0.004471029129932651,66.98585173254696,68.62777915215905,NaN,NaN,NaN,NaN,-0.00004555072417170925,0.003469249374623118,0.003514800098794827,52.54555481109217,53.10577890072809
1764943200,4.774420870287009,4.776,4.767,4.77125,4.769,4.732,4.750500000000001,NaN,NaN,NaN,NaN,NaN,NaN,NaN,NaN,NaN,NaN,4.770512500000008,4.777358073382508,4.763666926617508,4.770512500000008,4.773935286691257,4.767089713308758,4.76477133409256,4.7701620071981825,4.71823984375,4.745778906249951,4.760706250000039,4.770512500000008,0.004794527049223137,54.931394851542784,67.85048759746395,NaN,NaN,NaN,NaN,-0.00031156017590741776,0.003125349878910555,0.0034369100548179727,54.16666666666638,52.3389599767693
1764944100,4.772835435143504,4.772835435143504,4.761,4.765750000000001,4.769,4.732,4.750500000000001,NaN,NaN,4.769,NaN,NaN,NaN,NaN,NaN,NaN,NaN,4.7704250000000075,4.777464353660629,4.763385646339386,4.7704250000000075,4.773944676830318,4.766905323169697,4.764809713147754,4.769760915634712,4.71829296875,4.745882031249951,4.760775000000039,4.7704250000000075,0.005297449055957479,44.86401482737806,66.35409746961446,NaN,NaN,NaN,NaN,-0.0008442880514650379,0.0023815499904866755,0.0032258380419517133,44.64285714285726,50.451692873538576
1764945000,4.769292717571752,4.775,4.767,4.76975,4.769,4.732,4.750500000000001,4.769,NaN,NaN,NaN,NaN,NaN,NaN,NaN,NaN,NaN,4.770675000000007,4.777228815681093,4.76412118431892,4.770675000000007,4.77395190784055,4.767398092159464,4.7650034498870575,4.769759923304283,4.7183509765625,4.745995312499952,4.7609281250000395,4.770675000000007,0.005579774123389071,51.784889534101815,65.20130296952942,NaN,NaN,NaN,NaN,-0.000908071282832045,0.0020907489384116573,0.0029988202212437023,36.18421052631677,44.9979114452801
1764945900,4.769521358785877,4.773,4.769,4.7715,4.769,4.732,4.750500000000001,NaN,NaN,NaN,NaN,NaN,NaN,NaN,NaN,NaN,NaN,4.771050000000008,4.776847844422705,4.76525215557731,4.771050000000008,4.773948922211357,4.768151077788659,4.765258216558153,4.769918112094803,4.71840859375,4.746111718749951,4.7611156250000395,4.771050000000008,0.005466933114575534,54.477155609935835,64.21074773645238,NaN,NaN,NaN,NaN,-0.0008161055392556177,0.0019786882971741804,0.002794793836429798,42.10526315789446,40.97744360902281
1764946800,4.770510679392938,4.782,4.770510679392938,4.775,4.769,4.732,4.750500000000001,NaN,NaN,NaN,NaN,NaN,NaN,NaN,NaN,NaN,NaN,4.771450000000007,4.777178437830959,4.7657215621690545,4.771450000000007,4.7743142189154835,4.76858578108453,4.765640247281363,4.770380101904367,4.7184669921874995,4.746242968749951,4.76133437500004,4.771450000000007,0.00589710364975313,59.36432076105109,63.50712572720655,NaN,NaN,NaN,NaN,-0.0005177993705023096,0.0021475446233019113,0.002665343993804221,55.994152046783064,44.76120857699808
1764947700,4.772755339696469,4.778,4.771,4.77525,4.769,4.732,4.750500000000001,NaN,NaN,NaN,NaN,NaN,NaN,NaN,NaN,NaN,NaN,4.7718125000000065,4.777539355593613,4.7660856444064,4.7718125000000065,4.77467592779681,4.768949072203203,4.766017100329153,4.770822819913061,4.71852421875,4.746371093749951,4.761565625000039,4.7718125000000065,0.0059758819604850254,59.69714890481314,62.82727715680088,NaN,NaN,NaN,NaN,-0.0003120279609218242,0.0022753090426519407,0.002587337003573765,63.26232247284781,53.78724589250843
1764948600,4.774002669848235,4.783,4.774002669848235,4.78025,4.769,4.732,4.750500000000001,NaN,NaN,NaN,NaN,NaN,NaN,NaN,NaN,NaN,NaN,4.772400000000006,4.778992419889588,4.765807580110425,4.772400000000006,4.7756962099447975,4.769103790055215,4.766575253257421,4.7716798362846005,4.718586328125,4.746513281249951,4.7618656250000395,4.772400000000006,0.006191699688433624,65.74085951930843,62.5791222017163,NaN,NaN,NaN,NaN,0.00012880265496791618,0.00274834032228366,0.002619537667315744,74.00793650793551,64.42147034252211
1764949500,4.777126334924118,4.792,4.777126334924118,4.7875,4.769,4.732,4.750500000000001,NaN,NaN,NaN,NaN,NaN,NaN,NaN,NaN,NaN,NaN,4.773350000000006,4.782427995373684,4.764272004626328,4.773350000000006,4.777888997686845,4.768811002313167,4.767395831561052,4.773118032986001,4.7186548828124995,4.74667734374995,4.762246875000039,4.773350000000006,0.006811840073251369,72.24102002283813,62.276223003795685,NaN,NaN,NaN,NaN,0.000837150934480817,0.003665976335416765,0.002828825400935948,80.28033794162657,72.51686564080329
1764950400,4.782313167462059,4.794,4.782313167462059,4.7917499999999995,4.769,4.732,4.750500000000001,NaN,NaN,NaN,NaN,NaN,NaN,NaN,NaN,NaN,NaN,4.774450000000007,4.786395291959181,4.762504708040833,4.774450000000007,4.780422645979594,4.76847735402042,4.76835089699003,4.774811848169092,4.7187240234375,4.74685390624995,4.762681250000039,4.774450000000007,0.0071600538207291925,75.21032042862765,62.11713822247043,NaN,NaN,NaN,NaN,0.0014826802878006385,0.0046821757606867465,0.003199495472886108,88.72189638318532,81.00339027758245
1764951300,4.787031583731029,4.8,4.787031583731029,4.796749999999999,4.769,4.732,4.750500000000001,NaN,NaN,NaN,NaN,NaN,NaN,NaN,NaN,NaN,NaN,4.775787500000007,4.790987232727565,4.760587767272449,4.775787500000007,4.783387366363786,4.768187633636228,4.769464587304146,4.776806225608265,4.7187953125,4.74704765624995,4.763175000000039,4.775787500000007,0.007574936852746476,78.16895253349703,62.32621435151505,NaN,NaN,NaN,NaN,0.0020994801593723863,0.005823845672101591,0.0037243655127292045,90.11078527207486,86.37100653229557
1764952200,4.791890791865514,4.799,4.791890791865514,4.797,4.769,4.732,4.750500000000001,NaN,NaN,NaN,NaN,NaN,NaN,NaN,NaN,NaN,NaN,4.7771125000000065,4.794674159232458,4.759550840767555,4.7771125000000065,4.785893329616233,4.76833167038378,4.770544407409866,4.778642023280241,4.718865429687499,4.74723984374995,4.7636531250000385,4.7771125000000065,0.007541670515727896,78.30835396997307,62.92641387078712,NaN,NaN,NaN,NaN,0.0023580202367869466,0.006671890808712888,0.0043138705719259415,92.38539238539177,90.4060246802173
1764953100,4.794445395932756,4.794445395932756,4.789,4.79125,4.769,4.732,4.750500000000001,NaN,NaN,NaN,NaN,NaN,NaN,NaN,NaN,NaN,NaN,4.778150000000007,4.796462154432902,4.759837845567112,4.778150000000007,4.787306077216455,4.76899392278356,4.771356391433009,4.779788202982037,4.718928515625,4.747414062499949,4.764053125000038,4.778150000000007,0.007574408336033046,67.61427067716068,63.74345409195435,NaN,NaN,NaN,NaN,0.0019901765297905497,0.006801591234164128,0.0048114147043735785,87.1794871794866,89.89188827898438
1764954000,4.792847697966378,4.792847697966378,4.786,4.78875,4.769,4.732,4.750500000000001,NaN,NaN,NaN,NaN,NaN,NaN,NaN,NaN,NaN,NaN,4.779062500000007,4.797576599356534,4.760548400643481,4.779062500000007,4.7883195496782704,4.769805450321744,4.772038493729753,4.780602911801852,4.718986328125,4.747580468749949,4.764362500000038,4.779062500000007,0.007522500452486294,63.5506574765837,63.78137220352561,NaN,NaN,NaN,NaN,0.0014518819692736122,0.006626267165965594,0.005174385196691981,80.34188034188045,86.63558663558626
1764954900,4.790798848983189,4.791,4.787,4.789,4.769,4.732,4.750500000000001,NaN,NaN,NaN,NaN,NaN,NaN,NaN,NaN,NaN,NaN,4.7797625000000075,4.798663872303817,4.760861127696198,4.7797625000000075,4.789213186151912,4.770311813848103,4.77270365083839,4.7813662834562285,4.7190431640625,4.747751562499949,4.7646718750000385,4.7797625000000075,0.007270893277308733,63.78505150861174,63.55274361610167,NaN,NaN,NaN,NaN,0.001007159849109233,0.006433335008078522,0.005426175158969289,73.50427350427356,80.34188034188018
1764955800,4.789899424491594,4.797,4.789899424491594,4.794499999999999,4.769,4.732,4.750500000000001,NaN,NaN,NaN,NaN,NaN,NaN,NaN,NaN,NaN,NaN,4.780700000000007,4.800548551584101,4.760851448415912,4.780700000000007,4.790624275792053,4.77077572420796,4.773558409629041,4.78256025768748,4.719107226562499,4.747939062499949,4.765040625000038,4.780700000000007,0.007322972328929539,68.57316906287001,64.52715605976788,NaN,NaN,NaN,NaN,0.0009771474041846183,0.006647609414200062,0.005670462010015444,76.28205128205094,76.70940170940163
1764956700,4.792199712245797,4.801,4.792199712245797,4.798,4.769,4.732,4.750500000000001,NaN,NaN,NaN,NaN,NaN,NaN,NaN,NaN,NaN,NaN,4.781837500000007,4.802878100632539,4.760796899367475,4.781837500000007,4.792357800316273,4.771317199683741,4.774516903369079,4.783963870624982,4.719175781249999,4.748137499999949,4.765431250000039,4.781837500000007,0.00742849485930625,71.18412080840702,66.40716362984138,NaN,NaN,NaN,NaN,0.001078777807169454,0.007018934268977262,0.0059401564618078075,82.95625942684687,77.58086140439043
1764957600,4.795099856122898,4.799,4.795099856122898,4.7975,4.769,4.732,4.750500000000001,NaN,NaN,NaN,NaN,NaN,NaN,NaN,NaN,NaN,NaN,4.783012500000007,4.80478316546958,4.761241834530434,4.783012500000007,4.793897832734793,4.772127167265221,4.775418201276175,4.785194427840892,4.7192416015625,4.748333593749949,4.765834375000039,4.783012500000007,0.007176469789148806,70.28575704349792,67.7286541662268,NaN,NaN,NaN,NaN,0.0009998623551098111,0.007189984405695071,0.00619012205058526,88.71213549522331,82.65014873470703
1764958500,4.796299928061449,4.797,4.795,4.79625,4.769,4.732,4.750500000000001,NaN,NaN,NaN,NaN,NaN,NaN,NaN,NaN,NaN,NaN,4.784325000000007,4.805964142773811,4.762685857226203,4.784325000000007,4.795144571386909,4.773505428613105,4.776235134559462,4.786199479855356,4.719308984374999,4.7485281249999485,4.7662250000000395,4.784325000000007,0.006842436232781061,67.97608693500436,68.69286354658885,NaN,NaN,NaN,NaN,0.0007617790008386171,0.007142345801633532,0.006380566800794915,88.21991504121013,86.62943665442675
1764959400,4.796274964030724,4.796274964030724,4.794,4.795249999999999,4.769,4.732,4.750500000000001,NaN,NaN,NaN,NaN,NaN,NaN,NaN,NaN,NaN,NaN,4.785412500000007,4.806952158191239,4.763872841808775,4.785412500000007,4.796182329095623,4.774642670904391,4.77698081555713,4.7870222544139605,4.719372070312499,4.748721874999949,4.766621875000039,4.785412500000007,0.006516188218348448,66.10459086763711,69.17431141134499,NaN,NaN,NaN,NaN,0.00045063117942082884,0.006943855775070951,0.006493224595650122,84.77220262290875,87.23475105311405
1764960300,4.795762482015362,4.797,4.795,4.796,4.769,4.732,4.750500000000001,NaN,NaN,NaN,NaN,NaN,NaN,NaN,NaN,NaN,NaN,4.786412500000007,4.807968401163771,4.764856598836243,4.786412500000007,4.79719045058189,4.7756345494181245,4.777726665927439,4.7878384131036,4.719437109374999,4.7489171874999485,4.767053125000039,4.786412500000007,0.006193603345609257,66.84193110518945,69.68465299708616,NaN,NaN,NaN,NaN,0.00022065268050560326,0.006769040446282126,0.006548387765776523,82.24458599916288,85.0789012210939
1764961200,4.795881241007681,4.797,4.793,4.795,4.769,4.732,4.750500000000001,NaN,NaN,NaN,NaN,NaN,NaN,NaN,NaN,NaN,NaN,4.787600000000007,4.80828296400353,4.766917035996485,4.787600000000007,4.797941482001768,4.777258517998247,4.778404051577343,4.788489466457818,4.719502148437498,4.749106249999949,4.767490625000039,4.787600000000007,0.006036917392351422,64.8173203176012,69.61868591124993,NaN,NaN,NaN,NaN,-0.00005857843041508649,0.006475164727757665,0.006533743158172752,79.06022939546766,82.02567267251308
1764962100,4.7954406205038405,4.7954406205038405,4.793,4.79375,4.769,4.732,4.750500000000001,NaN,NaN,NaN,NaN,NaN,NaN,NaN,NaN,NaN,NaN,4.789000000000008,4.807221553170607,4.770778446829408,4.789000000000008,4.7981107765853075,4.779889223414708,4.779005853476271,4.788967696779835,4.719566601562498,4.7492921874999485,4.767925000000039,4.789000000000008,0.005780039043172057,62.27797514571547,68.90703984859832,NaN,NaN,NaN,NaN,-0.0003698632719798898,0.006071414068197889,0.006441277340177779,72.5166608346537,77.94049207642807
1764963000,4.79459531025192,4.795,4.788,4.7915,4.769,4.732,4.750500000000001,NaN,NaN,NaN,NaN,NaN,NaN,NaN,NaN,NaN,NaN,4.790087500000007,4.8060384208187,4.774136579181315,4.790087500000007,4.798062960409354,4.782112039590661,4.779495820006613,4.789197906163486,4.719628515624998,4.749474999999949,4.76834375000004,4.790087500000007,0.005867179111516887,57.88222431998791,67.6693186979812,NaN,NaN,NaN,NaN,-0.0007478953757638369,0.005506408120472983,0.00625430349623682,57.57899968062228,69.71862997024787
1764963900,4.79304765512596,4.79304765512596,4.788,4.7905,4.769,4.732,4.750500000000001,NaN,NaN,NaN,NaN,NaN,NaN,NaN,NaN,NaN,NaN,4.791037500000008,4.80451922373815,4.777555776261866,4.791037500000008,4.797778361869079,4.784296638130937,4.779927356476942,4.789316278330442,4.719689843749999,4.7496492187499495,4.768759375000039,4.791037500000008,0.005808641683977106,55.99068013381825,66.08515638371843,NaN,NaN,NaN,NaN,-0.0010664696182328248,0.004921216473445789,0.005987686091678613,42.623098105852534,57.57291954037617
1764964800,4.79177382756298,4.795,4.79177382756298,4.79375,4.769,4.732,4.750500000000001,NaN,NaN,NaN,NaN,NaN,NaN,NaN,NaN,NaN,NaN,4.791975000000008,4.803300745005774,4.780649254994242,4.791975000000008,4.797637872502891,4.7863121274971245,4.780469420928827,4.789719343936765,4.719752734374998,4.749831249999949,4.769200000000039,4.791975000000008,0.005715167277978753,60.5076976662953,64.81368093345573,NaN,NaN,NaN,NaN,-0.0010574208657003412,0.004665910009553187,0.005723330875253528,39.44444444444576,46.548847410306855
1764965700,4.79276191378149,4.795,4.792,4.7935,4.769,4.732,4.750500000000001,NaN,NaN,NaN,NaN,NaN,NaN,NaN,NaN,NaN,NaN,4.792887500000008,4.8012218790976675,4.784553120902348,4.792887500000008,4.797054689548838,4.788720310451178,4.780980424029657,4.790063039942514,4.719816406249998,4.750014843749949,4.769637500000039,4.792887500000008,0.005521226758123136,59.99756623355128,64.26963061605505,NaN,NaN,NaN,NaN,-0.0010644504648869178,0.004392767794144881,0.005457218259031798,43.88888888888954,41.985477146395944
1764966600,4.793130956890745,4.793130956890745,4.792,4.79225,4.769,4.732,4.750500000000001,NaN,NaN,NaN,NaN,NaN,NaN,NaN,NaN,NaN,NaN,4.7934875000000075,4.799500974449888,4.787474025550127,4.7934875000000075,4.796494237224947,4.790480762775068,4.781422368185357,4.7902618544931945,4.719878906249997,4.75020078124995,4.770084375000039,4.7934875000000075,0.005233996275400059,57.39214125787465,63.82973660043298,NaN,NaN,NaN,NaN,-0.0011425807261295296,0.004028992351369887,0.005171573077499416,46.3888888888898,43.2407407407417
1764967500,4.7926904784453725,4.793,4.79,4.7917499999999995,4.769,4.732,4.750500000000001,NaN,NaN,NaN,NaN,NaN,NaN,NaN,NaN,NaN,NaN,4.793700000000008,4.79912355970881,4.788276440291207,4.793700000000008,4.796411779854409,4.790988220145608,4.781827373354559,4.790397140448358,4.719939843749997,4.750370312499949,4.770565625000039,4.793700000000008,0.005074425112871491,56.338256756898225,63.29782268959631,NaN,NaN,NaN,NaN,-0.0012107123670428276,0.003658182618695882,0.00486889498573871,38.7820512820497,43.019943019943014
1764968400,4.7922202392226865,4.795,4.79,4.79275,4.769,4.732,4.750500000000001,NaN,NaN,NaN,NaN,NaN,NaN,NaN,NaN,NaN,NaN,4.793750000000008,4.799118891871713,4.788381108128303,4.793750000000008,4.796434445935861,4.791065554064155,4.78225571165438,4.790611036771235,4.7200001953124975,4.75052578124995,4.771090625000038,4.793750000000008,0.005069109033380662,57.99941353631746,62.5425544376997,NaN,NaN,NaN,NaN,-0.001170519539127733,0.0034057455618290433,0.004576265100956776,34.29487179486926,39.821937321936254
1764969300,4.792485119611343,4.795,4.792485119611343,4.794499999999999,4.769,4.732,4.750500000000001,NaN,NaN,NaN,NaN,NaN,NaN,NaN,NaN,NaN,NaN,4.793637500000008,4.798842005253805,4.788432994746211,4.793637500000008,4.7962397526269065,4.7910352473731095,4.782735879824797,4.790964578882941,4.720062695312498,4.75068203124995,4.771646875000039,4.793637500000008,0.004886664130186099,60.80946018258403,61.80150725014091,NaN,NaN,NaN,NaN,-0.0010140069085348,0.003308756465288276,0.004322763373823076,41.49184149183563,38.18958818958486
1764970200,4.793492559805671,4.795,4.793,4.79425,4.769,4.732,4.750500000000001,NaN,NaN,NaN,NaN,NaN,NaN,NaN,NaN,NaN,NaN,4.793500000000008,4.798482469259919,4.788517530740097,4.793500000000008,4.795991234629963,4.791008765370052,4.783187413949315,4.791263253529947,4.720124609374998,4.750839062499949,4.772218750000038,4.793500000000008,0.00468047383517279,60.189921264282155,61.08037612305407,NaN,NaN,NaN,NaN,-0.0009181161306110455,0.003175118210559269,0.0040932343411703145,55.02460502460108,43.60377277043532
1764971100,4.793871279902835,4.796,4.793,4.79425,4.769,4.732,4.750500000000001,NaN,NaN,NaN,NaN,NaN,NaN,NaN,NaN,NaN,NaN,4.793650000000008,4.798532110190079,4.788767889809938,4.793650000000008,4.796091055095044,4.791208944904973,4.783621240853263,4.791534775936316,4.720185546874998,4.75099999999995,4.772803125000038,4.793650000000008,0.004560439989803314,60.189921264282155,60.5242214322882,NaN,NaN,NaN,NaN,-0.0008472017201979201,0.003034232190922914,0.0038814339111208343,65.99326599326311,54.169904169899944
1764972000,4.794060639951418,4.794060639951418,4.793,4.793,4.769,4.732,4.750500000000001,NaN,NaN,NaN,NaN,NaN,NaN,NaN,NaN,NaN,NaN,4.793862500000008,4.798214151977991,4.789510848022026,4.793862500000008,4.796038325989,4.791686674011017,4.783989035329605,4.7916679781239235,4.720245507812497,4.75116171874995,4.773353125000038,4.793862500000008,0.004323979990531631,56.83229750535611,59.86191476355385,NaN,NaN,NaN,NaN,-0.000873500599323584,0.0027895581619663545,0.0036630587612899385,64.81481481481572,61.944228610893305
1765152000,4.793530319975709,4.793530319975709,4.791,4.7915,4.801,4.747,4.774,NaN,NaN,NaN,NaN,NaN,NaN,NaN,NaN,NaN,NaN,4.793987500000008,4.79789414497177,4.790080855028246,4.793987500000008,4.795940822485889,4.792034177514127,4.784283582963738,4.791652707385385,4.7203044921874975,4.751321093749949,4.773890625000037,4.793987500000008,0.00419586141804425,53.01075927801864,58.87397391875594,NaN,NaN,NaN,NaN,-0.0009733157856945235,0.002446414029171784,0.0034197298148663075,54.62962962963062,61.81257014590315
1765152900,4.792515159987854,4.792515159987854,4.789,4.79025,4.801,4.747,4.774,NaN,NaN,NaN,NaN,NaN,NaN,NaN,NaN,NaN,NaN,4.793775000000008,4.797996670276976,4.789553329723041,4.793775000000008,4.795885835138492,4.791664164861524,4.784517560102415,4.791525188532169,4.720362109374998,4.75148359374995,4.7744062500000375,4.793775000000008,0.004147239887316392,49.99384499110617,57.81515425257771,NaN,NaN,NaN,NaN,-0.0010958042926815775,0.0020499744490143357,0.003145778741695913,40.85648148148273,53.43364197530968
1765153800,4.791382579993927,4.791382579993927,4.788,4.78875,4.801,4.747,4.774,NaN,NaN,NaN,NaN,NaN,NaN,NaN,NaN,NaN,NaN,4.793312500000008,4.797607482529945,4.789017517470071,4.793312500000008,4.795459991264976,4.79116500873504,4.784683538137615,4.791272898665608,4.720417968749997,4.75164999999995,4.774909375000037,4.793312500000008,0.004092621323502856,46.568846701474236,56.69307364941763,NaN,NaN,NaN,NaN,-0.001239539804149768,0.0015963539865087029,0.002835893790658471,25.4629629629636,40.31635802469231
1765154700,4.790066289996964,4.790066289996964,4.787,4.788749999999999,4.801,4.747,4.774,NaN,NaN,NaN,NaN,NaN,NaN,NaN,NaN,NaN,NaN,4.7928750000000075,4.797157230719862,4.788592769280153,4.7928750000000075,4.795016115359935,4.79073388464008,4.784843007230258,4.791043544241462,4.720474609374997,4.75182968749995,4.7754218750000375,4.7928750000000075,0.00401931194303578,46.5688467014722,55.88497524809508,NaN,NaN,NaN,NaN,-0.0012905060157073567,0.0012227612710242752,0.002513267286731632,18.98148148147975,28.433641975308692
1765155600,4.7894081449984816,4.791,4.789,4.79,4.801,4.747,4.774,NaN,NaN,NaN,NaN,NaN,NaN,NaN,NaN,NaN,NaN,4.792562500000007,4.796724455665764,4.78840054433425,4.792562500000007,4.794643477832885,4.790481522167129,4.785045242240836,4.790948676583147,4.720533203124997,4.752007812499949,4.7759312500000375,4.792562500000007,0.003892932518533294,49.8868989358373,55.448990876810726,NaN,NaN,NaN,NaN,-0.0011979410902695229,0.0010158409238947286,0.0022137820141642514,20.717592592590517,21.720679012344622
1765156500,4.789704072499241,4.791,4.789704072499241,4.7905,4.801,4.747,4.774,NaN,NaN,NaN,NaN,NaN,NaN,NaN,NaN,NaN,NaN,4.792325000000007,4.796387326914513,4.788262673085501,4.792325000000007,4.794356163457261,4.790293836542753,4.785259154309823,4.790907887802861,4.720592187499998,4.7521789062499495,4.776415625000038,4.792325000000007,0.0037074321601208854,51.1925275593181,54.78362158345521,NaN,NaN,NaN,NaN,-0.0010653989329699749,0.0008820333479517828,0.0019474322809217577,30.555555555552264,23.418209876540843
1765157400,4.79010203624962,4.795,4.79,4.7925,4.801,4.747,4.774,NaN,NaN,NaN,NaN,NaN,NaN,NaN,NaN,NaN,NaN,4.7921500000000075,4.7958493242528855,4.7884506757471295,4.7921500000000075,4.7939996621264465,4.7903003378735685,4.785543109042771,4.791052625275328,4.720653320312497,4.75235468749995,4.776915625000038,4.7921500000000075,0.0037997584343979576,56.11750627995115,54.50647444391234,NaN,NaN,NaN,NaN,-0.0008165931447259749,0.000926690850014289,0.0017432839947402639,44.44444444444445,31.905864197529073
1765158300,4.791301018124811,4.796,4.791301018124811,4.79525,4.801,4.747,4.774,NaN,NaN,NaN,NaN,NaN,NaN,NaN,NaN,NaN,NaN,4.792162500000007,4.795901734541645,4.788423265458369,4.792162500000007,4.7940321172708265,4.7902928827291875,4.78592377143325,4.7914342047957525,4.7207154296874965,4.75253437499995,4.7774562500000375,4.792162500000007,0.00386398868016878,61.82201702083621,54.82289414126674,NaN,NaN,NaN,NaN,-0.00045823394673924185,0.0011704915613162115,0.0016287255080554533,63.88888888888889,46.2962962962952
1765159200,4.793275509062406,4.794,4.792,4.792999999999999,4.801,4.747,4.774,NaN,NaN,NaN,NaN,NaN,NaN,NaN,NaN,NaN,NaN,4.7921250000000075,4.795814512156877,4.788435487843138,4.7921250000000075,4.793969756078442,4.790280243921573,4.786201270592731,4.79157654981432,4.720776757812497,4.752703124999949,4.777956250000038,4.7921250000000075,0.00382013234587104,55.46858092859998,54.76077443924544,NaN,NaN,NaN,NaN,-0.000368038486479236,0.0011686773999564082,0.0015367158864356442,73.14814814814596,60.493827160493105
1765160100,4.793137754531203,4.793137754531203,4.791,4.79225,4.801,4.747,4.774,NaN,NaN,NaN,NaN,NaN,NaN,NaN,NaN,NaN,NaN,4.792162500000007,4.79584106968885,4.788483930311164,4.792162500000007,4.794001784844428,4.790323215155586,4.786438475667525,4.791637772558473,4.7208374999999965,4.75285703124995,4.778415625000038,4.792162500000007,0.003699962501966126,53.49505620148196,54.43903462961432,NaN,NaN,NaN,NaN,-0.0003540857270148991,0.0010941087276670203,0.0014481944546819194,72.22222222221895,69.75308641975127
1765161000,4.792693877265601,4.792693877265601,4.791,4.79125,4.801,4.747,4.774,NaN,NaN,NaN,NaN,NaN,NaN,NaN,NaN,NaN,NaN,4.792200000000007,4.795824913785236,4.788575086214779,4.792200000000007,4.794012456892622,4.790387543107393,4.78662716289625,4.791602520507703,4.720895898437497,4.7529999999999495,4.7788500000000385,4.792200000000007,0.0035566706993686165,50.89493552186934,53.73085429670613,NaN,NaN,NaN,NaN,-0.0004037992250085962,0.0009434454234211742,0.0013472446484297704,57.40740740740302,67.59259259258931
1765161900,4.7919719386328,4.7919719386328,4.79,4.7905,4.801,4.747,4.774,NaN,NaN,NaN,NaN,NaN,NaN,NaN,NaN,NaN,NaN,4.792037500000008,4.795661292891797,4.788413707108219,4.792037500000008,4.793849396445903,4.790225603554114,4.786779038861103,4.791502291370639,4.720953710937497,4.753117968749949,4.779265625000038,4.792037500000008,0.0034434755517565793,48.97238799093629,52.92960192003857,NaN,NaN,NaN,NaN,-0.00047393667997561,0.0007548237984602579,0.001228760478435868,48.14814814814596,59.25925925925598
1765162800,4.7912359693164,4.7912359693164,4.79,4.79075,4.801,4.747,4.774,NaN,NaN,NaN,NaN,NaN,NaN,NaN,NaN,NaN,NaN,4.791900000000007,4.795499999993015,4.788300000006999,4.791900000000007,4.7936999999965115,4.790100000003503,4.786934762827334,4.791433901246036,4.721010742187497,4.753206249999949,4.779678125000038,4.791900000000007,0.0032857965349453884,49.65507500822417,52.17711290174872,NaN,NaN,NaN,NaN,-0.0004883008928308937,0.0006183843623972507,0.0011066852552281444,42.5925925925904,49.38271604937979
1765163700,4.7909929846582,4.793,4.7909929846582,4.792,4.801,4.747,4.774,NaN,NaN,NaN,NaN,NaN,NaN,NaN,NaN,NaN,NaN,4.791887500000008,4.7954842867518765,4.788290713248139,4.791887500000008,4.793685893375942,4.790089106624073,4.787133399579203,4.791485364769123,4.721066796874997,4.753302343749949,4.780100000000038,4.791887500000008,0.003211811068163581,53.03818385541939,51.906104783896104,NaN,NaN,NaN,NaN,-0.00040202392193824715,0.0006041553528053356,0.0010061792747435828,45.370370370368185,45.370370370368185
1765164600,4.7914964923291,4.793,4.7914964923291,4.79275,4.801,4.747,4.774,NaN,NaN,NaN,NaN,NaN,NaN,NaN,NaN,NaN,NaN,4.7919375000000075,4.7955530047962736,4.7883219952037415,4.7919375000000075,4.793745252398141,4.790129747601874,4.787353658419234,4.791600331608294,4.721122851562496,4.753419531249949,4.780521875000039,4.7919375000000075,0.003089789396930501,54.992440817111465,52.04765346525987,NaN,NaN,NaN,NaN,-0.00028818232626674875,0.0006459513669101469,0.0009341336931768956,53.703703703701514,47.22222222222004
1765165500,4.79212324616455,4.794,4.79212324616455,4.794,4.801,4.747,4.774,NaN,NaN,NaN,NaN,NaN,NaN,NaN,NaN,NaN,NaN,4.792000000000007,4.795711468708067,4.788288531291947,4.792000000000007,4.793855734354037,4.790144265645977,4.787614299265539,4.791818483280267,4.721180273437496,4.753535156249949,4.780956250000039,4.792000000000007,0.00300314399968185,58.120478174507404,52.628127264074244,NaN,NaN,NaN,NaN,-0.00013046586463504408,0.0007710513623830906,0.0009015172270181347,65.74074074073636,54.93827160493535
1765166400,4.793061623082275,4.795,4.792,4.7935,4.801,4.747,4.774,NaN,NaN,NaN,NaN,NaN,NaN,NaN,NaN,NaN,NaN,4.791950000000008,4.795550694369073,4.788349305630943,4.791950000000008,4.79375034718454,4.790149652815476,4.787845111059047,4.791971348436606,4.721233398437496,4.753643749999949,4.781412500000039,4.791950000000008,0.0030029194282760116,56.431013955521706,53.332567782220494,NaN,NaN,NaN,NaN,-0.00006490079813356326,0.0008203912293511806,0.0008852920274847438,71.29629629629191,63.580246913576595
1765167300,4.793280811541138,4.793280811541138,4.791,4.79225,4.801,4.747,4.774,NaN,NaN,NaN,NaN,NaN,NaN,NaN,NaN,NaN,NaN,4.791850000000008,4.795297462823754,4.788402537176262,4.791850000000008,4.793573731411881,4.790126268588136,4.78801785180183,4.791996680396915,4.721279687499996,4.753754687499949,4.781862500000039,4.791850000000008,0.0029669966119705467,52.33521593246818,53.74445129872021,NaN,NaN,NaN,NaN,-0.0001082467957741008,0.0007499835327671178,0.0008582303285412186,65.47619047618794,67.50440917107207
1765168200,4.792765405770568,4.792765405770568,4.791,4.7915,4.801,4.747,4.774,NaN,NaN,NaN,NaN,NaN,NaN,NaN,NaN,NaN,NaN,4.791712500000008,4.794980813771926,4.78844418622809,4.791712500000008,4.7933466568859675,4.790078343114049,4.78815440663313,4.791951527633559,4.721324804687496,4.753857812499949,4.782334375000039,4.791712500000008,0.002881168694727511,49.99073794363569,53.751868370705814,NaN,NaN,NaN,NaN,-0.00018542832138740027,0.0006264449268069683,0.0008118732481943686,49.058672964765265,61.94371991241504
1765169100,4.792132702885285,4.792132702885285,4.791,4.79175,4.801,4.747,4.774,NaN,NaN,NaN,NaN,NaN,NaN,NaN,NaN,NaN,NaN,4.791650000000008,4.794864809469924,4.788435190530091,4.791650000000008,4.793257404734966,4.790042595265049,4.788295410294576,4.791933206939599,4.721372851562497,4.753949218749949,4.782781250000039,4.791650000000008,0.002756278279767284,50.78221374965665,53.72256024144428,NaN,NaN,NaN,NaN,-0.0002155310248504762,0.0005424594671312732,0.0007579904919817494,34.706821112916145,49.74722818462311
1765170000,4.7919413514426425,4.795,4.791,4.793,4.801,4.747,4.774,NaN,NaN,NaN,NaN,NaN,NaN,NaN,NaN,NaN,NaN,4.7917250000000084,4.794991879231229,4.788458120768788,4.7917250000000084,4.793358439615619,4.790091560384398,4.788479904008514,4.792030188126908,4.721424999999996,4.7540437499999495,4.783231250000039,4.7917250000000084,0.0028451155454981606,54.64718390185685,53.61753721443754,NaN,NaN,NaN,NaN,-0.00015023869857973184,0.0005701921187570846,0.0007204308173368165,35.89729730339158,39.88759712702433