time,open,high,low,close,Plot,Plot,Mid Price,Breakout Up,Breakout Down,Fake Breakout,Breakout midPrice Up,Breakout midPrice Down,VWAP,Upper Band #1,Lower Band #1,Upper Band #2,Lower Band #2,Basis,Upper,Lower,Basis,Upper,Lower,EMA,EMA,MA,MA,MA,MA,MA,ATR,RSI,RSI-based MA,Regular Bullish,Regular Bullish Label,Regular Bearish,Regular Bearish Label,Histogram,MACD,Signal,%K,%D
1758258000,1.3554259058984224,1.3554259058984224,1.34824,1.351945,1.36612,1.35342,1.3597700000000001,NaN,1.35342,NaN,NaN,NaN,1.3534330406684796,1.3550009546739497,1.3518651266630095,1.3565688686794197,1.3502972126575394,1.3615211250000032,1.369932178064854,1.3531100719351525,1.3615211250000032,1.3657266515324284,1.357315598467578,1.3575604874859586,1.3591322159221595,1.3077132011718688,1.3473594453125028,1.3495825750000117,1.3533864062499998,1.3615211250000032,0.0043753382672781765,27.259032375608754,53.85467766214155,NaN,NaN,NaN,NaN,-0.0016290723408826204,-0.000979111499189722,0.0006499608416928983,10.306491115088159,10.381278837010006
1758272400,1.353685452949211,1.353685452949211,1.3463,1.3485425,1.36612,1.35342,1.3597700000000001,NaN,NaN,NaN,NaN,NaN,1.3523632487313297,1.354563522228648,1.3501629752340114,1.3567637957259664,1.347962701736693,1.360897250000003,1.3710376469214651,1.3507568530785408,1.360897250000003,1.365967448460734,1.3558270515392719,1.3572068409178817,1.3581695144746904,1.3077839804687437,1.347314195312503,1.3496802125000116,1.35332753125,1.360897250000003,0.004590346458844806,22.395577327761657,50.249970284095006,NaN,NaN,NaN,NaN,-0.0018566646024568013,-0.0016708699113781034,0.00018579469107869793,10.413536849979218,9.782522467067942
1758286800,1.3511139764746054,1.3511139764746054,1.34684,1.34795,1.36612,1.35342,1.3597700000000001,NaN,NaN,NaN,NaN,NaN,1.3513337859712897,1.3538404170279512,1.3488271549146282,1.3563470480846127,1.3463205238579667,1.360169625000003,1.3717333954993105,1.3486058545006956,1.360169625000003,1.3659515102496567,1.3543877397503494,1.356843827548553,1.357240467704264,1.3078574765624937,1.3472687109375028,1.3497798625000115,1.35334871875,1.360169625000003,0.004567748602827703,21.67050972334441,46.6770754251312,NaN,NaN,NaN,NaN,-0.0019414914169085477,-0.002241069580056987,-0.0002995781631484391,9.979560709833498,10.23319622496694
1758301200,1.3495319882373027,1.3495319882373027,1.34668,1.347645,1.36612,1.35342,1.3597700000000001,NaN,NaN,NaN,NaN,NaN,1.3510139115252258,1.3535961879562977,1.3484316350941539,1.3561784643873696,1.345849358663082,1.359374875000003,1.3720356663915894,1.3467140836084166,1.359374875000003,1.3657052706957962,1.3530444793042098,1.3564830892133157,1.356368152458422,1.3079325878906187,1.3472325546875028,1.3498776250000117,1.3534681562500002,1.359374875000003,0.0044451942910044805,21.288428227983076,42.97628091992283,NaN,NaN,NaN,NaN,-0.0019096162231369632,-0.002686598442069643,-0.0007769822189326799,6.6230399595343945,9.005379173115687
1758488400,1.3485884941186512,1.3485884941186512,1.34574,1.3469975,1.35596,1.3463,1.35113,NaN,NaN,NaN,NaN,NaN,1.347108664706217,1.347108664706217,1.347108664706217,1.347108664706217,1.347108664706217,1.358462125000003,1.3719043634914272,1.345019886508579,1.358462125000003,1.365183244245715,1.3517410057542911,1.3561111053225974,1.3555162749622018,1.3080064999999939,1.3472024843750028,1.3499655750000117,1.3535850625,1.358462125000003,0.004331144278693538,20.463545196474996,39.023582496562014,NaN,NaN,NaN,NaN,-0.0018237705700427543,-0.0030566954314861228,-0.0012329248614433685,5.344386710168419,7.31566245984542
1758502800,1.3477929970593256,1.3477929970593256,1.34534,1.346415,1.35596,1.3463,1.35113,NaN,NaN,NaN,NaN,NaN,1.3468794205876276,1.347168059215949,1.3465907819593061,1.3474566978442704,1.3463021433309847,1.357515500000003,1.3715388500446164,1.3434921499553896,1.357515500000003,1.3645271750223096,1.3505038249776964,1.3557308658981817,1.3546888863292743,1.3080794960937436,1.3471642109375028,1.3500458500000116,1.353677375,1.357515500000003,0.004196990905881547,19.72314622451249,35.037736077867784,NaN,NaN,NaN,NaN,-0.001700292559427088,-0.0033582905607272284,-0.0016579980013001405,4.982306522368666,5.649911064023811
1758517200,1.3471039985296627,1.35036,1.34594,1.3479975,1.35596,1.3463,1.35113,NaN,NaN,NaN,NaN,NaN,1.3473306475442308,1.3479625246440199,1.3466987704444418,1.348594401743809,1.3460668933446527,1.356663500000003,1.3708251771066602,1.3425018228933456,1.356663500000003,1.3637443385533317,1.3495826614466742,1.3554275966472726,1.3540805784811585,1.3081489765624936,1.347130750000003,1.3501363375000117,1.35379809375,1.356663500000003,0.004212920126890014,27.40752890880205,32.881662448515975,NaN,NaN,NaN,NaN,-0.0014176596846890385,-0.0034300726071614385,-0.0020124129224724,7.544410272764871,5.9570345017673025
1758531600,1.3475507492648313,1.35163,1.3475507492648313,1.3502775,1.35596,1.3463,1.35113,NaN,NaN,NaN,NaN,NaN,1.3479453848480123,1.3491506585087552,1.3467401111872694,1.350355932169498,1.3455348375265266,1.355958875000003,1.3699175742109364,1.3420001757890694,1.355958875000003,1.3629382246054695,1.3489795253945362,1.3552256320728697,1.3537348440737804,1.3082198124999938,1.3471058437500028,1.3502350000000114,1.35396275,1.355958875000003,0.004203372313195642,36.79494873861996,31.698690066707687,NaN,NaN,NaN,NaN,-0.0010023437530862949,-0.003265342613830269,-0.002262998860743974,13.907603464869986,8.811440086667824
1758546000,1.3489141246324157,1.35206,1.3489141246324157,1.3507375,1.35596,1.3463,1.35113,NaN,NaN,NaN,NaN,NaN,1.3485701252921025,1.3501052840869356,1.3470349664972694,1.3516404428817688,1.3454998077024363,1.3552866250000029,1.368886792394625,1.3416864576053806,1.3552866250000029,1.362086708697314,1.3484865413026916,1.3550496268935415,1.3534623582488914,1.3082922167968687,1.3470789921875028,1.3503400375000119,1.354122125,1.3552866250000029,0.004127836817080551,38.52229720953326,30.561256684139654,NaN,NaN,NaN,NaN,-0.0006394998033319478,-0.0030623736149089087,-0.002422873811576961,20.841353865896618,14.097789201177141
1758560400,1.3498258123162077,1.35196,1.3498258123162077,1.3511875,1.35596,1.3463,1.35113,NaN,NaN,NaN,NaN,NaN,1.348770303571268,1.3503847397341693,1.3471558674083666,1.3519991758970706,1.3455414312454652,1.3546085000000028,1.3675921285751,1.3416248714249055,1.3546085000000028,1.3611003142875513,1.3481166857124542,1.354898170936932,1.3532555529535377,1.3083644277343687,1.3470517031250027,1.3504440875000117,1.3542439375,1.3546085000000028,0.003985433307559966,40.242809226294895,29.48595313224814,NaN,NaN,NaN,NaN,-0.00032774578189500875,-0.0028325560389457216,-0.002504810257050713,28.02258894390397,20.92384875822351
1758574800,1.3505066561581038,1.35208,1.3505066561581038,1.3514825000000001,1.35206,1.34534,1.3487,NaN,NaN,NaN,NaN,NaN,1.3513563853860349,1.3513563853860349,1.3513563853860349,1.3513563853860349,1.3513563853860349,1.3538860000000028,1.365835659659423,1.3419363403405826,1.3538860000000028,1.3598608298297128,1.3479111701702928,1.3547642230570525,1.353094366321398,1.3084374433593686,1.3470257343750027,1.3505340250000117,1.35434375,1.3538860000000028,0.003813141202869691,41.40059307138789,29.76543848119876,NaN,NaN,NaN,NaN,-0.00007350133766277156,-0.002596686929129177,-0.0025231855914664056,34.4032465424873,27.755729784095948
1758589200,1.350994578079052,1.35274,1.35032,1.3514725,1.35206,1.34534,1.3487,NaN,NaN,NaN,NaN,NaN,1.3514474781462684,1.3515234465517414,1.3513715097407955,1.3515994149572144,1.3512955413353225,1.3531650000000028,1.3637974404525195,1.3425325595474862,1.3531650000000028,1.358481220226261,1.3478487797737446,1.3546351358783446,1.3529469239285437,1.3085117304687437,1.3470028593750027,1.350614062500012,1.3544280312499999,1.3531650000000028,0.003713631116950434,41.37133137652515,30.29203681844714,NaN,NaN,NaN,NaN,0.00011207244078951639,-0.0023830950404795104,-0.0024951674812690268,42.536849932945394,34.98756180644554
1758603600,1.351233539039526,1.3528,1.3487,1.3506649999999998,1.35206,1.34534,1.3487,NaN,NaN,NaN,NaN,NaN,1.35106359459713,1.351429626432245,1.3506975627620152,1.3517956582673598,1.3503315309269004,1.3525622500000027,1.3622877810767844,1.342836718923221,1.3525622500000027,1.3574250155383936,1.347699484461612,1.3544794442752723,1.352739476298676,1.3085869062499937,1.3469740234375027,1.3506916000000118,1.3545099375,1.3525622500000027,0.0037412288943111166,38.97573086666596,30.704209520715807,NaN,NaN,NaN,NaN,0.00019372666953326387,-0.002253009144352447,-0.002446735813885711,47.35575193790578,41.43194947111281
1758618000,1.350949269519763,1.35298,1.34972,1.3513875,1.35206,1.34534,1.3487,NaN,NaN,NaN,NaN,NaN,1.3511553396497271,1.3514897975232525,1.3508208817762017,1.3518242553967779,1.3504864239026764,1.352044875000003,1.3608177528722818,1.343271997127724,1.352044875000003,1.3564313139361424,1.3476584360638635,1.354358191558595,1.3526165693624328,1.3086629394531186,1.3469449609375028,1.3507696125000117,1.3546067499999999,1.352044875000003,0.003706855401860325,42.200643170452956,31.408294403140527,NaN,NaN,NaN,NaN,0.00030316517155219713,-0.0020677793494454644,-0.0023709445209976615,53.04145477122779,47.64468554735964
1758632400,1.3511683847598814,1.35366,1.3506,1.3522,1.35206,1.34534,1.3487,1.35206,NaN,NaN,NaN,NaN,1.3514524214723584,1.351987950413454,1.350916892531263,1.3525234793545495,1.3503813635901674,1.3515532500000027,1.3590399640808024,1.344066535919203,1.3515532500000027,1.3552966070404024,1.347809892959603,1.3542735565955129,1.3525786994203934,1.3087381621093688,1.3469180000000027,1.3508454500000118,1.35471084375,1.3515532500000027,0.0036606514445845922,45.677337970650235,32.7238876599292,NaN,NaN,NaN,NaN,0.0004293339856685898,-0.0018342770389119245,-0.0022636110245805143,63.64983696275743,54.68234789063032
1758646800,1.3516841923799408,1.35272,1.35135,1.35218,1.35206,1.34534,1.3487,NaN,NaN,NaN,NaN,NaN,1.3515449219250475,1.3520876437325857,1.3510022001175093,1.352630365540124,1.350459478309971,1.3510493750000028,1.35672367646922,1.3453750735307854,1.3510493750000028,1.3538865257346113,1.3482122242653942,1.3541914563368653,1.3525424540185396,1.3088113164062436,1.3468982421875029,1.350907350000012,1.35480775,1.3510493750000028,0.0034970334842571124,45.604619671920716,34.38167639879771,NaN,NaN,NaN,NaN,0.0005052683134404304,-0.0016320256327799765,-0.002137293946220407,74.79063297620836,63.82730823673118
1758661200,1.3519320961899703,1.35284,1.35142,1.352085,1.35366,1.3487,1.35118,NaN,NaN,NaN,NaN,NaN,1.3521150000000002,1.3521150000000002,1.3521150000000002,1.3521150000000002,1.3521150000000002,1.3508065000000027,1.3558294934777584,1.345783506522247,1.3508065000000027,1.3533179967388806,1.3482950032611247,1.354108850206008,1.3525008672895815,1.3088863984374937,1.3468867656250028,1.3509582750000118,1.35491909375,1.3508065000000027,0.003348673949667317,45.23622985297815,36.06494212234298,NaN,NaN,NaN,NaN,0.0005397981019600881,-0.001462546318770297,-0.002002344420730385,81.82723381746962,73.4225679188118
1758675600,1.352008548094985,1.352008548094985,1.35055,1.3511425000000001,1.35366,1.3487,1.35118,NaN,NaN,NaN,NaN,NaN,1.3516435814829584,1.3520831652370935,1.3512039977288233,1.3525227489912286,1.3507644139746882,1.3505951250000026,1.355167784911651,1.346022465088354,1.3505951250000026,1.3528814549558268,1.3483087950441783,1.3539925227469487,1.3523773793541651,1.3089614999999937,1.346867789062503,1.3509983000000116,1.35502253125,1.3505951250000026,0.00321912581040537,41.642251775665144,37.518786661463125,NaN,NaN,NaN,NaN,0.0004912504396940693,-0.0013882813711127984,-0.0018795318108068676,77.67427884615331,78.09738187994374
1758690000,1.3515755240474925,1.3515755240474925,1.34734,1.3494624999999998,1.35366,1.3487,1.35118,NaN,NaN,NaN,NaN,NaN,1.350670097127366,1.3518040125256645,1.3495361817290674,1.352937927923963,1.3484022663307689,1.3503185000000024,1.354440140569125,1.3461968594308797,1.3503185000000024,1.3523793202845638,1.348257679715441,1.3538148747960879,1.3521123903219683,1.3090334453124937,1.3468455781250028,1.3510229000000118,1.355090375,1.3503185000000024,0.003291725684483022,36.13175575005975,38.637944558147744,NaN,NaN,NaN,NaN,0.0003449912032429485,-0.001448292806753182,-0.0017932840099961305,66.78685897435797,75.42945721266028
1758704400,1.3505190120237462,1.3505190120237462,1.34364,1.346345,1.35366,1.3487,1.35118,NaN,1.3487,NaN,NaN,NaN,1.3494670535336584,1.3514793494195594,1.3474547576477574,1.3534916453054604,1.3454424617618563,1.3499058750000026,1.3538811304215694,1.3459306195784357,1.3499058750000026,1.3518935027107861,1.347918247289219,1.3535219385295747,1.3515880821108803,1.3091031386718686,1.3468161796875031,1.3510335250000116,1.35510603125,1.3499058750000026,0.0035479604230018278,28.575148540560733,39.27023043786547,NaN,NaN,NaN,NaN,0.00005263119946246806,-0.0017274950106680453,-0.0017801262101305134,48.7622911228815,64.40780964779758
1758718800,1.348432006011873,1.348432006011873,1.34266,1.3443199999999997,1.35366,1.3487,1.35118,NaN,NaN,NaN,NaN,NaN,1.3481268769158967,1.3507350293004996,1.3455187245312938,1.3533431816851025,1.342910572146691,1.3495246250000026,1.3540666557313428,1.3449825942686624,1.3495246250000026,1.3517956403656726,1.3472536096343326,1.3531610781950816,1.3509273473735275,1.3091698691406186,1.3467839765625027,1.3510369375000115,1.35508415625,1.3495246250000026,0.0037068208222069193,24.92818303122202,39.09313430375261,NaN,NaN,NaN,NaN,-0.00024637509976641893,-0.002088095084838537,-0.0018417199850721182,30.545398640362958,48.69818291253413
1758733200,1.3463760030059364,1.3463760030059364,1.34422,1.3447149999999999,1.35366,1.3487,1.35118,NaN,NaN,NaN,NaN,NaN,1.3477828728977044,1.3504191733542557,1.345146572441153,1.353055473810807,1.3425102719846018,1.3493332500000024,1.3543249561443098,1.344341543855695,1.3493332500000024,1.351829103072156,1.3468373969278487,1.3528298594423334,1.3503625885213886,1.3092335664062436,1.3467604687500028,1.3510443750000116,1.35502296875,1.3493332500000024,0.0035960481210447416,26.888321119361876,38.38551804523418,NaN,NaN,NaN,NaN,-0.00037887247880491037,-0.002315310583578256,-0.0019364381047733458,20.256245085585068,33.18797828294316
1758747600,1.345545501502968,1.34578,1.3444,1.3452075,1.35284,1.34266,1.34775,NaN,NaN,NaN,NaN,NaN,1.3451291666666665,1.3451291666666665,1.3451291666666665,1.3451291666666665,1.3451291666666665,1.3491961250000024,1.3544747236462258,1.343917526353779,1.3491961250000024,1.351835424323114,1.3465568256768907,1.3525309433857713,1.3498939441103532,1.3092949511718686,1.3467445312500028,1.3510518500000117,1.35492959375,1.3491961250000024,0.003437758969541541,29.36474553441397,37.73140721129709,NaN,NaN,NaN,NaN,-0.00039297381169140725,-0.0024276553693876046,-0.0020346815576961974,18.977272727271345,23.259638817739773
1758762000,1.345376500751484,1.34647,1.34492,1.3458475,1.35284,1.34266,1.34775,NaN,NaN,NaN,NaN,NaN,1.345476105458035,1.3457820124094813,1.345170198506589,1.3460879193609274,1.3448642915551428,1.3491062500000024,1.3545461722174548,1.34366632778255,1.3491062500000024,1.3518262111087287,1.346386288891276,1.3522688475667215,1.3495260855548665,1.3093560156249935,1.3467316171875028,1.3510560125000117,1.3548584375,1.3491062500000024,0.0033029190431457284,32.56146742113877,37.18273993950022,NaN,NaN,NaN,NaN,-0.0003218188091707549,-0.002436955069159641,-0.002115136259988886,23.60606060606023,20.946526139638866
1758776400,1.3456120003757421,1.34671,1.34344,1.345435,1.35284,1.34266,1.34775,NaN,NaN,NaN,NaN,NaN,1.345353673888538,1.3456224650671345,1.3450848827099418,1.3458912562457308,1.3448160915313454,1.3490281250000025,1.354629427497424,1.343426822502581,1.3490281250000025,1.3518287762487133,1.3462274737512916,1.3520008535444972,1.3491541686862423,1.3094169140624936,1.346719156250003,1.3510602875000117,1.35480534375,1.3490281250000025,0.003300567682921041,31.56976062019764,36.480537621558064,NaN,NaN,NaN,NaN,-0.0002673914511215308,-0.0024493755738907996,-0.002181984122769269,25.78787878787855,22.79040404040336
1758790800,1.3455235001878711,1.34594,1.33723,1.3417124999999999,1.35284,1.34266,1.34775,NaN,1.34266,NaN,NaN,NaN,1.3440559503574685,1.3458443976290644,1.3422675030858726,1.3476328449006603,1.3404790558142767,1.3487930000000024,1.355156288770965,1.3424297112290398,1.3487930000000024,1.3519746443854836,1.345611355614521,1.3515973886996149,1.3484776533511293,1.3094754472656187,1.346697187500003,1.3510414875000116,1.354706375,1.3487930000000024,0.0036869557055695377,24.35960034757062,35.265413976632736,NaN,NaN,NaN,NaN,-0.00043692885663623986,-0.0027281451935645684,-0.0022912163369283286,27.162318559914294,25.518752651284345
1758805200,1.3436180000939355,1.3436180000939355,1.33362,1.3363450000000001,1.35284,1.34266,1.34775,NaN,NaN,NaN,NaN,NaN,1.3419552816232985,1.345228608206275,1.338681955040322,1.3485019347892515,1.3354086284573454,1.3482103750000023,1.3565768326237355,1.339843917376269,1.3482103750000023,1.352393603811869,1.3440271461881357,1.350999255809434,1.347374684864663,1.3095306210937436,1.346662875000003,1.3509911875000116,1.354526125,1.3482103750000023,0.004137744590452819,17.982256342446107,33.765880082045605,NaN,NaN,NaN,NaN,-0.0008419398138241239,-0.0033436411042084835,-0.0025017012903843596,22.035829114562446,24.99534215411842
1758819600,1.3399815000469677,1.3399815000469677,1.33238,1.3338575000000001,1.35284,1.34266,1.34775,NaN,NaN,NaN,NaN,NaN,1.3410701489286612,1.3448490030892497,1.3372912947680726,1.3486278572498382,1.333512440607484,1.3473893750000023,1.357764723291505,1.3370140267084996,1.3473893750000023,1.3525770491457538,1.3422017008542508,1.350327030091417,1.3461458498769665,1.3095836914062438,1.346618859375003,1.3509393000000116,1.35429090625,1.3473893750000023,0.004385155694489604,15.90420035921069,31.887562738385444,NaN,NaN,NaN,NaN,-0.0011875958647580213,-0.003986196121331886,-0.002798600256573865,15.941117904720192,21.713088526398963
1758834000,1.336919500023484,1.336919500023484,1.33296,1.3342125,1.34671,1.33238,1.339545,NaN,NaN,NaN,NaN,NaN,1.3346973333411611,1.3346973333411611,1.3346973333411611,1.3346973333411611,1.3346973333411611,1.3465631250000025,1.3582849471564848,1.3348413028435202,1.3465631250000025,1.3524240360782438,1.3407022139217613,1.3496950877348908,1.3450609998881513,1.3096357519531185,1.346583148437503,1.3509011375000117,1.3540418124999998,1.3465631250000025,0.004354751717989203,17.371745884259923,29.86573473221471,NaN,NaN,NaN,NaN,-0.001293821068384376,-0.004415876592054335,-0.0031220555236699593,9.832481325907496,15.936476115063364
1758848400,1.335566000011742,1.335566000011742,1.33396,1.3348775,1.34671,1.33238,1.339545,NaN,NaN,NaN,NaN,NaN,1.3347504294268457,1.3348023326932539,1.3346985261604376,1.334854235959662,1.3346466228940295,1.3457476250000024,1.3583084669769059,1.333186783023099,1.3457476250000024,1.3520280459884542,1.3394672040115507,1.3491140058629343,1.3441352271710467,1.3096874082031187,1.346557148437503,1.3508615750000115,1.3538010624999999,1.3457476250000024,0.004158412310400113,20.181690619116367,28.04981122844297,NaN,NaN,NaN,NaN,-0.001221674799050549,-0.0046491490224831455,-0.0034274742234325964,9.368794818179943,11.71413134960253
1758862800,1.335221750005871,1.33708,1.33447,1.3358775,1.34671,1.33238,1.339545,NaN,NaN,NaN,NaN,NaN,1.3352487590053819,1.3357785643151987,1.334718953695565,1.3363083696250155,1.3341891483857482,1.3449673750000024,1.35793833125502,1.3319964187449849,1.3449673750000024,1.3514528531275112,1.3384818968724936,1.3485949272016426,1.3433845247009515,1.3097391718749936,1.3465340078125032,1.3508248500000115,1.3535579375,1.3449673750000024,0.004047811431085819,24.348010341316964,26.557795549038598,NaN,NaN,NaN,NaN,-0.0010173474113837917,-0.004699158487662336,-0.0036818110762785444,12.993893310042509,10.731723151376636
1758877200,1.3355496250029355,1.33772,1.33434,1.3365675000000001,1.34671,1.33238,1.339545,NaN,NaN,NaN,NaN,NaN,1.3355871796350023,1.3362135009274312,1.3349608583425734,1.33683982221986,1.3343345370501445,1.3442221250000024,1.3573245051528497,1.331119744847155,1.3442221250000024,1.350773315076426,1.3376709349235787,1.3481232633898135,1.342764795182683,1.3097906367187435,1.346512812500003,1.3507910625000117,1.3533085,1.3442221250000024,0.004000110614579685,27.172745789165845,25.52425940714579,NaN,NaN,NaN,NaN,-0.0007583473740612203,-0.00462974529385507,-0.0038713979197938495,17.280053612760064,13.214247246994171
1758891600,1.3360585625014678,1.34132,1.3360585625014678,1.3391075000000001,1.34671,1.33238,1.339545,NaN,NaN,NaN,NaN,NaN,1.3366452303095764,1.3382497378146114,1.3350407228045413,1.3398542453196465,1.3334362152995063,1.3436442500000025,1.3565773995673271,1.330711100432678,1.3436442500000025,1.3501108247836648,1.3371776752163402,1.3477697040411933,1.3424323138024392,1.3098438398437435,1.346497531250003,1.3507616625000118,1.3530824687499998,1.3436442500000025,0.004090205392004868,36.56284973853966,25.555051834894357,NaN,NaN,NaN,NaN,-0.0003588656839272463,-0.004319980024702907,-0.003961114340775661,25.573995007823793,18.61598064354212
1758906000,1.337583031250734,1.34117,1.337583031250734,1.3402325,1.34671,1.33238,1.339545,NaN,NaN,NaN,NaN,NaN,1.3369270643413367,1.3386890731019627,1.3351650555807106,1.3404510818625888,1.3334030468200846,1.3430865000000023,1.3555908368869851,1.3305821631130195,1.3430865000000023,1.3493386684434938,1.3368343315565108,1.347474127412127,1.34223233072949,1.3098995058593685,1.346483078125003,1.3507239625000118,1.3528779062499998,1.3430865000000023,0.004054259917523521,40.23823897821631,26.38812972329833,NaN,NaN,NaN,NaN,0.000018241627480754426,-0.003938312306424718,-0.003956553933905473,35.940889976951595,26.26497953251182
1759093200,1.338907765625367,1.3425,1.338907765625367,1.34116,1.34132,1.33296,1.33714,NaN,NaN,NaN,NaN,NaN,1.3408559218751221,1.3408559218751221,1.3408559218751221,1.3408559218751221,1.3408559218751221,1.3425345000000024,1.3543358020036145,1.3307331979963903,1.3425345000000024,1.3484351510018084,1.3366338489981964,1.3472265145724356,1.3421348461177183,1.3099549804687434,1.346481523437503,1.3506812125000118,1.3527091875,1.3425345000000024,0.004021258093031346,43.162017090298455,27.690546441803786,NaN,NaN,NaN,NaN,0.0003489109583998764,-0.0035204152359056273,-0.0038693261943055037,49.09258377974863,36.86915625484134
1759107600,1.3400338828126834,1.34418,1.3400338828126834,1.3429925,1.34132,1.33296,1.33714,1.34132,NaN,NaN,NaN,NaN,1.3418923635175017,1.3426192340195338,1.3411654930154697,1.3433461045215658,1.3404386225134377,1.3420751250000025,1.353023250235369,1.331126999764636,1.3420751250000025,1.3475491876176857,1.3366010623823192,1.3470604747852812,1.3422128146524712,1.3100094335937436,1.346495250000003,1.350643600000012,1.3525843437499998,1.3420751250000025,0.004030176599766,48.52081562423327,29.235724620723172,NaN,NaN,NaN,NaN,0.0006900993771731772,-0.003006701972839032,-0.0036968013500122093,61.415700910878314,48.81639155585952
1759122000,1.3415131914063418,1.34504,1.3415131914063418,1.34388,1.34132,1.33296,1.33714,NaN,NaN,NaN,NaN,NaN,1.3426827846026865,1.3436279122680388,1.3417376569373343,1.344573039933391,1.340792529271982,1.3416648750000024,1.3516548810645128,1.331674868935492,1.3416648750000024,1.3466598780322576,1.3366698719677472,1.3469357502838977,1.3423643769567921,1.3100662968749934,1.346510500000003,1.350611637500012,1.3524781249999998,1.3416648750000024,0.003994221742186869,50.93361862699947,30.77635841305071,NaN,NaN,NaN,NaN,0.0009581147273445248,-0.0024991579408315534,-0.0034572726681760782,71.85973482205125,60.789339837559396
1759136400,1.342696595703171,1.34571,1.34245,1.3442175,1.34132,1.33296,1.33714,NaN,NaN,NaN,NaN,NaN,1.3431738944312268,1.344201887309077,1.3421459015533765,1.3452298801869274,1.3411179086755263,1.3413186250000027,1.3504103117888822,1.3322269382111231,1.3413186250000027,1.3458644683944425,1.3367727816055628,1.3468291522335487,1.3425328426879928,1.3101252167968684,1.346525765625003,1.3505816875000118,1.35236765625,1.3413186250000027,0.003941777332030667,51.85769357993291,32.154660281536,NaN,NaN,NaN,NaN,0.001128933355813897,-0.0020461059734087073,-0.003175039329222604,78.97185391951605,70.74909655081521
1759150800,1.3434570478515855,1.34522,1.34158,1.3437649999999999,1.34132,1.33296,1.33714,NaN,NaN,NaN,NaN,NaN,1.3432817613572776,1.3441505961402318,1.3424129265743234,1.345019430923186,1.3415440917913692,1.3410337500000025,1.3494162653582409,1.332651234641764,1.3410337500000025,1.3452250076791217,1.3368424923208833,1.3467089894008606,1.3426448569890843,1.3101832871093684,1.3465380078125029,1.350534875000012,1.35225028125,1.3410337500000025,0.0039202218083141975,50.48487255221454,33.50573970525149,NaN,NaN,NaN,NaN,0.0011768873454714051,-0.001703930147383348,-0.002880817492854753,82.27260610102762,77.70139828086498
1759165200,1.3436110239257926,1.3439,1.34231,1.3431000000000002,1.34132,1.33296,1.33714,NaN,NaN,NaN,NaN,NaN,1.3432621793397928,1.3440838477252417,1.3424405109543438,1.3449055161106906,1.3416188425688949,1.3408715000000024,1.3489568735833246,1.3327861264166803,1.3408715000000024,1.3449141867916634,1.3368288132083415,1.3465674604047484,1.3426862336264402,1.3102409121093683,1.346549250000003,1.3504686125000118,1.3521182812499997,1.3408715000000024,0.0037537773934346263,48.45473846003636,35.22682099899905,NaN,NaN,NaN,NaN,0.0011290747145457432,-0.0014694740996725741,-0.0025985488142183173,82.32890070503527,81.19112024185965
1759179600,1.3433555119628964,1.34379,1.34206,1.342825,1.34571,1.33958,1.342645,NaN,NaN,NaN,NaN,NaN,1.3428916666666666,1.3428916666666666,1.3428916666666666,1.3428916666666666,1.3428916666666666,1.3407967500000024,1.348780215270923,1.332813284729082,1.3407967500000024,1.3447884826354626,1.3368050173645423,1.346420697251621,1.3426988487513094,1.3103009492187434,1.346552953125003,1.3503986375000117,1.3519805624999999,1.3407967500000024,0.0036092218653321533,47.60225354017147,37.34253508455087,NaN,NaN,NaN,NaN,0.0010460593374923837,-0.0012909746423528379,-0.0023370339798452215,80.9124570965755,81.83798796754613
1759194000,1.3430902559814482,1.34388,1.34206,1.343075,1.34571,1.33958,1.342645,NaN,NaN,NaN,NaN,NaN,1.3429659405394148,1.3430198023732147,1.3429120787056148,1.3430736642070147,1.3428582168718148,1.3407147500000025,1.3485681804435927,1.3328613195564123,1.3407147500000025,1.3446414652217977,1.3367880347782073,1.346289493437832,1.3427330443193721,1.3103617402343681,1.3465557343750028,1.3503270500000115,1.35185328125,1.3407147500000025,0.003481420303522709,48.48948782940706,39.67005561813632,NaN,NaN,NaN,NaN,0.0009764514570761887,-0.0011164696584999856,-0.0020929211155761743,79.37017587730337,80.87051122630471
1759208400,1.3430826279907242,1.34522,1.34284,1.3441200000000002,1.34571,1.33958,1.342645,NaN,NaN,NaN,NaN,NaN,1.3435598808520768,1.3441061107297525,1.343013650974401,1.3446523406074282,1.3424674210967253,1.3406603750000026,1.3484029022469035,1.3329178477531016,1.3406603750000026,1.344531638623453,1.3367891113765522,1.3462044152637993,1.3428591311994291,1.3104234726562434,1.3465651484375027,1.3502584250000118,1.3517397499999997,1.3406603750000026,0.003402747424699662,52.1377011754182,42.153338138933336,NaN,NaN,NaN,NaN,0.0009674056082672601,-0.000883664105242099,-0.0018510697135093591,81.38616923734558,80.55626740374147
1759222800,1.3436013139953622,1.34522,1.34248,1.34413,1.34571,1.33958,1.342645,NaN,NaN,NaN,NaN,NaN,1.343674045183462,1.3441642268940643,1.3431838634728595,1.3446544086046668,1.342693681762257,1.3405745000000024,1.3481206007469158,1.3330283992530891,1.3405745000000024,1.344347550373459,1.336801449626546,1.3461230656456111,1.3429746647267538,1.3104856367187432,1.3465792421875027,1.3501884625000118,1.35163165625,1.3405745000000024,0.003355408322935414,52.17260953479558,44.43840377576756,NaN,NaN,NaN,NaN,0.0009285368708117688,-0.0006903986249946481,-0.001618935495806417,83.96840010728846,81.57491507397914
1759237200,1.3438656569976812,1.34672,1.34136,1.34456,1.34571,1.33958,1.342645,NaN,NaN,NaN,NaN,NaN,1.3438597022247651,1.3443321567879525,1.3433872476615778,1.3448046113511398,1.3429147930983905,1.3405307500000023,1.3479730567818533,1.3330884432181513,1.3405307500000023,1.3442519033909277,1.336809596609077,1.3460617689536263,1.3431187861152307,1.3105465175781181,1.346594156250003,1.3501234125000119,1.35154115625,1.3405307500000023,0.003498593442725728,53.73518100551858,46.53748739463911,NaN,NaN,NaN,NaN,0.000897700383414106,-0.0004968100165387845,-0.0013945103999528905,85.04145700910134,83.4653421179118
1759251600,1.3442128284988406,1.34639,1.34398,1.3451825,1.34571,1.33958,1.342645,NaN,NaN,NaN,NaN,NaN,1.3440253603012677,1.344647662821442,1.3434030577810934,1.3452699653416165,1.342780755260919,1.3407042500000024,1.3484059361941643,1.3330025638058405,1.3407042500000024,1.3445550930970833,1.3368534069029214,1.34602728781819,1.3433063964683916,1.3106077128906182,1.3466098671875029,1.3500660000000122,1.3514488124999997,1.3407042500000024,0.0034208367682453207,55.977480814581,48.59496846788305,NaN,NaN,NaN,NaN,0.0008837537138914654,-0.00028981825758855884,-0.0011735719714800242,84.74505122806197,84.58496944815059
1759266000,1.3446976642494204,1.3452,1.3436,1.3443225,1.34672,1.34136,1.3440400000000001,NaN,NaN,NaN,NaN,NaN,1.3443741666666664,1.3443741666666664,1.3443741666666664,1.3443741666666664,1.3443741666666664,1.3411031250000025,1.3486858223874671,1.3335204276125379,1.3411031250000025,1.3448944736937347,1.3373117763062703,1.3459604333939472,1.3433987695167195,1.3106679023437433,1.3466221640625027,1.350018312500012,1.3513022499999998,1.3411031250000025,0.003290776999084944,52.212513647732784,49.71280160425398,NaN,NaN,NaN,NaN,0.0007845004223763921,-0.00019294644350953405,-0.0009774468658859262,80.63060538287091,83.47237120667808
1759280400,1.3445100821247102,1.34642,1.34348,1.3450725,1.34672,1.34136,1.3440400000000001,NaN,NaN,NaN,NaN,NaN,1.3447263785843724,1.3450315737918108,1.344421183376934,1.3453367689992493,1.3441159881694955,1.3416638750000025,1.3486560784201775,1.3346716715798275,1.3416638750000025,1.3451599767100901,1.3381677732899149,1.3459256124765375,1.3435509268333814,1.3107279179687432,1.3466349765625028,1.3499791750000119,1.35114571875,1.3416638750000025,0.003265721499150301,55.051790460440586,50.77091242441286,NaN,NaN,NaN,NaN,0.000737940018005346,-0.00005502184337924376,-0.0007929618613845898,79.41686503082353,81.5975072139188
1759294800,1.344791291062355,1.34805,1.344791291062355,1.3466225,1.34672,1.34136,1.3440400000000001,NaN,NaN,NaN,NaN,NaN,1.3457108097151038,1.3466086476258514,1.3448129718043562,1.347506485536599,1.3439151338936086,1.3422843750000026,1.3487002788465918,1.3358684711534135,1.3422843750000026,1.3454923269232972,1.339076423076708,1.3459529413990263,1.3438301607576195,1.310790146484368,1.3466477656250027,1.3499460250000122,1.3510110625,1.3422843750000026,0.0032652206018999237,60.301366434684226,51.99515166329756,NaN,NaN,NaN,NaN,0.000776219484283241,0.00017731249396946147,-0.0005989069903137795,78.28795131103637,79.44514057491027
1759309200,1.3457068955311775,1.3522,1.3457068955311775,1.3490025,1.34672,1.34136,1.3440400000000001,1.34672,NaN,NaN,NaN,NaN,1.3470643615526874,1.3488109063467366,1.3453178167586382,1.3505574511407858,1.343571271964589,1.3429906250000028,1.3490916861509932,1.3368895638490124,1.3429906250000028,1.346041155575498,1.3399400944245075,1.3460725319323978,1.3443003734160177,1.3108537128906184,1.3466664453125028,1.349920425000012,1.3509188437500002,1.3429906250000028,0.003495783735251541,66.72722043242749,53.295609149597155,NaN,NaN,NaN,NaN,0.0009168677647369567,0.0005471777156074165,-0.00036969004912954027,77.20205903807037,78.30229179331009
1759323600,1.3473546977655888,1.35276,1.34653,1.3494975,1.34672,1.34136,1.3440400000000001,NaN,NaN,NaN,NaN,NaN,1.3478961153752156,1.3497567345838655,1.3460354961665657,1.3516173537925154,1.3441748769579158,1.3436716250000027,1.3494782142027455,1.33786503579726,1.3436716250000027,1.346574919601374,1.3407683303986313,1.3462068444056372,1.344772839469107,1.3109177851562432,1.3466871953125028,1.349893237500012,1.3508511562499999,1.3436716250000027,0.0036910848970192855,67.89132140827726,54.50687363397414,NaN,NaN,NaN,NaN,0.0009919197960358123,0.000870209695915225,-0.0001217101001205872,74.6921576929831,76.72738934736329
1759338000,1.3484260988827943,1.34896,1.34687,1.3477450000000002,1.34672,1.34136,1.3440400000000001,NaN,NaN,NaN,NaN,NaN,1.3478926116878092,1.3496648946955587,1.3461203286800596,1.3514371777033083,1.34434804567231,1.3442305000000025,1.3492992149734278,1.3391617850265773,1.3442305000000025,1.3467648574867153,1.3416961425132898,1.3462671642328672,1.3450430358810064,1.3109805996093684,1.3466955546875028,1.349854100000012,1.3507715937499998,1.3442305000000025,0.003615114547232194,59.90085544076621,55.08138519546223,NaN,NaN,NaN,NaN,0.0008762320323864796,0.0009735799403625123,0.00009734790797603273,65.96437280162333,72.6195298442256
1759352400,1.3480855494413972,1.34834,1.34692,1.347485,1.35276,1.34348,1.34812,NaN,NaN,NaN,NaN,NaN,1.3475816666666667,1.3475816666666667,1.3475816666666667,1.3475816666666667,1.3475816666666667,1.3446493750000026,1.3493247760170666,1.3399739739829386,1.3446493750000026,1.3469870755085347,1.3423116744914705,1.346314922498245,1.3452650326190967,1.3110416933593683,1.3467056640625026,1.349810500000012,1.3506741875,1.3446493750000026,0.003458320651001337,58.795250191751514,55.674983598286296,NaN,NaN,NaN,NaN,0.0007403075574454905,0.001022732354782896,0.0002824247973374054,60.3728070175444,67.00977917071694
1759366800,1.3477852747206986,1.34879,1.34675,1.3475125000000001,1.35276,1.34348,1.34812,NaN,NaN,NaN,NaN,NaN,1.347651002339807,1.3476989551424368,1.3476030495371771,1.3477469079450666,1.3475550967345473,1.3450133750000026,1.3493799675697191,1.3406467824302861,1.3450133750000026,1.3471966712848609,1.3428300787151444,1.3463618863218432,1.3454693478355424,1.3111018007812432,1.3467248203125028,1.349770862500012,1.3505661249999998,1.3450133750000026,0.003357012033072673,58.881696466872896,56.419766313060336,NaN,NaN,NaN,NaN,0.0006154847571734253,0.001051780743804187,0.00043629598663076175,54.56871345029315,60.30196442315361
1759381200,1.3476488873603494,1.35104,1.34692,1.3489925,1.35276,1.34348,1.34812,NaN,NaN,NaN,NaN,NaN,1.3483271291168302,1.3489944925515034,1.347659765682157,1.3496618559861766,1.3469924022474837,1.3454050000000026,1.3497236383829203,1.341086361617085,1.3454050000000026,1.3475643191914615,1.3432456808085438,1.3464650476425553,1.3457896343959477,1.3111634765624933,1.3467484843750026,1.3497373375000121,1.3504797499999999,1.3454050000000026,0.0034115111735674906,63.33941002116595,57.543848918845654,NaN,NaN,NaN,NaN,0.0005954560313924976,0.0011806160258713838,0.0005851599944788862,58.216374269006195,57.71929824561457
1759395600,1.3483206936801748,1.35081,1.34638,1.3485575,1.35276,1.34348,1.34812,NaN,NaN,NaN,NaN,NaN,1.348417868911891,1.348967468591506,1.347868269232276,1.349517068271121,1.347318669552661,1.3456832500000027,1.3500609851714875,1.3413055148285178,1.3456832500000027,1.347872117585745,1.3434943824142602,1.346547104597749,1.3460412585417707,1.3112244042968684,1.3467717500000027,1.349701300000012,1.3503845,1.3456832500000027,0.003484260375455538,61.2380028340727,58.45445713346463,NaN,NaN,NaN,NaN,0.0005185921492507657,0.0012334001810423434,0.0007148080317915777,61.35233918128703,58.045808966862104
1759410000,1.3484390968400874,1.3484390968400874,1.34011,1.3443675,1.35276,1.34348,1.34812,NaN,NaN,NaN,NaN,NaN,1.34698439830055,1.3489935882062676,1.3449752083948325,1.351002778111985,1.342966018489115,1.3457076250000024,1.350050214800081,1.3413650351999238,1.3457076250000024,1.3478789199000416,1.3435363300999632,1.3464616299076413,1.345889098674337,1.3112807617187434,1.3467733203125027,1.3496475250000122,1.3502196249999998,1.3457076250000024,0.00383877749149444,45.558962580638195,57.98454723383748,NaN,NaN,NaN,NaN,0.0001693171198514444,0.0009264544316058831,0.0007571373117544387,54.58128192681994,58.0499984590377
1759424400,1.3464032984200438,1.3464032984200438,1.34359,1.3441625,1.35276,1.34348,1.34812,NaN,NaN,NaN,NaN,NaN,1.346726235379794,1.348749892249936,1.344702578509652,1.3507735491200779,1.34267892163951,1.3457048750000022,1.3500513038412028,1.3413584461588017,1.3457048750000022,1.3478780894206026,1.3435316605794019,1.3463714679504788,1.345732135158488,1.3113359902343684,1.3467658984375026,1.3495962875000123,1.3500229375,1.3457048750000022,0.003765528986390819,44.95253745122799,57.468827799296946,NaN,NaN,NaN,NaN,-0.0000784628826291093,0.0006590587084680521,0.0007375215910971614,42.942554839008096,52.95872531570501
1759438800,1.3452828992100219,1.3455,1.34354,1.3443824999999998,1.35104,1.34011,1.345575,NaN,NaN,NaN,NaN,NaN,1.3444741666666664,1.3444741666666664,1.3444741666666664,1.3444741666666664,1.3444741666666664,1.3457357500000025,1.3500351386464167,1.3414363613535882,1.3457357500000025,1.3478854443232096,1.3435860556767953,1.3462934692073227,1.345609441053171,1.3113901542968684,1.3467520625000027,1.3495548375000124,1.3498226875,1.3457357500000025,0.0036365626302200436,45.78653359656408,56.9010672700859,NaN,NaN,NaN,NaN,-0.00022233739145212036,0.000459599851782011,0.0006819372432341314,33.155467720684804,43.55976816217093
1759453200,1.3448326996050108,1.34508,1.34333,1.3441100000000001,1.35104,1.34011,1.345575,NaN,NaN,NaN,NaN,NaN,1.3442651482099137,1.3444036798088257,1.3441266166110017,1.3445422114077377,1.3439880850120898,1.3457862500000022,1.3499831201119874,1.341589379888017,1.3457862500000022,1.347884685055995,1.3436878149440095,1.3462078429638984,1.3454731282301553,1.3114441347656185,1.3467363437500026,1.3495216500000122,1.3496229375,1.3457862500000022,0.0035018081566329075,44.87954117942217,56.10835729614599,NaN,NaN,NaN,NaN,-0.00032446725788131965,0.0002763531708824818,0.0006008204287638014,32.47694334650879,36.19165530206721
1759467600,1.3444713498025056,1.34676,1.34289,1.34475,1.35104,1.34011,1.345575,NaN,NaN,NaN,NaN,NaN,1.34452704267751,1.3448121391307137,1.3442419462243063,1.3450972355839175,1.3439568497711025,1.3458825000000023,1.3498872003613873,1.3418777996386173,1.3458825000000023,1.3478848501806948,1.3438801498193098,1.3461506726515886,1.3454073893001413,1.3114985117187434,1.3467242578125027,1.3494915875000124,1.3494312499999999,1.3458825000000023,0.003528107574016274,47.509475796528456,55.77242602105997,NaN,NaN,NaN,NaN,-0.0003361054300793565,0.0001806886411646058,0.0005167940712439623,34.02503293807654,33.2191480017567
1759482000,1.3446106749012527,1.34599,1.3437,1.3453275,1.35104,1.34011,1.345575,NaN,NaN,NaN,NaN,NaN,1.3446810497628487,1.3450053252009047,1.3443567743247928,1.3453296006389606,1.344032498886737,1.3459951250000024,1.349799343864734,1.3421909061352708,1.3459951250000024,1.3478972344323683,1.3440930155676365,1.346118391371134,1.345400126636492,1.3115537304687432,1.3467157500000027,1.3494680375000123,1.34923509375,1.3459951250000024,0.003439671318729406,49.83535199714446,55.39982327368167,NaN,NaN,NaN,NaN,-0.00029363762095694853,0.0001497470450477767,0.00044338466600472523,36.51515151515215,34.339042599912474
1759496400,1.3449690874506264,1.34853,1.3449690874506264,1.3467975,1.35104,1.34011,1.345575,NaN,NaN,NaN,NaN,NaN,1.345429650008945,1.346462814951083,1.344396485066807,1.3474959798932211,1.343363320124669,1.3461290000000024,1.349847324015392,1.3424106759846126,1.3461290000000024,1.3479881620076972,1.3442698379923075,1.34614502308207,1.3455271605786292,1.3116094355468682,1.3467118750000027,1.3494464625000122,1.3490387812499998,1.3461290000000024,0.0034483314066325647,55.26869678954894,55.04034687045772,NaN,NaN,NaN,NaN,-0.0001618569391868747,0.00024106349202113186,0.00040292043120800656,43.596837944664514,38.04567413263105
1759510800,1.3458832937253131,1.34868,1.3458832937253131,1.347685,1.35104,1.34011,1.345575,NaN,NaN,NaN,NaN,NaN,1.345673963216441,1.3468409135717747,1.3445070128611072,1.3480078639271085,1.3433400625057734,1.3463067500000023,1.3499652442578036,1.342648255742201,1.3463067500000023,1.348135997128903,1.3444775028711016,1.3462054143337534,1.345723327798754,1.3116639648437434,1.3467088359375028,1.3494268250000123,1.3488405937499999,1.3463067500000023,0.003401786754350737,58.2115048616172,54.4320814725427,NaN,NaN,NaN,NaN,-0.000017809724683697306,0.0003806582753533849,0.00039846800003708223,51.33069828722082,43.81422924901248
1759698000,1.3467841468626567,1.3467841468626567,1.34229,1.3439975,1.34868,1.34289,1.345785,NaN,NaN,NaN,NaN,NaN,1.3443572156208856,1.3443572414304539,1.3443571898113174,1.3443572672400221,1.344357164001749,1.3462786250000023,1.3499985330865047,1.3425587169134998,1.3462786250000023,1.3481385790432536,1.344418670956751,1.3461188294579198,1.3455664343625036,1.3117170351562435,1.3466888750000028,1.3493968000000123,1.3485749062499999,1.3462786250000023,0.0035441591290399734,44.972725454580186,52.79503890442148,NaN,NaN,NaN,NaN,-0.0001655504981176517,0.0001915298773900176,0.0003570803755076693,49.438093894914594,48.12187670893329
1759712400,1.3453908234313283,1.34586,1.34355,1.344535,1.34868,1.34289,1.345785,NaN,NaN,NaN,NaN,NaN,1.3445021204767296,1.3446476778643155,1.3443565630891436,1.3447932352519014,1.3442110057015577,1.3462462500000023,1.350014707407701,1.3424777925923037,1.3462462500000023,1.3481304787038515,1.3443620212961531,1.3460567184987857,1.345472667602276,1.3117725976562435,1.3466626484375026,1.3493749875000123,1.3483147499999997,1.3462462500000023,0.0034560049055371205,46.86949338885952,51.86422732928529,NaN,NaN,NaN,NaN,-0.00021842656134183903,0.00008404717383037053,0.00030247373517220956,45.31119099021606,48.69332772411715
1759726800,1.344962911715664,1.34646,1.34184,1.34415,1.34868,1.34289,1.345785,NaN,NaN,NaN,NaN,NaN,1.3443324437693889,1.344537221767948,1.3441276657708296,1.3447419997665073,1.3439228877722704,1.3462376250000025,1.3500243998374883,1.3424508501625168,1.3462376250000025,1.3481310124187456,1.3443442375812595,1.3459819452243236,1.345352425092978,1.3118273554687432,1.3466357578125028,1.3493532625000122,1.3480536562499996,1.3462376250000025,0.003539147412284474,45.655554669702894,50.92567764913896,NaN,NaN,NaN,NaN,-0.0002674453679890698,-0.000031832974814127724,0.0002356123931749421,37.67154620311096,44.14027702941386
1759741200,1.344556455857832,1.344556455857832,1.34165,1.3432700000000002,1.34868,1.34289,1.345785,NaN,NaN,NaN,NaN,NaN,1.3440065244050294,1.3445602143449495,1.3434528344651093,1.3451139042848697,1.3428991445251892,1.3461475000000025,1.3501220477708538,1.3421729522291512,1.3461475000000025,1.3481347738854281,1.3441602261145769,1.3458755944312129,1.345163113720889,1.3118822499999934,1.3466064218750027,1.3493320375000122,1.3477899062499996,1.3461475000000025,0.0034939551583950115,42.919245243746126,49.785502561772766,NaN,NaN,NaN,NaN,-0.00034245705559473195,-0.00019245892631847283,0.00014999812927625911,35.45288197621324,39.47853972318007
1759755600,1.343913227928916,1.34846,1.34375,1.3458774999999998,1.34868,1.34289,1.345785,NaN,NaN,NaN,NaN,NaN,1.3444456444785096,1.34541279046343,1.343478498493589,1.3463799364483506,1.3425113525086685,1.3461102500000024,1.350080254374362,1.3421402456256428,1.3461102500000024,1.348095252187182,1.3441252478128227,1.3458756691594005,1.3452280579280809,1.3119378652343683,1.3465830781250028,1.3493168000000122,1.3475610937499996,1.3461102500000024,0.0036151012185096395,52.083249281391254,48.981491080360286,NaN,NaN,NaN,NaN,-0.00020648370933834884,-0.00010810650739667693,0.0000983772019416719,39.9252037177966,37.68321063237359
1759770000,1.3448953639644579,1.34902,1.3448953639644579,1.3481675,1.34868,1.34289,1.345785,NaN,NaN,NaN,NaN,NaN,1.3446728077055659,1.3458865352824738,1.343459080128658,1.3471002628593818,1.34224535255175,1.3460685000000023,1.3499320988381855,1.3422049011618191,1.3460685000000023,1.348000299419094,1.3441367005809106,1.3459655448786396,1.345495279934619,1.3119934042968684,1.3465643671875027,1.3493117250000122,1.3473538124999993,1.3460685000000023,0.0036514965625833976,58.39988642573288,48.77876847976459,NaN,NaN,NaN,NaN,0.00003481153106625612,0.00014189161577449205,0.00010708008470823593,57.74840711841133,44.37549760414038
1759784400,1.3465314319822288,1.34874,1.3465314319822288,1.3483300000000003,1.34902,1.34165,1.345335,NaN,NaN,NaN,NaN,NaN,1.3478671439940761,1.3478671439940761,1.3478671439940761,1.3478671439940761,1.3478671439940761,1.3460101250000025,1.349695913066044,1.342324336933961,1.3460101250000025,1.3478530190330231,1.3441672309669819,1.346058268608889,1.3457529817587446,1.3120485078124933,1.3465429453125026,1.3493172750000122,1.3471337812499995,1.3460101250000025,0.003548430237953958,58.814785501981376,49.725612974146244,NaN,NaN,NaN,NaN,0.00019361997678245534,0.0003491050556863051,0.00015548507890384978,78.32389613759217,58.66583565793335
1759798800,1.3474307159911145,1.34823,1.34679,1.3475575000000002,1.34902,1.34165,1.345335,NaN,NaN,NaN,NaN,NaN,1.3476604681814046,1.3478272787516865,1.3474936576111227,1.3479940893219684,1.3473268470408408,1.3460007500000024,1.3496697550056729,1.342331744994332,1.3460007500000024,1.3478352525028376,1.3441662474971672,1.3461170619967757,1.345917028871586,1.3121044863281184,1.3465131250000026,1.3493256750000122,1.3469045937499995,1.3460007500000024,0.003404970935242984,55.95761001812917,50.511689586067746,NaN,NaN,NaN,NaN,0.00023229148171760805,0.00044584943105085983,0.00021355794933325178,87.07528574858657,74.38252966819668
1759813200,1.3474941079955574,1.3474941079955574,1.34294,1.3451825,1.34902,1.34165,1.345335,NaN,NaN,NaN,NaN,NaN,1.3463888981541903,1.347621026730969,1.3451567695774116,1.3488531553077476,1.343924641000633,1.3458856250000024,1.3495052782524977,1.3422659717475072,1.3458856250000024,1.34769545162625,1.3440757983737548,1.346080412506706,1.3458502535196237,1.3121594902343683,1.3464736953125027,1.3493220875000123,1.3466853749999994,1.3458856250000024,0.0034915801541542113,48.204317875623516,50.68438846314343,NaN,NaN,NaN,NaN,0.00009083900987803161,0.0003271067116807913,0.0002362677018027597,72.90818634102278,79.43578940906716
1759827600,1.3463383039977788,1.3463383039977788,1.33924,1.3422,1.34902,1.34165,1.345335,NaN,NaN,NaN,NaN,NaN,1.3450813801064652,1.347142725796411,1.3430200344165193,1.349204071486357,1.3409586887265734,1.3456200000000025,1.3494938979053328,1.3417461020946722,1.3456200000000025,1.3475569489526675,1.3436830510473374,1.3459282394672274,1.345518412290567,1.3122121386718684,1.3464246406250027,1.3493053250000122,1.3464411874999995,1.3456200000000025,0.00374920328584168,40.59713438032635,50.37850226320801,NaN,NaN,NaN,NaN,-0.00019507277995753328,-0.0000075732731441569,0.00018749950681337638,52.78422906845219,70.92256705268717
1759842000,1.3442691519988894,1.34548,1.34097,1.3430424999999997,1.34902,1.34165,1.345335,NaN,NaN,NaN,NaN,NaN,1.3444773267427002,1.3464017989253814,1.342552854560019,1.3483262711080626,1.3406283823773377,1.3453225000000022,1.349024797932899,1.3416202020671053,1.3453225000000022,1.3471736489664505,1.3434713510335539,1.3458150732136107,1.3452933293550609,1.3122651074218683,1.3463834687500027,1.3492921500000121,1.3462038124999995,1.3453225000000022,0.003803545908281561,43.31829989786599,50.079132556160694,NaN,NaN,NaN,NaN,-0.00031199372877350725,-0.0002024926541535077,0.00010950107461999957,39.02567243721747,54.906029282230804
1759856400,1.3436558259994444,1.34522,1.3416,1.3433975,1.34902,1.34165,1.345335,NaN,NaN,NaN,NaN,NaN,1.3443248728650048,1.3461460677691972,1.3425036779608124,1.3479672626733896,1.34068248305662,1.3450645000000023,1.3485414000536042,1.3415875999464004,1.3450645000000023,1.3468029500268033,1.3433260499732014,1.34572026642092,1.3451209812318734,1.3123182480468683,1.3463499062500028,1.349279475000012,1.3459680624999995,1.3450645000000023,0.003790435486261462,44.47254608904428,49.69607499129639,NaN,NaN,NaN,NaN,-0.00034726531728873395,-0.00032458057199091783,0.000022684745297816086,37.21881390592939,43.00957180386634
1759870800,1.3435266629997222,1.3435266629997222,1.3412,1.3422625,1.34874,1.33924,1.34399,NaN,NaN,NaN,NaN,NaN,1.3423297209999074,1.3423297209999074,1.3423297209999074,1.3423297209999074,1.3423297209999074,1.3449592500000023,1.3486358792624056,1.341282620737599,1.3449592500000023,1.3467975646312038,1.3431209353688007,1.3455846677377468,1.344861119301703,1.3123711230468682,1.3463167812500028,1.3492744625000122,1.3457845624999996,1.3449592500000023,0.003685880308651521,41.55868044085922,48.716788109247126,NaN,NaN,NaN,NaN,-0.0004238085048106724,-0.0005070758857155244,-0.00008326738090485203,37.431833674163386,37.89210667243674
1759885200,1.342894581499861,1.342894581499861,1.33902,1.3403900000000002,1.34874,1.33924,1.34399,NaN,NaN,NaN,NaN,NaN,1.3412563093797623,1.341980152525325,1.3405324662341995,1.3427039956708877,1.3398086230886368,1.344770625000002,1.3489448233868342,1.3405964266131698,1.344770625000002,1.346857724193418,1.342683525806586,1.345380955277443,1.3444546539106392,1.3124214199218682,1.3462828046875028,1.3492674750000122,1.3455973124999994,1.344770625000002,0.003699358965166474,37.22530388278864,47.21777375361652,NaN,NaN,NaN,NaN,-0.0005683069924101132,-0.0007936511214174935,-0.00022534412900738032,29.038377641445013,34.563008407179254
1759899600,1.3416422907499306,1.34262,1.33841,1.3403150000000001,1.34874,1.33924,1.34399,NaN,NaN,NaN,NaN,NaN,1.3408854747186432,1.3415529929697163,1.34021795646757,1.3422205112207894,1.3395504382164969,1.344567250000002,1.3491714738469904,1.3399630261530138,1.344567250000002,1.3468693619234962,1.342265138076508,1.345182290364602,1.3440783217369447,1.3124705468749933,1.3462496484375028,1.3492614000000123,1.3454138124999995,1.344567250000002,0.0037358333247974273,37.05862594708878,46.652480931652846,NaN,NaN,NaN,NaN,-0.0006318161587881535,-0.0010151143274925722,-0.0003832981687044187,20.853222545385933,29.107811286998103
1759914000,1.3409786453749653,1.34274,1.34002,1.3413925,1.34874,1.33924,1.34399,NaN,NaN,NaN,NaN,NaN,1.341047728202565,1.3416437111292445,1.3404517452758855,1.342239694055924,1.339855762349206,1.3444313750000023,1.3492375191061132,1.3396252308938914,1.3444313750000023,1.3468344470530578,1.3420283029469469,1.3450336711346176,1.3438341561244953,1.3125206777343683,1.3462229140625028,1.3492644625000123,1.3452487499999994,1.3444313750000023,0.003663273801597615,41.136437068546556,46.24297690877335,NaN,NaN,NaN,NaN,-0.0005662436378241129,-0.0010911027159845599,-0.000524859078160447,19.921677662582557,23.27109261647116
1759928400,1.3411855726874826,1.34386,1.33722,1.34044,1.34874,1.33924,1.34399,NaN,NaN,NaN,NaN,NaN,1.3409088941088407,1.3414744883408158,1.3403432998768656,1.342040082572791,1.3397777056448905,1.3442158750000022,1.3493226519356145,1.3391090980643898,1.3442158750000022,1.3467692634678083,1.341662486532196,1.3448535271685542,1.343525596476814,1.3125719023437434,1.3461993593750028,1.3492650375000121,1.3451049374999995,1.3442158750000022,0.0038758971014834984,38.74665918304029,45.749484374011736,NaN,NaN,NaN,NaN,-0.0005514619096241782,-0.0012141864651906698,-0.0006627245555664915,24.451056193655674,21.741985467208043
1759942800,1.3408127863437413,1.3408127863437413,1.3371,1.33921,1.34874,1.33924,1.34399,NaN,1.33924,NaN,NaN,NaN,1.3406464907512616,1.3414809151157159,1.3398120663868074,1.3423153394801701,1.3389776420223531,1.3439100000000024,1.3494299227785065,1.3383900772214983,1.3439100000000024,1.3466699613892545,1.3411500386107502,1.3446322123776304,1.3431332695243763,1.3126221621093683,1.3461824609375028,1.349254212500012,1.3449882812499996,1.3439100000000024,0.003864246333073348,35.85032437085319,45.244561454519385,NaN,NaN,NaN,NaN,-0.0005857422574336139,-0.001394902377358509,-0.0008091601199248951,24.36658373404953,22.913105863429248
1759957200,1.3400113931718707,1.34132,1.33994,1.3407350000000002,1.34386,1.3371,1.34048,NaN,NaN,NaN,NaN,NaN,1.3406650000000002,1.3406650000000002,1.3406650000000002,1.3406650000000002,1.3406650000000002,1.3436068750000023,1.3491250814268725,1.3380886685731321,1.3436068750000023,1.3463659782134374,1.3408477717865672,1.3444793805196842,1.3429152450221602,1.3126730624999934,1.3461758046875028,1.349220912500012,1.3448980937499995,1.3436068750000023,0.003738943023568113,41.67191466419868,44.50089469614848,NaN,NaN,NaN,NaN,-0.00047182404261188833,-0.0013989401731897555,-0.0009271161305778672,25.161481439351558,24.659707122352245
1759971600,1.3403731965859356,1.34192,1.3403731965859356,1.34121,1.34386,1.3371,1.34048,NaN,NaN,NaN,NaN,NaN,1.3409413711846019,1.341191490478598,1.3406912518906058,1.341441609772594,1.3404411325966097,1.3432831250000024,1.3485608259359416,1.338005424064063,1.3432831250000024,1.3459219754679719,1.3406442745320328,1.3443511695189123,1.3427602227474185,1.3127250898437433,1.3461703281250028,1.3491626125000122,1.3448176562499996,1.3432831250000024,0.003582361622889279,43.39501397950074,43.42911809284618,NaN,NaN,NaN,NaN,-0.00033692278545315816,-0.001348269612394315,-0.0010113468269411568,27.83519569178336,25.787753621728143
1759986000,1.340791598292968,1.34168,1.33426,1.3383525,1.34386,1.3371,1.34048,NaN,NaN,NaN,NaN,NaN,1.339347504635455,1.3407687147737937,1.3379262944971164,1.3421899249121323,1.3365050843587778,1.3430008750000024,1.3486837979422703,1.3373179520577345,1.3430008750000024,1.3458423364711363,1.3401594135288686,1.3441159275769943,1.3423595206794714,1.3127737851562433,1.3461531953125028,1.349099262500012,1.3447095937499995,1.3430008750000024,0.003856478649825758,36.423978636096834,41.829774745283,NaN,NaN,NaN,NaN,-0.0004078459601726211,-0.001521154277156933,-0.001113308316984312,31.699720824738467,28.232132651957784
1760000400,1.339572049146484,1.339572049146484,1.33587,1.3373825,1.34386,1.3371,1.34048,NaN,NaN,NaN,NaN,NaN,1.3387411542506233,1.3401563127559437,1.337325995745303,1.341571471261264,1.3359108372399826,1.3426432500000023,1.3487772984372985,1.336509201562706,1.3426432500000023,1.3457102742186504,1.3395762257813542,1.3438518715935828,1.341907064254065,1.3128212617187434,1.3461323046875031,1.3490343625000119,1.3445966874999997,1.3426432500000023,0.0038454479710156387,34.40360548085273,40.2902029926204,NaN,NaN,NaN,NaN,-0.0004826725873998644,-0.0017166490512341426,-0.0012339764638342782,29.39951091114175,29.644809142554518
1760014800,1.338477274573242,1.33954,1.32912,1.3341349999999998,1.34386,1.3371,1.34048,NaN,1.3371,NaN,NaN,NaN,1.3370771267540718,1.3395138516572436,1.3346404018509,1.3419505765604154,1.3322036769477281,1.3421425000000025,1.3492592093856641,1.3350257906143408,1.3421425000000025,1.3457008546928333,1.3385841453071716,1.3434708178055992,1.3412005129582407,1.3128661660156182,1.346106140625003,1.3489494250000118,1.3444234062499996,1.3421425000000025,0.004315058830228798,28.669931765864206,38.89488969906616,NaN,NaN,NaN,NaN,-0.0007002679084756349,-0.002109311349428822,-0.001409043440953187,27.33841188932709,29.479214541735757
1760029200,1.336306137286621,1.336306137286621,1.32794,1.3296,1.34386,1.3371,1.34048,NaN,NaN,NaN,NaN,NaN,1.3363240634495714,1.3393178903679432,1.3333302365311996,1.342311717286315,1.3303364096128278,1.3414590000000024,1.3504025716288959,1.332515428371109,1.3414590000000024,1.3459307858144491,1.3369872141855557,1.342926864166164,1.340145920871128,1.3129093613281184,1.346065796875003,1.3488458125000116,1.3441649374999995,1.3414590000000024,0.004604421577113959,22.924298671431927,37.63254429128799,NaN,NaN,NaN,NaN,-0.0010765103646284376,-0.002754681396738734,-0.0016781710321102964,20.728133361765995,25.822018720744936
1760043600,1.3329530686433104,1.3329530686433104,1.32928,1.33013,1.34192,1.32794,1.33493,NaN,NaN,NaN,NaN,NaN,1.33078768954777,1.3307877153573382,1.3307876637382017,1.3307877411669065,1.3307876379286334,1.3406716250000024,1.3506351713399956,1.3307080786600092,1.3406716250000024,1.345653398169999,1.3356898518300058,1.3424250263557262,1.3392353826101162,1.3129555468749934,1.346032359375003,1.3487476000000118,1.3439073437499995,1.3406716250000024,0.004537896367556562,24.82054036490966,36.31127575321968,NaN,NaN,NaN,NaN,-0.0012067764681660455,-0.0031866416173178536,-0.001979865149151808,17.087891498081643,21.71814558305823
1760058000,1.3315415343216552,1.3315415343216552,1.32999,1.3306925,1.34192,1.32794,1.33493,NaN,NaN,NaN,NaN,NaN,1.3307611847822762,1.3307841163040994,1.330738253260453,1.3308070478259226,1.3307153217386298,1.3397978750000024,1.3500398210148146,1.3295559289851901,1.3397978750000024,1.3449188480074086,1.3346769019925961,1.3419649272829526,1.3384587569182875,1.3130039824218682,1.346013796875003,1.3486662375000116,1.3436511562499995,1.3397978750000024,0.004324584792849324,26.87672993334786,35.054431742098515,NaN,NaN,NaN,NaN,-0.00117121603308538,-0.0034438851905085333,-0.0022726691574231532,13.142422024498556,16.986148961448723
1760072400,1.3311170171608278,1.33145,1.3279,1.3302675,1.34192,1.32794,1.33493,NaN,NaN,NaN,NaN,NaN,1.3302660634923755,1.3307077585730562,1.3298243684116948,1.331149453653737,1.3293826733310141,1.3388947500000021,1.349153458360912,1.3286360416390923,1.3388947500000021,1.344024104180457,1.3337653958195472,1.3415062046444055,1.3377140971984431,1.3130532988281183,1.345998351562503,1.348582737500012,1.3433859687499994,1.3388947500000021,0.004269257307645796,26.291626703137766,33.963927903689836,NaN,NaN,NaN,NaN,-0.0010939333777286583,-0.0036400858795839763,-0.002546152501855318,14.932381291727559,15.054231604769242
1760086800,1.330692258580414,1.33093,1.32618,1.3289725,1.34192,1.32794,1.33493,NaN,NaN,NaN,NaN,NaN,1.329685547925492,1.3305213449321354,1.3288497509188488,1.3313571419387786,1.3280139539122056,1.3379655000000024,1.3482838640409842,1.3276471359590205,1.3379655000000024,1.3431246820204932,1.3328063179795115,1.341014686815213,1.3369194065440393,1.3131021582031184,1.345980257812503,1.348493687500012,1.3431047187499994,1.3379655000000024,0.004303596071385384,24.538664647345044,33.057739386872434,NaN,NaN,NaN,NaN,-0.0010475793995672216,-0.003855626751314345,-0.0028080473517471233,15.972738673996401,14.68251399674083
1760101200,1.329832379290207,1.33708,1.32687,1.3316125,1.34192,1.32794,1.33493,NaN,NaN,NaN,NaN,NaN,1.330639551600833,1.3318845414383347,1.3293945617633312,1.3331295312758364,1.3281495719258294,1.3372870000000021,1.3474004707931797,1.3271735292068245,1.3372870000000021,1.342343735396591,1.3322302646034132,1.3406459736067733,1.3364369604945812,1.313154421874993,1.345972734375003,1.348423612500012,1.3428665624999994,1.3372870000000021,0.004725482066286432,34.17408768603515,32.85170093965432,NaN,NaN,NaN,NaN,-0.0007695307167377668,-0.003769960747669332,-0.003000430030931565,20.451817704139547,17.118979223287827
1760115600,1.3307224396451036,1.33602,1.3307224396451036,1.3349375,1.34192,1.32794,1.33493,NaN,NaN,NaN,NaN,NaN,1.3311015983674914,1.3327201769250634,1.3294830198099195,1.3343387554826354,1.3278644412523475,1.3369238750000023,1.3468249541669772,1.3270227958330274,1.3369238750000023,1.3418744145834898,1.3319733354165149,1.3404221118967037,1.3363006459041646,1.3132089179687432,1.3459776640625032,1.348361175000012,1.3426609374999994,1.3369238750000023,0.004766344801187142,43.89143772876531,33.04848670109852,NaN,NaN,NaN,NaN,-0.0003153670372237653,-0.0033946388274612715,-0.0030792717902375063,32.01828808446495,22.814281487533624
1760302800,1.3328299698225519,1.33546,1.3328299698225519,1.3346749999999998,1.33708,1.32618,1.33163,NaN,NaN,NaN,NaN,NaN,1.3343216566075171,1.3343216566075171,1.3343216566075171,1.3343216566075171,1.3343216566075171,1.3365055000000021,1.346037298963728,1.3269737010362763,1.3365055000000021,1.341271399481865,1.3317396005181392,1.340196734959578,1.336152859912877,1.3132641367187432,1.3459837109375032,1.348294537500012,1.3424418749999991,1.3365055000000021,0.0046137508994915045,43.34739092354382,33.37711039684877,NaN,NaN,NaN,NaN,-0.000002852983928194365,-0.003082838020147749,-0.0030799850362195546,44.74365203025811,32.40458593962086
1760317200,1.3337524849112758,1.33634,1.3337524849112758,1.3354025,1.33708,1.32618,1.33163,NaN,NaN,NaN,NaN,NaN,1.3347836187421072,1.335203358395727,1.3343638790884873,1.3356230980493469,1.3339441394348674,1.3361057500000022,1.345103493063324,1.3271080069366803,1.3361057500000022,1.3406046215316632,1.3316068784683412,1.340008725745477,1.3360846453753426,1.313321431640618,1.3459858125000033,1.348232850000012,1.3422321562499993,1.3361057500000022,0.004469019770150985,45.368491936237064,34.056979508661904,NaN,NaN,NaN,NaN,0.00026768131449125734,-0.0027453833931054827,-0.00301306470759674,54.0323011474164,43.59808042071315
1760331600,1.334577492455638,1.33665,1.3315,1.33411,1.33708,1.32618,1.33163,NaN,NaN,NaN,NaN,NaN,1.3344482302257468,1.3349093845677737,1.3339870758837198,1.3353705389098007,1.3335259215416928,1.3356981250000022,1.3442719361228508,1.3271243138771536,1.3356981250000022,1.3399850305614265,1.3314112194385779,1.339777403167223,1.3359051321594022,1.3133774218749932,1.3459807578125031,1.3481654500000118,1.3420074687499994,1.3356981250000022,0.004517661215140199,42.46962195735599,34.11395860103028,NaN,NaN,NaN,NaN,0.0003681998801036584,-0.002552814857467167,-0.0029210147375708256,54.31490893689094,51.03028737152181
1760346000,1.334343746227819,1.33528,1.33246,1.333435,1.33708,1.32618,1.33163,NaN,NaN,NaN,NaN,NaN,1.3342263148103637,1.3347349004543474,1.33371772916638,1.335243486098331,1.3332091435223963,1.3353503750000022,1.3436959202590748,1.3270048297409296,1.3353503750000022,1.3395231476295384,1.331177602370466,1.3395286814743907,1.3356805746903657,1.313432039062493,1.345973039062503,1.3481023250000121,1.3417861249999994,1.3353503750000022,0.0043963996997730456,40.996367789679425,33.94262673032876,NaN,NaN,NaN,NaN,0.0003954547342377339,-0.002426696319773658,-0.002822151054011392,51.926801109426044,53.424670397911115
1760360400,1.3338893731139094,1.3338893731139094,1.33193,1.3330475000000002,1.33708,1.32618,1.33163,NaN,NaN,NaN,NaN,NaN,1.3339050716147902,1.3346109548648921,1.3331991883646883,1.335316838114994,1.3324933051145864,1.3349870000000021,1.3430648157000695,1.3269091842999348,1.3349870000000021,1.3390259078500357,1.3309480921499686,1.339274517495003,1.335441204263969,1.313485355468743,1.345964648437503,1.348043762500012,1.3415809374999994,1.3349870000000021,0.004222326372211355,40.135608434350814,34.20774314448976,NaN,NaN,NaN,NaN,0.00039280682589683345,-0.0023311425216403503,-0.0027239493475371837,49.48935770795112,51.91035591808935
1760374800,1.333468436556955,1.33406,1.33264,1.33327,1.33708,1.32618,1.33163,NaN,NaN,NaN,NaN,NaN,1.3338517429993977,1.3345451212725892,1.3331583647262062,1.3352384995457807,1.3324649864530147,1.3345808750000023,1.3421290461804953,1.3270327038195093,1.3345808750000023,1.3383549605902487,1.330806789409756,1.3390390462206891,1.3352438220581535,1.313538216796868,1.3459615781250032,1.347990925000012,1.3414174999999995,1.3345808750000023,0.004022160202767685,40.902874027692825,34.67197661212119,NaN,NaN,NaN,NaN,0.0004095887417960081,-0.0022119634202921734,-0.0026215521620881815,50.38524699671809,50.60046860469841
1760389200,1.3333692182784773,1.33405,1.33256,1.3333,1.33665,1.3315,1.334075,NaN,NaN,NaN,NaN,NaN,1.3333033333333333,1.3333033333333333,1.3333033333333333,1.3333033333333333,1.3333033333333333,1.3342238750000024,1.341289803896399,1.3271579461036058,1.3342238750000024,1.3377568394482007,1.330690910551804,1.3388139855845838,1.3350671109619576,1.3135900058593681,1.345973859375003,1.3479235000000118,1.3412797499999995,1.3342238750000024,0.003841291616855707,41.01265117746325,35.553599427235405,NaN,NaN,NaN,NaN,0.00042445072346962084,-0.0020909887577511554,-0.0025154394812207763,56.55679676489391,52.14380048985436
1760403600,1.3333346091392386,1.33528,1.3333346091392386,1.3344125,1.33665,1.3315,1.334075,NaN,NaN,NaN,NaN,NaN,1.3339725887964093,1.3344700603017423,1.3334751172910764,1.3349675318070753,1.3329776457857434,1.3339840000000023,1.3406721999434172,1.3272958000565873,1.3339840000000023,1.3373280999717096,1.330639900028295,1.338641378306757,1.3350076008745069,1.3136414511718681,1.345998406250003,1.3478471000000118,1.3411509687499996,1.3339840000000023,0.0037083422156517346,45.08635377360553,37.13660336310495,NaN,NaN,NaN,NaN,0.000505445449954664,-0.0018836326687774463,-0.0023890781187321103,64.6391620428865,57.193735268166144
1760418000,1.3338735545696192,1.33523,1.32525,1.3310275,1.33665,1.3315,1.334075,NaN,1.3315,NaN,NaN,NaN,1.331931415559651,1.3336688190296389,1.3301940120896634,1.3354062224996266,1.3284566086196756,1.3334986250000023,1.339533742328659,1.3274635076713455,1.3334986250000023,1.3365161836643307,1.3304810663356739,1.338342794843747,1.334645773522279,1.3136901308593683,1.346018343750003,1.347752237500012,1.3409737187499995,1.3334986250000023,0.0041563177716766025,36.76633792153733,37.98987461714979,NaN,NaN,NaN,NaN,0.00033547306684215137,-0.001969736785179421,-0.0023052098520215726,63.22877487132928,61.474911226369876
1760432400,1.3324505272848097,1.3324505272848097,1.32486,1.3269575,1.33665,1.3315,1.334075,NaN,NaN,NaN,NaN,NaN,1.3307017260906715,1.3329962568100826,1.3284071953712604,1.3352907875294937,1.3261126646518493,1.3327860000000025,1.3383587467179079,1.327213253282097,1.3327860000000025,1.335572373358955,1.3299996266410499,1.3378963126930117,1.3339468395657081,1.3137359042968682,1.346021875000003,1.347633387500012,1.3407375937499997,1.3327860000000025,0.004401618451186117,29.675500720276318,38.189786816216106,NaN,NaN,NaN,NaN,-0.000027370116030107482,-0.002339422497059207,-0.0023120523810290995,47.17656938275877,58.34816876565816
1760446800,1.329704013642405,1.33296,1.32608,1.3292375,1.33665,1.3315,1.334075,NaN,NaN,NaN,NaN,NaN,1.330284291959308,1.3322593139860375,1.3283092699325787,1.3342343360127669,1.3263342479058493,1.3323302500000023,1.337482517436141,1.3271779825638634,1.3323302500000023,1.3349063837180717,1.3297541162819329,1.3375567514109328,1.3335187177870074,1.3137834609374932,1.346031937500003,1.3475295250000119,1.3405351249999993,1.3323302500000023,0.004578645704672822,37.005060999453704,38.95503212309581,NaN,NaN,NaN,NaN,-0.00008677559317438709,-0.0024205218724970834,-0.0023337462793226963,33.94153582369664,48.11562669259488
1760461200,1.3294707568212025,1.33323,1.3294707568212025,1.3320675,1.33665,1.3315,1.334075,NaN,NaN,1.3315,NaN,NaN,1.330441775496514,1.3323419771633864,1.3285415738296418,1.3342421788302588,1.3266413721627694,1.3320645000000024,1.336665818178791,1.327463181821214,1.3320645000000024,1.3343651590893968,1.329763840910608,1.3373414866497197,1.3333867888972795,1.3138325605468681,1.346059859375003,1.347436537500012,1.3404145624999995,1.3320645000000024,0.004536778154339038,44.708208375227805,40.39571381794458,NaN,NaN,NaN,NaN,0.00008241943257054213,-0.0022307219886095186,-0.0023131414211800608,37.32269503546135,39.48026674730557
1760475600,1.3307691284106014,1.33309,1.3307691284106014,1.332405,1.33528,1.32486,1.33007,NaN,NaN,NaN,NaN,NaN,1.3320880428035338,1.332088068613102,1.3320880169939655,1.3320880944226703,1.3320879911843972,1.3319780000000025,1.336484439168842,1.3274715608311631,1.3319780000000025,1.3342312195844221,1.329724780415583,1.337147898937966,1.3332975353611631,1.3138806269531182,1.346093578125003,1.347343275000012,1.3403653124999995,1.3319780000000025,0.004378499113986161,45.563132744170346,41.20921703638282,NaN,NaN,NaN,NaN,0.0002267739643437459,-0.002029673965750378,-0.002256447930094124,52.93283719871406,41.399022685957334
1760490000,1.3315870642053007,1.33542,1.3315870642053007,1.33393,1.33528,1.32486,1.33007,NaN,NaN,NaN,NaN,NaN,1.333114021525928,1.3338525867296163,1.3323754563222399,1.3345911519333045,1.3316368911185517,1.3321945000000026,1.3366387759793243,1.3277502240206809,1.3321945000000026,1.3344166379896636,1.3299723620103416,1.3370217068227517,1.333355032146512,1.313929322265618,1.3461329062500027,1.3472538250000121,1.3403662187499994,1.3321945000000026,0.004339530305465674,49.372348448144116,41.60071065919559,NaN,NaN,NaN,NaN,0.0004232582646925961,-0.0017273750992283787,-0.002150633363920975,66.63523023154416,52.296920821906504
1760504400,1.3327585321026505,1.33736,1.3327585321026505,1.335245,1.33528,1.32486,1.33007,NaN,NaN,NaN,NaN,NaN,1.3341334699112777,1.3352627807559463,1.333004159066609,1.336392091600615,1.3318748482219405,1.3324502500000026,1.3369777917977204,1.3279227082022849,1.3324502500000026,1.3347140208988615,1.3301864791011437,1.336952032045389,1.3335268474059199,1.313979544921868,1.346178359375003,1.3471756750000123,1.3403791249999994,1.3324502500000026,0.004358240133457383,52.46142849080309,42.25171334257124,NaN,NaN,NaN,NaN,0.0006277500617608671,-0.001365945786719891,-0.001993695848480758,74.66817076618678,64.74541273214832
1760518800,1.3340017660513253,1.33667,1.3336,1.3348575,1.33528,1.32486,1.33007,NaN,NaN,NaN,NaN,NaN,1.3344278198768615,1.3354492451306006,1.3334063946231225,1.3364706703843396,1.3323849693693834,1.3326585000000026,1.3372264531499334,1.3280905468500719,1.3326585000000026,1.334942476574968,1.3303745234250373,1.336869893533805,1.3336478158235636,1.3140298144531182,1.3462237968750028,1.3470976875000118,1.3403788749999994,1.3326585000000026,0.00426622298106758,51.46491478853835,42.68717211773562,NaN,NaN,NaN,NaN,0.0007164606627117903,-0.0010981200200910202,-0.0018145806828028105,79.99653378569428,73.76664492780839
1760533200,1.3344296330256626,1.34034,1.3335,1.3368775,1.33528,1.32486,1.33007,1.33528,NaN,NaN,NaN,NaN,1.3351881209451066,1.3366126142405939,1.3337636276496194,1.338037107536081,1.3323391343541322,1.3329890000000026,1.3377687375429954,1.3282092624570099,1.3329890000000026,1.335378868771499,1.3305991312285064,1.336870191826597,1.333941423475967,1.314082115234368,1.3462817734375028,1.347037825000012,1.3403913749999996,1.3329890000000026,0.004450064196705622,56.14181558542599,43.66375737688348,NaN,NaN,NaN,NaN,0.0008799595635672897,-0.0007146312283436984,-0.001594590791910988,80.23080964685566,78.2985047329122
1760547600,1.3356535665128313,1.3408,1.3356535665128313,1.3392875000000002,1.33528,1.32486,1.33007,NaN,NaN,NaN,NaN,NaN,1.3356652075766138,1.3374356802717626,1.333894734881465,1.3392061529669115,1.332124262186316,1.3335047500000026,1.3386515611226255,1.3283579388773796,1.3335047500000026,1.336078155561314,1.3309313444386912,1.336964988225554,1.3344274304326973,1.314136472656243,1.346335000000003,1.3470013000000116,1.3404253749999997,1.3335047500000026,0.0044998048603101274,60.973636243983506,45.090705123619486,NaN,NaN,NaN,NaN,0.0011046467224067325,-0.0002137823889025725,-0.001318429111309305,82.70790709562245,80.97841684272412
1760562000,1.3374705332564156,1.34286,1.3374705332564156,1.3411125000000002,1.3408,1.33166,1.33623,1.3408,NaN,NaN,NaN,NaN,1.340481011085472,1.340481011085472,1.340481011085472,1.340481011085472,1.340481011085472,1.3339797500000024,1.3400168531740613,1.3279426468259434,1.3339797500000024,1.3369983015870317,1.330961198412973,1.3371276357461206,1.3350351640297249,1.3141922363281182,1.3463788359375028,1.3469653875000116,1.3404504374999997,1.3339797500000024,0.004563352137686855,64.19088236784157,46.80893897601169,NaN,NaN,NaN,NaN,0.00131605597713218,0.0003266408601059201,-0.00098941511702626,86.14512931784516,83.0279486867744
1760576400,1.339291516628208,1.34422,1.339291516628208,1.3422825,1.3408,1.33166,1.33623,NaN,NaN,NaN,NaN,NaN,1.34129117890699,1.3420113434767673,1.3405710143372125,1.3427315080465447,1.339850849767435,1.3343470000000024,1.341383391048147,1.3273106089518578,1.3343470000000024,1.3378651955240748,1.33082880447593,1.3373297872854883,1.3356940127542953,1.3142534257812433,1.3464303359375027,1.3469231125000118,1.3404760624999996,1.3343470000000024,0.004589432940122934,66.11923763511834,48.61010780511351,NaN,NaN,NaN,NaN,0.001463260348741393,0.0008396603189004814,-0.0006236000298409116,90.26507035969462,86.37270225772072
1760590800,1.340787008314104,1.34432,1.3404,1.34249,1.3408,1.33166,1.33623,NaN,NaN,NaN,NaN,NaN,1.3418442009961713,1.3425991551332161,1.3410892468591264,1.343354109270261,1.3403342927220816,1.3347377500000026,1.3426206574415815,1.3268548425584237,1.3347377500000026,1.338679203720792,1.3307962962792133,1.3375321485684104,1.336311829776632,1.3143194999999932,1.3464777656250027,1.3468815000000118,1.3404926874999998,1.3347377500000026,0.00454161630154272,66.46415857336945,50.42807261910681,NaN,NaN,NaN,NaN,0.0014977460793188086,0.0012485825693075991,-0.0002491635100112094,90.29333776190435,88.90117914648135
1760605200,1.341638504157052,1.3449,1.341638504157052,1.3439175,1.3408,1.33166,1.33623,NaN,NaN,NaN,NaN,NaN,1.3423718975482741,1.3433589370135632,1.341384858082985,1.3443459764788523,1.340397818617696,1.3351635000000024,1.3440054659003209,1.326321534099684,1.3351635000000024,1.3395844829501615,1.3307425170498433,1.3377825545069042,1.3370032543423929,1.3143859687499932,1.3465303515625027,1.3468421125000116,1.3405042499999997,1.3351635000000024,0.00445017912592881,68.81616552270091,52.12305917261362,NaN,NaN,NaN,NaN,0.001534218034018552,0.0016686090325119807,0.00013439099849342864,91.89521733608912,90.81787515256268
1760619600,1.342778002078526,1.34546,1.34118,1.3435225000000002,1.3408,1.33166,1.33623,NaN,NaN,NaN,NaN,NaN,1.342717987946838,1.3436528467994993,1.3417831290941769,1.3445877056521605,1.3408482702415156,1.3356341250000026,1.3451759808555872,1.326092269144418,1.3356341250000026,1.3404050529277949,1.3308631970722102,1.3380076504085943,1.337595913038539,1.3144493359374931,1.3465794687500028,1.3467960250000117,1.3404997812499997,1.3356341250000026,0.004438023474076757,67.40738755431298,54.311705574954736,NaN,NaN,NaN,NaN,0.0014502185098384938,0.001947164135791546,0.0004969456259530521,92.09602004544216,91.42819171447853
1760634000,1.3431502510392632,1.3448,1.34199,1.3432525,1.3408,1.33166,1.33623,NaN,NaN,NaN,NaN,NaN,1.34281654982689,1.3437050640797483,1.3419280355740317,1.3445935783326066,1.3410395213211734,1.3361250000000024,1.3461611286103752,1.3260888713896297,1.3361250000000024,1.341143064305189,1.331106935694816,1.338213330784728,1.3381101482168538,1.3145124628906182,1.3466239296875027,1.3467461875000117,1.3404877187499997,1.3361250000000024,0.0043217360830712735,66.40666178707187,56.935359936868714,NaN,NaN,NaN,NaN,0.0012997850571214607,0.002121676947354878,0.0008218918902334173,91.43378556942258,91.80834098365126
1760648400,1.3432013755196315,1.34522,1.34308,1.34412,1.34546,1.33924,1.3423500000000002,NaN,NaN,NaN,NaN,NaN,1.3441400000000001,1.3441400000000001,1.3441400000000001,1.3441400000000001,1.3441400000000001,1.3366786250000025,1.3471851790817013,1.3261720709183036,1.3366786250000025,1.341931902040852,1.331425347959153,1.3384449648716013,1.338656498378958,1.3145818378906182,1.3466686796875025,1.3466972250000113,1.3404921562499996,1.3366786250000025,0.004165897791423327,68.04799265250789,59.152712197801144,NaN,NaN,NaN,NaN,0.0011852281947351793,0.0023034271336523915,0.0011181989389172121,90.27447233583054,91.26809265023174
1760662800,1.3436606877598156,1.34538,1.34314,1.3446225,1.34546,1.33924,1.3423500000000002,NaN,NaN,NaN,NaN,NaN,1.3442967913343966,1.3444115826992513,1.344181999969542,1.344526374064106,1.3440672086046872,1.3372462500000024,1.348173105505327,1.3263193944946778,1.3372462500000024,1.3427096777526648,1.33178282224734,1.3386872211511462,1.3391988621626891,1.3146549999999932,1.3467196796875025,1.3466481500000116,1.3405111874999995,1.3372462500000024,0.00402833366346452,68.99303970788519,60.88734300727668,NaN,NaN,NaN,NaN,0.0010731685220495917,0.002459659591479202,0.0013864910694296102,91.50931260179317,91.07252350234874
1760677200,1.344141593879908,1.34716,1.34113,1.3439799999999997,1.34546,1.33924,1.3423500000000002,NaN,NaN,NaN,NaN,NaN,1.3441893041868773,1.3443196948998037,1.344058913473951,1.3444500856127302,1.3439285227610245,1.3377802500000022,1.3489251881889752,1.3266353118110292,1.3377802500000022,1.3433527190944887,1.3322077809055157,1.3388947811060032,1.3396335110569901,1.3147286328124932,1.3467656015625025,1.3465969500000115,1.3405256249999995,1.3377802500000022,0.00417130983035991,66.29315198706973,62.36805866748377,NaN,NaN,NaN,NaN,0.0008930311994892093,0.0025027800687911217,0.0016097488693019124,88.49950162419195,90.09442885393854
1760691600,1.3440607969399538,1.34434,1.34084,1.3421975,1.34546,1.33924,1.3423500000000002,NaN,NaN,NaN,NaN,NaN,1.343613326350759,1.3444355867161677,1.3427910659853504,1.3452578470815764,1.3419688056199417,1.3381695000000025,1.3493604631615688,1.3269785368384361,1.3381695000000025,1.3437649815807857,1.3325740184192192,1.3390242994940031,1.3398666009609002,1.3148017832031182,1.3468067968750024,1.3465416750000114,1.3405146562499994,1.3381695000000025,0.004123359128191349,59.353640830653944,63.08100812337733,NaN,NaN,NaN,NaN,0.000604879685484475,0.002365848476157506,0.001760968790673031,79.80694873815712,86.60525432138074
1760706000,1.343129148469977,1.343129148469977,1.33908,1.3412825000000002,1.34546,1.33924,1.3423500000000002,NaN,NaN,NaN,NaN,NaN,1.3428740708544418,1.3441917672024344,1.3415563745064492,1.345509463550427,1.3402386781584565,1.3386822500000024,1.3494489824306592,1.3279155175693456,1.3386822500000024,1.3440656162153308,1.333298883784674,1.3391128563765913,1.3399953190553637,1.3148733749999932,1.3468482421875023,1.3465168125000113,1.3404791874999995,1.3386822500000024,0.00411805836689032,56.10686395946957,63.341396371139226,NaN,NaN,NaN,NaN,0.000318115527581118,0.0021586132001494285,0.0018404976725683105,67.36485961293609,78.55710332509504
1760720400,1.3422058242349886,1.3439,1.34108,1.3423125,1.34546,1.33924,1.3423500000000002,NaN,NaN,NaN,NaN,NaN,1.3428168275110508,1.3440554461476888,1.3415782088744128,1.3452940647843268,1.3403395902377748,1.3394500000000025,1.3488684158689708,1.3300315841310342,1.3394500000000025,1.3441592079344866,1.3347407920655183,1.339238332597117,1.3402059718685124,1.3149432910156185,1.3468926796875025,1.3465379250000113,1.3404564687499996,1.3394500000000025,0.004025339912112443,58.836579244086046,63.867943832249765,NaN,NaN,NaN,NaN,0.00017065389510692542,0.0020538150414519674,0.001883161146345042,62.34259926877746,69.8381358732902
1760907600,1.3422591621174944,1.34349,1.34218,1.343055,1.34716,1.33908,1.3431199999999999,NaN,NaN,NaN,NaN,NaN,1.3429083333333331,1.3429083333333331,1.3429083333333331,1.3429083333333331,1.3429083333333331,1.3401408750000026,1.348419612715885,1.3318621372841202,1.3401408750000026,1.3442802438579438,1.3360015061420614,1.3393880058286027,1.3404649744259205,1.3150099492187435,1.3469353281250025,1.346564975000011,1.3404376562499996,1.3401408750000026,0.003831387061247279,60.73240725323393,64.19584323709319,NaN,NaN,NaN,NaN,0.00009949803618203258,0.0020075336915725828,0.0019080356553905502,61.936798928795035,63.88141927016951
1760922000,1.3426570810587473,1.34431,1.3426570810587473,1.3435125,1.34716,1.33908,1.3431199999999999,NaN,NaN,NaN,NaN,NaN,1.3432601834083666,1.3435465130845905,1.3429738537321427,1.3438328427608144,1.3426875240559188,1.3407131250000024,1.3482274654348543,1.3331987845651505,1.3407131250000024,1.3444702952174283,1.3369559547825765,1.3395497506980694,1.3407420222053823,1.3150762695312435,1.3469764296875026,1.3465873875000112,1.3404167812499996,1.3407131250000024,0.003675782195533376,61.89687482379025,64.26178884993654,NaN,NaN,NaN,NaN,0.00006148445519498186,0.0019848912243842776,0.0019234067691892957,63.73117089881,62.670189698794154
1760936400,1.3430847905293737,1.34411,1.34056,1.3427525,1.34716,1.33908,1.3431199999999999,NaN,NaN,NaN,NaN,NaN,1.3428414353581823,1.3432797282271085,1.3424031424892562,1.3437180210960347,1.34196484962033,1.3412305000000024,1.3477436733036001,1.3347173266964047,1.3412305000000024,1.3444870866518013,1.3379739133482036,1.3396753487099098,1.3409247929139838,1.3151430156249933,1.3470165937500025,1.3466094500000114,1.3403971562499997,1.3412305000000024,0.003666797752995273,58.778564907108425,63.87519474559844,NaN,NaN,NaN,NaN,-0.00003160159453191396,0.0018839047760244032,0.0019155063705563172,57.377356070035624,61.01510863254688
1760950800,1.3429186452646868,1.34391,1.34,1.3423125,1.34716,1.33908,1.3431199999999999,NaN,NaN,NaN,NaN,NaN,1.3425454946828193,1.3430529306560957,1.3420380587095428,1.343560366629372,1.3415306227362664,1.3416496250000027,1.3472436797159681,1.3360555702840373,1.3416496250000027,1.3444466523579854,1.33885259764202,1.3397787664075604,1.3410509481036217,1.3152088164062432,1.3470533671875025,1.3466354875000113,1.3403626562499997,1.3416496250000027,0.0036841693420670294,56.988528897552975,63.22300126434378,NaN,NaN,NaN,NaN,-0.00013383259734180814,0.001748215623879057,0.001882048221220865,49.27131677284161,56.79328124722906
1760965200,1.3426155726323434,1.34277,1.3402,1.3417875000000001,1.34716,1.33908,1.3431199999999999,NaN,NaN,NaN,NaN,NaN,1.342286205921805,1.3428940866802572,1.3416783251633528,1.3435019674387094,1.3410704444049006,1.3419767500000026,1.3467375653429632,1.337215934657042,1.3419767500000026,1.3443571576714828,1.3395963423285224,1.3398575402739306,1.3411179073669288,1.3152749335937435,1.3470910468750024,1.3466544875000113,1.3403022187499996,1.3419767500000026,0.0036045858176336674,54.842424970637005,62.39287743557717,NaN,NaN,NaN,NaN,-0.00024155583134472512,0.0015801034320399587,0.0018216592633846838,39.655528052806034,48.76806696522774
1760979600,1.3422015363161717,1.3422015363161717,1.34002,1.3409250000000001,1.34716,1.33908,1.3431199999999999,NaN,NaN,NaN,NaN,NaN,1.3421562887176914,1.3428451988284449,1.341467378606938,1.3435341089391983,1.3407784684961845,1.3422801250000025,1.345798890219242,1.338761359780763,1.3422801250000025,1.3440395076096223,1.3405207423903827,1.3398994014396588,1.3411003703335718,1.3153424570312433,1.3471240078125024,1.3466519000000112,1.3402012499999996,1.3422801250000025,0.003502939424672097,51.41670375010588,61.150058737534664,NaN,NaN,NaN,NaN,-0.0003680623664636105,0.0013615813053051706,0.0017296436717687811,32.116336633664524,40.34772715310404
1760994000,1.3415632681580858,1.34162,1.3403,1.3410425,1.34431,1.34,1.342155,NaN,NaN,NaN,NaN,NaN,1.3409875,1.3409875,1.3409875,1.3409875,1.3409875,1.3424883750000025,1.3450723463945211,1.339904403605484,1.3424883750000025,1.3437803606972618,1.3411963893027432,1.339944228834182,1.341095109394156,1.3154117226562432,1.3471475937500026,1.3466396250000114,1.3400955624999997,1.3424883750000025,0.0033470151800526608,51.85789197964525,60.03938048220126,NaN,NaN,NaN,NaN,-0.0004363300300899587,0.0011842311341563327,0.0016205611642462914,26.87706270627127,32.88297579758059
1761008400,1.3413028840790429,1.34143,1.33877,1.340215,1.34431,1.34,1.342155,NaN,NaN,NaN,NaN,NaN,1.340402005059243,1.3407949153051615,1.3400090948133243,1.34118782555108,1.3396161845674057,1.3425347500000024,1.344912318554564,1.340157181445441,1.3425347500000024,1.343723534277283,1.3413459657227218,1.339954847311273,1.341015099449233,1.3154799179687433,1.3471624375000026,1.3466170500000112,1.3400014374999996,1.3425347500000024,0.0032979426671917484,48.51640068874584,58.761504689463685,NaN,NaN,NaN,NaN,-0.000523829201513716,0.0009657746623541463,0.0014896038638678624,21.44846971288295,26.813956350939563
1761022800,1.3407589420395214,1.3407589420395214,1.33722,1.3385550000000002,1.34431,1.34,1.342155,NaN,1.34,NaN,NaN,NaN,1.3394580507449023,1.340257944809495,1.3386581566803097,1.3410578388740875,1.3378582626157172,1.3424068750000022,1.3452966063318372,1.3395171436681672,1.3424068750000022,1.3438517406659196,1.3409620093340848,1.3398999513382819,1.3407914540447572,1.3155464687499934,1.3471730546875027,1.3465892625000115,1.3398898124999996,1.3424068750000022,0.003315156908072432,42.58800071786576,56.942933836989255,NaN,NaN,NaN,NaN,-0.000670729750715352,0.0006511916754736724,0.0013219214261890244,18.313944741270934,22.213159053475028
1761037200,1.3396569710197608,1.3396569710197608,1.33661,1.3381925000000001,1.34431,1.34,1.342155,NaN,NaN,NaN,NaN,NaN,1.3389824883753487,1.339877500158209,1.3380874765924884,1.3407725119410694,1.337192464809628,1.3422023750000023,1.345627628811153,1.3387771211888515,1.3422023750000023,1.3439150019055777,1.340489748094427,1.3398329924622707,1.3405551854952338,1.3156126386718683,1.3471805781250026,1.3465620125000115,1.3397733124999998,1.3422023750000023,0.003296000773193023,41.398357749950804,54.971885125708226,NaN,NaN,NaN,NaN,-0.0007628290156013345,0.0003683851566873564,0.0011312141722886909,15.217822629060334,18.326745694404718
1761051600,1.3389247355098806,1.33982,1.33612,1.337985,1.34431,1.34,1.342155,NaN,NaN,NaN,NaN,NaN,1.3386477307543703,1.3395195591112499,1.3377759023974907,1.3403913874681295,1.336904074040611,1.3419771250000023,1.3458591500088566,1.338095099991148,1.3419771250000023,1.3439181375044293,1.3400361124955753,1.3397605221696327,1.3403215322683943,1.3156785371093682,1.3471835546875026,1.3465325750000112,1.3396357187499996,1.3419771250000023,0.003324857860822095,40.69756026027307,53.143628573794174,NaN,NaN,NaN,NaN,-0.0008041215219807846,0.00012606226981271007,0.0009301837917934947,17.039715992631045,16.85716112098744
1761066000,1.3384548677549404,1.3384548677549404,1.33655,1.3371225,1.34431,1.34,1.342155,NaN,NaN,NaN,NaN,NaN,1.3385023247170922,1.339417200798587,1.3375874486355974,1.3403320768800817,1.3366725725541027,1.3416373750000024,1.3459465354367695,1.3373282145632353,1.3416373750000024,1.343791955218386,1.3394827947816188,1.3396570703198432,1.3400307111530858,1.3157427988281183,1.3471751875000026,1.3464960500000114,1.3394927812499997,1.3416373750000024,0.0032234299961162653,37.83086589922468,51.60628750726351,NaN,NaN,NaN,NaN,-0.000851372529196627,-0.00013403186970228909,0.000717340659494338,16.64303390580786,16.300190842499745
1761080400,1.3377886838774702,1.3377886838774702,1.3364,1.3370225,1.34162,1.33612,1.33887,NaN,NaN,NaN,NaN,NaN,1.3370703946258233,1.3370704095269845,1.3370703797246621,1.3370704244281457,1.337070364823501,1.3413123750000024,1.3459701683261984,1.3366545816738065,1.3413123750000024,1.3436412716631003,1.3389834783369046,1.3395537538367122,1.3397572374118962,1.3158072832031182,1.3471599453125025,1.3464652750000115,1.33940096875,1.3413123750000024,0.003092376701927257,37.50104214276118,50.27730023464148,NaN,NaN,NaN,NaN,-0.0008492798145545433,-0.00034425910869884113,0.0005050207058557021,15.316212578986475,16.332987492475127
1761094800,1.337405591938735,1.33803,1.33679,1.337475,1.34162,1.33612,1.33887,NaN,NaN,NaN,NaN,NaN,1.3372741764531977,1.337453323441167,1.3370950294652284,1.3376324704291362,1.3369158824772591,1.3410235000000024,1.3458766964705817,1.336170303529423,1.3410235000000024,1.3434500982352922,1.3385969017647126,1.3394722340784098,1.339549761283542,1.3158729882812434,1.3471422500000025,1.3464383125000117,1.3393173749999998,1.3410235000000024,0.0029600640803610335,40.04811721441307,48.93526723252199,NaN,NaN,NaN,NaN,-0.00077917417481006,-0.0004689470126568729,0.0003102271621531871,13.26821326821356,15.075819917669298
1761109200,1.3374402959693676,1.33872,1.33128,1.3350024999999999,1.34162,1.33612,1.33887,NaN,1.33612,NaN,NaN,NaN,1.3358437393306946,1.3369471991856334,1.3347402794757557,1.3380506590405723,1.3336368196208168,1.3405676250000025,1.3458643271501864,1.3352709228498185,1.3405676250000025,1.3432159760750946,1.3379192739249104,1.3392969503890604,1.339136373894129,1.3159359746093684,1.3471124375000025,1.3463931500000115,1.3392001249999999,1.3405676250000025,0.0032800595031923807,32.30175948648386,46.90450667775412,NaN,NaN,NaN,NaN,-0.0008550051758318666,-0.0007585293076366462,0.00009647586819522041,18.710930069333646,15.76511863884456
1761123600,1.3362213979846838,1.3362213979846838,1.33058,1.33227,1.34162,1.33612,1.33887,NaN,NaN,NaN,NaN,NaN,1.3349145301779537,1.3365186761385153,1.3333103842173921,1.3381228220990768,1.3317062382568305,1.3399500000000024,1.3460336604919072,1.3338663395080976,1.3399500000000024,1.3429918302459547,1.3369081697540501,1.3390213837071365,1.338512158085572,1.315996874999993,1.3470750937500025,1.3463290375000114,1.3390521249999998,1.3399500000000024,0.003448726537584615,26.257112257081346,44.35880935156063,NaN,NaN,NaN,NaN,-0.001032975112491961,-0.0011947430224197308,-0.00016176790992776985,19.201338486571156,17.060160608039457
1761138000,1.334245698992342,1.33766,1.3316,1.3346925,1.34162,1.33612,1.33887,NaN,NaN,NaN,NaN,NaN,1.3348327089906795,1.33617051089013,1.333494907091229,1.3375083127895806,1.3321571051917784,1.3394856250000025,1.3456846918385366,1.3332865581614683,1.3394856250000025,1.3425851584192696,1.3363860915807353,1.3388516235617587,1.338164916441429,1.3160602441406182,1.3470471406250026,1.3462721500000117,1.3389264062500001,1.3394856250000025,0.003635246070614298,37.43510448072302,42.83427646396167,NaN,NaN,NaN,NaN,-0.0009342998608783033,-0.001329642736025649,-0.00039534287514734573,23.970303926954454,20.627524160953087
1761152400,1.334469099496171,1.33726,1.334469099496171,1.3363125,1.34162,1.33612,1.33887,NaN,NaN,1.33612,NaN,NaN,1.3349731268851746,1.3362857914777813,1.3336604622925678,1.337598456070388,1.3323477976999611,1.3391913750000024,1.345406275535715,1.3329764744642898,1.3391913750000024,1.3422988252678587,1.336083924732146,1.3387520500887486,1.3379965149467536,1.3161256367187433,1.3470255312500026,1.3462056625000114,1.3388137187499998,1.3391913750000024,0.0035749356729867696,43.59274767582475,41.87743494812394,NaN,NaN,NaN,NaN,-0.0007164857013465623,-0.0012909500018305486,-0.0005744643004839863,30.122825054131948,24.431489155885856
1761166800,1.3353907997480854,1.336,1.33395,1.3349575,1.33872,1.33058,1.33465,NaN,NaN,NaN,NaN,NaN,1.3349691666666665,1.3349691666666665,1.3349691666666665,1.3349691666666665,1.3349691666666665,1.3388751250000026,1.345273211523706,1.3324770384762992,1.3388751250000026,1.3420741682618544,1.3356760817381508,1.3386032442029154,1.3377202408606852,1.3161907226562433,1.3469981718750026,1.3461170625000114,1.33866571875,1.3388751250000026,0.0034883331249162893,40.042835690222,40.820321428094296,NaN,NaN,NaN,NaN,-0.0006236402946133997,-0.001354014668750736,-0.0007303743741373362,38.514950280650716,30.869359753912374
1761181200,1.3351741498740428,1.3351741498740428,1.33298,1.33405,1.33872,1.33058,1.33465,NaN,NaN,NaN,NaN,NaN,1.3344253521790612,1.334866153862955,1.3339845504951675,1.3353069555468486,1.3335437488112738,1.3384620000000025,1.3449847355441604,1.3319392644558445,1.3384620000000025,1.3417233677720815,1.3352006322279235,1.3384246856067226,1.3373865826006228,1.3162545312499931,1.3469639062500025,1.3460296125000115,1.33849528125,1.3384620000000025,0.003395891464139609,37.82140377173485,39.849228572496365,NaN,NaN,NaN,NaN,-0.0005840101837888648,-0.0014603871038734173,-0.0008763769200845525,38.70818246550814,35.78198593343027
1761195600,1.3346120749370214,1.33574,1.33383,1.3346125,1.33872,1.33058,1.33465,NaN,NaN,NaN,NaN,NaN,1.3345758660231326,1.3349227611710324,1.3342289708752328,1.3352696563189321,1.333882075727333,1.3380398750000024,1.3444099551539082,1.3316697948460967,1.3380398750000024,1.3412249150769553,1.3348548349230496,1.3382751881319492,1.3371343932732935,1.3163186093749932,1.3469327578125025,1.3459542625000116,1.3383779687500001,1.3380398750000024,0.003289756359558198,40.0417352423356,39.005217376974244,NaN,NaN,NaN,NaN,-0.00048466882222941384,-0.0014822129478713197,-0.000997544125641906,35.42139832953507,37.54817702523131
1761210000,1.3346122874685107,1.33548,1.33268,1.3343699999999998,1.33872,1.33058,1.33465,NaN,NaN,NaN,NaN,NaN,1.3344418663517346,1.3347816891289972,1.334102043574472,1.3351215119062598,1.3337622207972093,1.3375827500000024,1.343619780704758,1.3315457192952467,1.3375827500000024,1.3406012653523802,1.3345642346476245,1.3381220434993237,1.3368830847939033,1.3163827480468682,1.3468980625000024,1.3458779625000117,1.33825090625,1.3375827500000024,0.003254773762446892,39.388720960531934,38.35324025353039,NaN,NaN,NaN,NaN,-0.0004033778049241628,-0.0015017663817971094,-0.0010983885768729466,35.27693001446343,36.46883693650222
1761224400,1.3344911437342553,1.3348,1.33109,1.3328725000000001,1.33872,1.33058,1.33465,NaN,NaN,NaN,NaN,NaN,1.3339047684794345,1.334681409691192,1.333128127267677,1.3354580509029497,1.3323514860559194,1.3370887500000024,1.3429676634821812,1.3312098365178235,1.3370887500000024,1.3400282067410918,1.334149293258913,1.3379161790483698,1.3365184861762758,1.3164461406249932,1.3468557734375026,1.3457885000000116,1.3381099375,1.3370887500000024,0.003287289922272105,35.53479492970081,37.84943984009004,NaN,NaN,NaN,NaN,-0.0004168335916370203,-0.0016194305664192221,-0.0012025969747822018,33.07007889456938,34.58946907952264
1761238800,1.3336818218671276,1.3336818218671276,1.33082,1.3318725,1.33872,1.33058,1.33465,NaN,NaN,NaN,NaN,NaN,1.333692702652763,1.334622118990025,1.332763286315501,1.3355515353272869,1.331833869978239,1.3365667500000022,1.3423508685787557,1.3307826314212488,1.3365667500000022,1.3394588092893789,1.3336746907106256,1.337679172026865,1.3360961237966142,1.3165068593749933,1.3468171406250025,1.3456844875000116,1.33796746875,1.3365667500000022,0.003256899346904647,33.19880080952335,37.26375720148808,NaN,NaN,NaN,NaN,-0.0004562701291623821,-0.0017729346362351794,-0.0013166645070727973,25.344144434763834,31.23038444793222
1761253200,1.332777160933564,1.33324,1.33242,1.3327900000000001,1.336,1.33082,1.33341,NaN,NaN,NaN,NaN,NaN,1.3328166666666668,1.3328166666666668,1.3328166666666668,1.3328166666666668,1.3328166666666668,1.3361168750000023,1.3415984805739187,1.330635269426086,1.3361168750000023,1.3388576777869605,1.333376072213044,1.3374874397905174,1.3357955670878312,1.3165660507812431,1.3467888437500026,1.3455777375000115,1.337803875,1.3361168750000023,0.00312194225069717,37.273184529360556,37.01915893499433,NaN,NaN,NaN,NaN,-0.00038651326721463736,-0.001799806091091094,-0.0014132928238764567,21.98285948285981,26.799027604064346
1761267600,1.332783580466782,1.33314,1.33174,1.3325,1.336,1.33082,1.33341,NaN,NaN,NaN,NaN,NaN,1.3326348067822131,1.3328131052439856,1.3324565083204407,1.332991403705758,1.3322782098586683,1.3356956250000023,1.3409235248813547,1.3304677251186499,1.3356956250000023,1.3383095749406786,1.333081675059326,1.3372918539163794,1.3354959700798466,1.316625019531243,1.3467566875000025,1.3454695500000116,1.3376080312500003,1.3356956250000023,0.002998946375647377,36.5150843736635,36.92517454031139,NaN,NaN,NaN,NaN,-0.00032815175501614276,-0.0018234825176466352,-0.0014953307626304924,21.57506532506532,22.96735641422966
1761282000,1.332641790233391,1.33336,1.33006,1.3319,1.336,1.33082,1.33341,NaN,NaN,NaN,NaN,NaN,1.3322145388764948,1.3326636558141196,1.33176542193887,1.3331127727517444,1.331316305001245,1.3352385000000022,1.3401025131047763,1.330374486895228,1.3352385000000022,1.3376705065523893,1.3328064934476151,1.3370804086647567,1.3351690637089515,1.3166828554687433,1.3467213046875026,1.3453524125000116,1.3374026562500003,1.3352385000000022,0.0030204502059582848,34.93204389671243,36.74167466559363,NaN,NaN,NaN,NaN,-0.00029902758573884013,-0.0018691152448040427,-0.0015700876590652025,23.99473796702492,22.51755425831669
1761296400,1.3322708951166955,1.33708,1.33002,1.3334375,1.336,1.33082,1.33341,NaN,NaN,NaN,NaN,NaN,1.3326915523323528,1.3334120939090501,1.3319710107556555,1.3341326354857475,1.3312504691789582,1.3348996250000023,1.3392464500678567,1.3305527999321478,1.3348996250000023,1.3370730375339295,1.332726212466075,1.336937549501433,1.3350116488263195,1.3167417285156182,1.3466904062500027,1.3452369875000116,1.3372261562500003,1.3348996250000023,0.0033089894769612696,41.884814445237616,36.872867324938234,NaN,NaN,NaN,NaN,-0.0001526637528966538,-0.0017609173501860198,-0.001608253597289366,28.038648648866637,24.536150646985632
1761310800,1.3328541975583477,1.33592,1.32874,1.3322,1.336,1.33082,1.33341,NaN,NaN,NaN,NaN,NaN,1.3325622190846624,1.3331858982802045,1.3319385398891204,1.3338095774757466,1.3313148606935783,1.3345818750000022,1.3387383482251944,1.33042540177481,1.3345818750000022,1.3366601116125985,1.332503638387406,1.336751763246475,1.3347560443875632,1.3167998867187432,1.3466504453125026,1.3451120375000114,1.3370638750000001,1.3345818750000022,0.0035854902286068906,38.33428688974614,37.30376213945697,NaN,NaN,NaN,NaN,-0.00011723506973441858,-0.0017547974344573891,-0.0016375623647229705,33.105986675846076,28.379791097245885
1761325200,1.332527098779174,1.332527098779174,1.32956,1.3304925,1.336,1.33082,1.33341,NaN,1.33082,NaN,NaN,NaN,1.332397642371952,1.3331751082851098,1.331620176458794,1.3339525741982676,1.3308427105456362,1.3341968750000022,1.3383706795799621,1.3300230704200422,1.3341968750000022,1.3362837772899823,1.332109972710022,1.3365063019426917,1.3343684494432393,1.3168570585937434,1.3465964453125028,1.3449815125000115,1.3369175312500001,1.3341968750000022,0.003541319410790248,34.04583563478771,37.86009952357885,NaN,NaN,NaN,NaN,-0.0001829227188914974,-0.0018662157633373422,-0.0016832930444458448,32.57256928337081,31.23906820269451
1761512400,1.331509799389587,1.33284,1.331509799389587,1.332405,1.33708,1.32874,1.33291,NaN,NaN,NaN,NaN,NaN,1.332251599796529,1.332251599796529,1.332251599796529,1.332251599796529,1.332251599796529,1.3339178750000023,1.337775525278399,1.3300602247216056,1.3339178750000023,1.3358467001392005,1.331989049860804,1.3363454665723902,1.3341899540393085,1.3169180351562433,1.3465423671875025,1.3448702500000111,1.3367845625,1.3339178750000023,0.0034560465957337977,41.887497030869056,38.178127562875,NaN,NaN,NaN,NaN,-0.00007710781018707745,-0.0017796778071796915,-0.001702569996992614,33.817510193197556,33.16535538413815
1761526800,1.3319573996947935,1.3336,1.3313,1.3322349999999998,1.33708,1.32874,1.33291,NaN,NaN,NaN,NaN,NaN,1.3323272915623108,1.3323894481513956,1.332265134973226,1.3324516047404804,1.3322029783841411,1.3336735000000024,1.3373004930357901,1.3300465069642147,1.3336735000000024,1.3354869965178962,1.3318600034821086,1.3361842718048456,1.334012230944826,1.3169784355468683,1.3464852421875027,1.3447665250000114,1.3366450312500002,1.3336735000000024,0.003373471838895667,41.41612105389176,38.02265423273692,NaN,NaN,NaN,NaN,-0.000002069953740302822,-0.0017051574391679925,-0.0017030874854276896,34.85658924385755,33.74888957347531
1761541200,1.3320961998473968,1.33347,1.33104,1.3322,1.33708,1.32874,1.33291,NaN,NaN,NaN,NaN,NaN,1.3322832276499688,1.3323467619411857,1.3322196933587518,1.3324102962324027,1.3321561590675348,1.3334323750000023,1.336766080696139,1.3300986693038657,1.3334323750000023,1.3350992278480707,1.331765522151934,1.3360280258517143,1.3338474826771145,1.3170386484374934,1.3464287656250025,1.3446656375000114,1.33651925,1.3334323750000023,0.0033060809932602578,41.31304114941983,38.1133831941082,NaN,NaN,NaN,NaN,0.00005836393663161089,-0.001630132564638176,-0.0016884965012697868,42.136572432194676,36.936890623083265
1761555600,1.3321480999236983,1.33532,1.3321480999236983,1.3337775,1.33708,1.32874,1.33291,NaN,NaN,NaN,NaN,NaN,1.332778034044122,1.3334729317059717,1.3320831363822723,1.3341678293678214,1.3313882387204226,1.3332475000000026,1.336028172127157,1.3304668278728482,1.3332475000000026,1.3346378360635798,1.3318571639364254,1.3359397699359608,1.3338411206155587,1.3170999082031183,1.3463774218750026,1.3445692500000115,1.33643659375,1.3332475000000026,0.0032964966420489356,47.63863823542611,38.81461422722901,NaN,NaN,NaN,NaN,0.000209249259286359,-0.0014269349271618381,-0.001636184186448197,47.93165467625831,41.641605450770186
1761570000,1.3329627999618492,1.33518,1.33176,1.333815,1.33708,1.32874,1.33291,NaN,NaN,NaN,NaN,NaN,1.3330186734536242,1.3337079965370962,1.3323293503701523,1.334397319620568,1.3316400272866804,1.3331881250000026,1.335865146136624,1.3305111038633812,1.3331881250000026,1.3345266355683134,1.3318496144316918,1.3358564456247466,1.3338387460141443,1.3171611445312434,1.3463170703125027,1.3444725500000114,1.33635534375,1.3331881250000026,0.00330531831047401,47.78272388118701,39.367541987146964,NaN,NaN,NaN,NaN,0.00031016200575308497,-0.001248481679256841,-0.001558643685009926,54.246602717825596,48.1049432754262
1761584400,1.3333888999809247,1.33392,1.33246,1.33335,1.33708,1.32874,1.33291,NaN,NaN,NaN,NaN,NaN,1.3330483073119839,1.3336950442517481,1.3324015703722196,1.3343417811915124,1.3317548334324554,1.3332421250000026,1.3358862558905187,1.3305979941094865,1.3332421250000026,1.3345641904452605,1.3319200595547447,1.3357581536394625,1.333794314558313,1.3172231523437434,1.3462451875000025,1.3443710000000113,1.3362548125,1.3332421250000026,0.003173509859725868,46.08910973569753,39.84614118537308,NaN,NaN,NaN,NaN,0.00034168759865577407,-0.0011315341866902084,-0.0014732217853459825,58.84292565947221,53.67372768451872
1761598800,1.3333694499904625,1.33541,1.3333694499904625,1.3344099999999999,1.33532,1.33104,1.33318,NaN,NaN,NaN,NaN,NaN,1.3343964833301543,1.3343964833301543,1.3343964833301543,1.3343964833301543,1.3343964833301543,1.3332280000000025,1.3358438553056111,1.330612144694394,1.3332280000000025,1.3345359276528068,1.3319200723471982,1.3357052848692874,1.3338502859621029,1.3172869882812432,1.3461751562500026,1.3442738375000112,1.3361794374999998,1.3332280000000025,0.003093973441174017,50.40453071737676,40.90826517020707,NaN,NaN,NaN,NaN,0.0004246132064518206,-0.0009424552772812067,-0.0013670684837330273,61.37090327737713,58.153477218224985
1761613200,1.333889724995231,1.33671,1.333889724995231,1.33578,1.33532,1.33104,1.33318,1.33532,NaN,NaN,NaN,NaN,1.3350597160374875,1.3355749059236623,1.3345445261513127,1.3360900958098372,1.3340293362651379,1.3332013750000027,1.3356992893628643,1.330703460637141,1.3332013750000027,1.3344503321814336,1.3319524178185718,1.3357082148744135,1.3340257145110026,1.3173527343749933,1.3461076171875026,1.3441864500000111,1.3361365625,1.3332013750000027,0.003074423552859373,55.376306806623035,42.49237274142848,NaN,NaN,NaN,NaN,0.0005542239468061558,-0.0006742885502253326,-0.0012285124970314884,69.224620303756,63.14614974686845
1761627600,1.3348348624976154,1.33696,1.33013,1.33363,1.33532,1.33104,1.33318,NaN,NaN,1.33532,NaN,NaN,1.3343848117125423,1.3352170223023434,1.3335526011227412,1.3360492328921445,1.3327203905329401,1.3331350000000026,1.3355102689274398,1.3307597310725654,1.3331350000000026,1.3343226344637213,1.331947365536284,1.3356267162518876,1.3339897404645478,1.3174167832031183,1.3460319453125025,1.3440885875000108,1.33604775,1.3331350000000026,0.00334267901336941,47.35353343592766,43.21239766332612,NaN,NaN,NaN,NaN,0.00048040024950477705,-0.0006280121851505172,-0.0011084124346552942,70.34372501998324,66.97974953370546
1761642000,1.3342324312488079,1.3342324312488079,1.3279,1.3299975000000002,1.33532,1.33104,1.33318,NaN,1.33104,NaN,NaN,NaN,1.3331672987375236,1.335026045077206,1.3313085523978412,1.3368847914168884,1.3294498060581588,1.3329323750000026,1.3356303392633428,1.3302344107366624,1.3329323750000026,1.3342813571316727,1.3315833928683325,1.335405962673382,1.3336268095132253,1.3174770546874932,1.3459440546875026,1.3439746875000111,1.33590759375,1.3329323750000026,0.0035562327444721505,37.47497209842572,43.28096107223772,NaN,NaN,NaN,NaN,0.00018723313210785046,-0.0008743710195204812,-0.0010616041516283317,55.29804914238568,64.95546482204165
1761656400,1.332114965624404,1.332114965624404,1.32476,1.32782,1.33532,1.33104,1.33318,NaN,NaN,NaN,NaN,NaN,1.3317326507741523,1.3344663998805288,1.3289989016677757,1.3372001489869054,1.326265152561399,1.3325927500000023,1.3359810153720664,1.3292044846279383,1.3325927500000023,1.3342868826860343,1.3308986173139703,1.3351084739410926,1.3330989177392958,1.317537269531243,1.3458510859375026,1.343854787500011,1.3357759374999998,1.3325927500000023,0.003827570807324431,33.02712991998705,43.144895788185906,NaN,NaN,NaN,NaN,-0.000135617928213647,-0.0012311265618953904,-0.0010955086336817434,35.43977991361326,53.69385135866073
1761670800,1.3299674828122021,1.3299674828122021,1.32694,1.3280325,1.33532,1.33104,1.33318,NaN,NaN,NaN,NaN,NaN,1.3313398454232765,1.3341333536820665,1.3285463371644866,1.3369268619408565,1.3257528289056966,1.3322758750000026,1.3360976750556566,1.3284540749443485,1.3322758750000026,1.3341867750278296,1.3303649749721755,1.334830984766932,1.3326383343084507,1.317602597656243,1.3457616093750024,1.343732100000011,1.3356590624999998,1.3322758750000026,0.0037704216648156937,33.852233909107284,42.57114003560516,NaN,NaN,NaN,NaN,-0.0003073166056034786,-0.0014796543906860915,-0.001172337785082613,24.8366722358209,38.52483376393995
1761685200,1.328999991406101,1.328999991406101,1.32684,1.32738,1.33696,1.32476,1.33086,NaN,NaN,NaN,NaN,NaN,1.3277399971353672,1.3277399971353672,1.3277399971353672,1.3277399971353672,1.3277399971353672,1.3320012500000025,1.336363268595502,1.327639231404503,1.3320012500000025,1.3341822592977524,1.3298202407022526,1.3345387892858758,1.3321603039167733,1.3176720332031182,1.3456788593750024,1.3435887625000111,1.3355746249999998,1.3320012500000025,0.0036553909320503593,32.52709525476081,42.15634063310621,NaN,NaN,NaN,NaN,-0.00042977701178703,-0.0017095590498164004,-0.0012797820380293704,24.378947555177394,28.218466568203855
1761699600,1.3281899957030505,1.3281899957030505,1.32494,1.326185,1.33696,1.32476,1.33086,NaN,NaN,NaN,NaN,NaN,1.3269490507638142,1.3275846223424548,1.3263134791851736,1.3282201939210954,1.325677907606533,1.3317168750000024,1.3367632764076425,1.3266704735923622,1.3317168750000024,1.3342400757038224,1.3291936742961823,1.3342111897060376,1.3316170944697938,1.3177412597656182,1.3455953750000025,1.3434317125000108,1.3355319374999997,1.3317168750000024,0.0036264341299789417,30.195823308508025,41.88133975265767,NaN,NaN,NaN,NaN,-0.0005485977805100137,-0.0019655292636668875,-0.0014169314831568738,19.993169398907366,23.069596396635223
1761714000,1.3271874978515252,1.3271874978515252,1.32086,1.323,1.33696,1.32476,1.33086,NaN,1.32476,NaN,NaN,NaN,1.3254151011229491,1.327109793584138,1.3237204086617602,1.328804486045327,1.3220257162005713,1.3312273750000023,1.3375102237699659,1.3249445262300388,1.3312273750000023,1.3343687993849842,1.3280859506150204,1.3337715352077617,1.330833722245267,1.317807541015618,1.3455008359375022,1.3432597375000108,1.3354428124999997,1.3312273750000023,0.0038193672529465393,25.043836615504375,40.67822115156019,NaN,NaN,NaN,NaN,-0.0007846552996312857,-0.002397750607695981,-0.0016130953080646952,15.482554390252465,19.951557114779078
1761728400,1.3250937489257626,1.3250937489257626,1.31969,1.32095,1.33696,1.32476,1.33086,NaN,NaN,NaN,NaN,NaN,1.324218850053218,1.3263756828028976,1.3220620173035382,1.3285325155525773,1.3199051845538585,1.3306498750000024,1.3383271880823686,1.3229725619176362,1.3306498750000024,1.3344885315411854,1.3268112184588194,1.3332687299054966,1.329935202041152,1.317871517578118,1.3453971718750024,1.343082587500011,1.33532103125,1.3306498750000024,0.003932537372433398,22.395257090850038,39.31958801134293,NaN,NaN,NaN,NaN,-0.0010075985808497988,-0.0028725935341269437,-0.001864994953277145,10.756047386414258,15.410590391858035
1761742800,1.3230218744628814,1.32476,1.31946,1.3218424999999998,1.33696,1.32476,1.33086,NaN,NaN,NaN,NaN,NaN,1.3234864810042049,1.3255298413926506,1.321443120615759,1.3275732017810964,1.3193997602273133,1.3301470000000024,1.3386986671753347,1.3215953328246701,1.3301470000000024,1.3344228335876687,1.3258711664123362,1.3328206424582223,1.3291995018555927,1.3179353554687432,1.3452937578125024,1.342917237500011,1.3352157187499998,1.3301470000000024,0.004030213274402431,26.061504844591866,38.23019256099807,NaN,NaN,NaN,NaN,-0.001020555059852447,-0.003140688778092704,-0.002120133718240257,11.400700001558171,12.546433926074968
1761757200,1.3224321872314406,1.32319,1.31403,1.31985,1.33696,1.32476,1.33086,NaN,NaN,NaN,NaN,NaN,1.322018584470493,1.3247016438740902,1.3193355250668959,1.3273847032776873,1.3166524656632987,1.3294676250000026,1.3389715701630571,1.319963679836948,1.3294676250000026,1.3342195975815299,1.3247156524184753,1.3323119898128017,1.328349547141448,1.317997531249993,1.3451821250000022,1.3427459375000108,1.3351016875,1.3294676250000026,0.0043966266119451185,23.403316551804792,36.499098155025116,NaN,NaN,NaN,NaN,-0.0010830045880033542,-0.0034738894532444498,-0.0023908848652410956,15.430590233689513,12.529112540553987
1761771600,1.3211410936157204,1.3211410936157204,1.31858,1.3197575000000001,1.32808,1.31403,1.3210549999999999,NaN,NaN,NaN,NaN,NaN,1.3198261978719068,1.3198261978719068,1.3198261978719068,1.3198261978719068,1.3198261978719068,1.3288455000000023,1.3391479728331723,1.3185430271668324,1.3288455000000023,1.3339967364165874,1.3236942635834172,1.3318196568789664,1.3275684519467708,1.3180591152343681,1.3450682265625022,1.342568337500011,1.3349534999999997,1.3288455000000023,0.0042655171122147765,23.284580458625072,34.74923076769927,NaN,NaN,NaN,NaN,-0.0010494797452827677,-0.003702734546844555,-0.0026532548015617873,21.324692127177624,16.05199412080844
1761786000,1.3204492968078603,1.32182,1.31966,1.320875,1.32808,1.31403,1.3210549999999999,NaN,NaN,NaN,NaN,NaN,1.3205094829626183,1.3209433685279433,1.3200755973972933,1.3213772540932682,1.3196417118319683,1.3283646250000025,1.3391987948188937,1.3175304551811113,1.3283646250000025,1.333781709909448,1.322947540090557,1.3313904546484188,1.326959956315246,1.318120527343743,1.3449602109375023,1.3423919250000111,1.3347777187499998,1.3283646250000025,0.00411512303277086,28.034848074507778,33.45964064904285,NaN,NaN,NaN,NaN,-0.0008779461040387482,-0.0037506874316102223,-0.002872741327571474,26.73717110045082,21.164151153772654
1761800400,1.32066214840393,1.3219,1.31851,1.320705,1.32808,1.31403,1.3210549999999999,NaN,NaN,NaN,NaN,NaN,1.320447507158967,1.3207765940478329,1.320118420270101,1.3211056809366988,1.3197893333812352,1.3277796250000025,1.3389366577894366,1.3166225922105683,1.3277796250000025,1.3333581413947195,1.3222011086052854,1.330971417211226,1.326391323922951,1.3181813105468678,1.3448508593750022,1.3422159375000111,1.3346030937499997,1.3277796250000025,0.004063328530430084,27.753310554283985,31.841696351679083,NaN,NaN,NaN,NaN,-0.0007090675238786101,-0.0037590757324197366,-0.0030500082085411265,27.980084314580854,25.347315847403106
1761814800,1.320683574201965,1.32092,1.31356,1.317245,1.32808,1.31403,1.3210549999999999,NaN,NaN,NaN,NaN,NaN,1.3195099485089163,1.320994291219059,1.3180256057987736,1.3224786339292018,1.3165412630886308,1.3270301250000025,1.3388816215790529,1.3151786284209521,1.3270301250000025,1.3329558732895277,1.3211043767104773,1.3304331263401974,1.3255598399299555,1.318238775390618,1.344730484375002,1.342021275000011,1.334376125,1.3270301250000025,0.004298805063970795,22.74646827874423,29.510993599687737,NaN,NaN,NaN,NaN,-0.0007590499844428019,-0.003998820689094629,-0.003239770704651827,24.90330722886327,26.540187547964987
1761829200,1.3189642871009823,1.3189642871009823,1.31166,1.3147600000000002,1.32808,1.31403,1.3210549999999999,NaN,NaN,NaN,NaN,NaN,1.3182941469000378,1.320626792783865,1.3159615010162105,1.3229594386676924,1.3136288551323831,1.3261581250000023,1.3388931988971664,1.3134230511028382,1.3261581250000023,1.3325256619485844,1.3197905880514202,1.3298184939346995,1.3245780362999595,1.3182924980468678,1.3446043515625021,1.3418072875000109,1.3341342499999997,1.3261581250000023,0.00451348235232876,19.961179143310645,27.55439686450081,NaN,NaN,NaN,NaN,-0.000879637891438489,-0.004339318068949938,-0.003459680177511449,19.5305887298167,24.137993424420284
1761843600,1.3168621435504912,1.3168621435504912,1.31394,1.31514,1.32808,1.31403,1.3210549999999999,NaN,NaN,NaN,NaN,NaN,1.3179688047747116,1.3203585563626623,1.3155790531867608,1.322748307950613,1.31318930159881,1.3252262500000023,1.3383173685056733,1.3121351314943313,1.3252262500000023,1.3317718092528377,1.3186806907471669,1.329242866721574,1.3237200329999632,1.3183430703124928,1.3444816328125022,1.341583500000011,1.3339055624999996,1.3252262500000023,0.004399815295054644,21.54325921208212,26.416417372619126,NaN,NaN,NaN,NaN,-0.0008533160275313542,-0.004526325211925641,-0.0036730091843942872,15.498138081204184,19.97734467996139
1761858000,1.3160010717752457,1.31614,1.31497,1.31552,1.3219,1.31166,1.31678,NaN,NaN,NaN,NaN,NaN,1.3155433333333333,1.3155433333333333,1.3155433333333333,1.3155433333333333,1.3155433333333333,1.3243115000000025,1.337430922471126,1.311192077528879,1.3243115000000025,1.3308712112355643,1.3177517887644408,1.3287047150854339,1.322974575454512,1.318393121093743,1.344365531250002,1.341359087500011,1.3336864687499996,1.3243115000000025,0.004169114202550749,23.178549891867846,25.712947370610614,NaN,NaN,NaN,NaN,-0.000734348921103219,-0.004590945335773311,-0.003856596414670092,17.276941959068456,17.435222923363117
1761872400,1.3157605358876228,1.31649,1.31501,1.3157825,1.3219,1.31166,1.31678,NaN,NaN,NaN,NaN,NaN,1.3156713030509866,1.3157783411983663,1.3155642649036068,1.3158853793457461,1.315457226756227,1.3234331250000024,1.3363653694752138,1.310500880524791,1.3234331250000024,1.329899247237608,1.3169670027623968,1.3281979615526718,1.3223207504131926,1.318443240234368,1.3442562656250021,1.3411375500000107,1.3334678749999997,1.3234331250000024,0.003977034616654262,24.351542220223223,25.034326535690326,NaN,NaN,NaN,NaN,-0.0005693748695665204,-0.0045683150016282426,-0.003998940132061722,20.6239267756944,17.799668938655685
1761886800,1.3157715179438114,1.3157715179438114,1.3125,1.3145,1.3219,1.31166,1.31678,NaN,NaN,NaN,NaN,NaN,1.314995469317765,1.3157060658359534,1.3142848727995766,1.3164166623541418,1.3135742762813882,1.3224376250000023,1.334893172104314,1.3099820778956905,1.3224376250000023,1.3286653985521582,1.3162098514478464,1.327660786589822,1.3216097731029024,1.318492320312493,1.3441429453125022,1.340909625000011,1.3332328749999998,1.3224376250000023,0.003927425001178963,22.540652883391317,24.321009223449654,NaN,NaN,NaN,NaN,-0.00048151333862430073,-0.004600831805342098,-0.0041193184667177975,20.679894725677897,19.526921153480256
1761901200,1.3151357589719057,1.3151357589719057,1.31047,1.3125149999999999,1.3219,1.31166,1.31678,NaN,NaN,NaN,NaN,NaN,1.314150740901352,1.3153909839006128,1.3129104979020911,1.3166312268998737,1.3116702549028303,1.3212743750000022,1.3328422596237446,1.3097064903762599,1.3212743750000022,1.3270583173118733,1.3154904326881312,1.3270668341745349,1.320782975548093,1.318538878906243,1.3440256875000023,1.3406671000000108,1.3329591562499998,1.3212743750000022,0.003980163141945158,20.05481948639104,23.596651807584156,NaN,NaN,NaN,NaN,-0.0004903247308423748,-0.004732224380270766,-0.004241899649428392,17.72936705409376,19.67772951848869
1761915600,1.313825379485953,1.3143,1.30973,1.3118775,1.3219,1.31166,1.31678,NaN,NaN,NaN,NaN,NaN,1.3133715358410392,1.3148142857851077,1.3119287858969706,1.3162570357291763,1.310486035952902,1.3201867500000024,1.330966926261551,1.3094065737384537,1.3201867500000024,1.3255768381307769,1.314796661869228,1.3264711740108277,1.3199733868619028,1.318583134765618,1.343903078125002,1.3404139750000106,1.3327197812499998,1.3201867500000024,0.0040222943460919295,19.317982108806177,23.187662199962855,NaN,NaN,NaN,NaN,-0.00047215507945286457,-0.004832093498744472,-0.004359938419291607,14.463762606080978,17.624341461950884
1761930000,1.3128514397429765,1.31506,1.31231,1.3138125,1.3219,1.31166,1.31678,NaN,NaN,NaN,NaN,NaN,1.313417233011445,1.314769448991346,1.3120650170315442,1.3161216649712468,1.3107128010516433,1.3193775000000023,1.329500182820282,1.3092548171797227,1.3193775000000023,1.3244388414101422,1.3143161585898624,1.3259747554221677,1.3194133062380935,1.318629103515618,1.3437849531250023,1.3401653375000109,1.3325554687499996,1.3193775000000023,0.003962309035656782,27.96883262887829,23.58577473839344,NaN,NaN,NaN,NaN,-0.00027277963868552885,-0.004700912967648518,-0.0044281333289629896,17.790914030736186,16.661347896970312
1762120800,1.3133319698714883,1.31426,1.313,1.3134625,1.31649,1.30973,1.31311,NaN,NaN,NaN,NaN,NaN,1.3135741666666665,1.3135741666666665,1.3135741666666665,1.3135741666666665,1.3135741666666665,1.3186596250000024,1.328311029725014,1.3090082202749909,1.3186596250000024,1.3234853273625082,1.3138339226374967,1.3254840787389455,1.3188723238528122,1.318677376953118,1.3436707656250024,1.339906387500011,1.3323582812499999,1.3186596250000024,0.0037692869616813003,27.396628567002722,23.681140718565644,NaN,NaN,NaN,NaN,-0.00011548115158202532,-0.004572484768440521,-0.004457003616858496,22.95678742038854,18.40382135240191
1762135200,1.3133972349357441,1.3146,1.3133,1.3138975,1.31649,1.30973,1.31311,NaN,NaN,NaN,NaN,NaN,1.313741747624885,1.3139205393072886,1.3135629559424813,1.3140993309896922,1.3133841642600776,1.3179528750000022,1.326791259505509,1.3091144904944956,1.3179528750000022,1.3223720672527557,1.3135336827472488,1.325029703102124,1.3184200671389201,1.3187280976562428,1.3435613906250023,1.339649137500011,1.3321311562499996,1.3179528750000022,0.003592909321561213,29.33174395401494,24.104599818723507,NaN,NaN,NaN,NaN,0.00005755854051441283,-0.00438505544121548,-0.0044426139817298925,29.71223224879355,23.48664456663943
1762149600,1.3136473674678721,1.31492,1.31174,1.313355,1.31649,1.30973,1.31311,NaN,NaN,NaN,NaN,NaN,1.313556494497663,1.3137967070789776,1.3133162819163484,1.3140369196602921,1.3130760693350338,1.3172516250000021,1.325163893206313,1.3093393567936913,1.3172516250000021,1.3212077591031575,1.3132954908968468,1.3245718716079231,1.3179596064899275,1.3187791484374927,1.3434515781250025,1.339390725000011,1.3318930312499997,1.3172516250000021,0.003563415798592568,28.318046090340175,24.46413307813173,NaN,NaN,NaN,NaN,0.00016888053440981213,-0.0042315133137176275,-0.00440039384812744,30.586904888358664,27.751974852513587
1762164000,1.313501183733936,1.3147,1.31206,1.3129950000000001,1.31649,1.30973,1.31311,NaN,NaN,NaN,NaN,NaN,1.313459327206422,1.3137032261800488,1.313215428232795,1.3139471251536756,1.3129715292591682,1.3165921250000023,1.3235582545327913,1.3096259954672134,1.3165921250000023,1.3200751897663967,1.313109060233608,1.3241178766429065,1.3175082786272068,1.3188295117187427,1.3433437031250024,1.339133850000011,1.3316313437499998,1.3165921250000023,0.0034974575272645257,27.635510075361864,24.43560893533559,NaN,NaN,NaN,NaN,0.00024694519862012484,-0.004091712349852283,-0.004338657548472408,30.286222952615528,30.195120029922588
1762178400,1.313248091866968,1.31624,1.31084,1.3135599999999998,1.31649,1.30973,1.31311,NaN,NaN,NaN,NaN,NaN,1.313487979410225,1.3136920707561803,1.3132838880642697,1.3138961621021357,1.3130797967183143,1.3161201250000023,1.3225437072300943,1.3096965427699103,1.3161201250000023,1.3193319161150483,1.3129083338849563,1.3237038422647533,1.3171493442065516,1.3188816386718678,1.3432331875000023,1.338880737500011,1.3313602812499998,1.3161201250000023,0.0036333534181742073,30.46805807090648,24.6295194722372,NaN,NaN,NaN,NaN,0.00035854103516373345,-0.0038904812545177414,-0.004249022289681475,30.280538170770058,30.384555337248088
1762192800,1.313404045933484,1.31481,1.313404045933484,1.31416,1.31649,1.30973,1.31311,NaN,NaN,NaN,NaN,NaN,1.313559784587115,1.3138382057025908,1.3132813634716392,1.3141166268180666,1.3130029423561633,1.3157806250000024,1.32185551159702,1.3097057384029847,1.3157806250000024,1.3188180682985111,1.3127431817014936,1.3233295739406454,1.3168775856423196,1.3189399667968678,1.3431237421875024,1.3386277875000108,1.3311015624999996,1.3157806250000024,0.0034742534644843434,33.44729452279296,25.393864203954966,NaN,NaN,NaN,NaN,0.0004867199534529156,-0.00364062234786533,-0.0041273423013182455,36.34287949864743,32.303213540677675
1762207200,1.313782022966742,1.31454,1.31186,1.313255,1.31624,1.31084,1.3135400000000002,NaN,NaN,NaN,NaN,NaN,1.3132183333333334,1.3132183333333334,1.3132183333333334,1.3132183333333334,1.3132183333333334,1.3153512500000022,1.3208369847940782,1.3098655152059262,1.3153512500000022,1.3180941173970402,1.3126083826029642,1.3229344926096398,1.316548259674836,1.3190011933593677,1.3430176015625024,1.338364400000011,1.3308062812499997,1.3153512500000022,0.0034175210741640345,31.270874779446217,26.201699606536074,NaN,NaN,NaN,NaN,0.000521418558137714,-0.0034755691036461034,-0.0039969876617838174,43.87483455569034,36.83275074170261
1762221600,1.313518511483371,1.313518511483371,1.3118,1.3124475,1.31624,1.31084,1.3135400000000002,NaN,NaN,NaN,NaN,NaN,1.3128625475044444,1.313174703809913,1.3125503911989758,1.3134868601153817,1.312238234893507,1.3149811250000023,1.3201949449688144,1.3097673050311902,1.3149811250000023,1.3175880349844085,1.3123742150155961,1.3225232379974972,1.3161754633407599,1.3190610781249927,1.3429131328125024,1.3380971750000108,1.3304707812499996,1.3149811250000023,0.0032961632462502376,29.430692760860282,26.765087717163087,NaN,NaN,NaN,NaN,0.0005007403589314076,-0.0033710622131195578,-0.0038718025720509653,45.86573980886675,42.027817954401506
1762236000,1.3129830057416854,1.31394,1.30593,1.30958,1.31624,1.31084,1.3135400000000002,NaN,1.31084,NaN,NaN,NaN,1.3112499808851676,1.3127852880817807,1.3097146736885545,1.3143205952783938,1.3081793664919414,1.3144722500000023,1.319708640190739,1.3092358598092657,1.3144722500000023,1.3170904450953707,1.311854054904634,1.322015660036811,1.3155758757643272,1.3191186249999929,1.3427996328125025,1.3378314750000109,1.3300766249999998,1.3144722500000023,0.003632865871518083,24.024203658460763,26.825491557634013,NaN,NaN,NaN,NaN,0.0003138313612131424,-0.003479513370534537,-0.0037933447317476795,41.396076493655,43.71221695273736
1762250400,1.3112815028708427,1.3112815028708427,1.3053,1.30632,1.31624,1.31084,1.3135400000000002,NaN,NaN,NaN,NaN,NaN,1.3101792891756987,1.3122732424379329,1.3080853359134645,1.314367195700167,1.3059913826512304,1.3137445000000023,1.3192575841167884,1.3082314158832162,1.3137445000000023,1.3165010420583954,1.3109879579416093,1.321400143956936,1.3147344325130248,1.319174632812493,1.3426770312500023,1.337554400000011,1.3296270937499997,1.3137445000000023,0.003800625657184131,19.61299483201472,26.487023887047688,NaN,NaN,NaN,NaN,0.0000067664797236736095,-0.0037848866320930874,-0.003791653111816761,28.029227087464122,38.430347796661955
1762264800,1.3088007514354212,1.3088007514354212,1.3026,1.3044375000000001,1.31624,1.31084,1.3135400000000002,NaN,NaN,NaN,NaN,NaN,1.3088190044493784,1.3116442900742906,1.3059937188244661,1.3144695756992029,1.3031684331995539,1.3129311250000022,1.3188794120364375,1.3069828379635668,1.3129311250000022,1.31590526851822,1.3099569814817844,1.3207349422331347,1.3137983477391135,1.319233091796868,1.3425481562500023,1.337266425000011,1.3291514374999998,1.3129311250000022,0.003972063212772494,17.602989892380407,26.13433367340405,NaN,NaN,NaN,NaN,-0.00027161952368588054,-0.004131177516424112,-0.003859557992738231,19.11979491500512,29.515032832041413
1762279200,1.3066191257177107,1.3066191257177107,1.30102,1.30219,1.31624,1.31084,1.3135400000000002,NaN,NaN,NaN,NaN,NaN,1.3082449975372585,1.311408477288006,1.3050815177865112,1.3145719570387533,1.3019180380357638,1.3121783750000025,1.319421857461203,1.3049348925388018,1.3121783750000025,1.3158001162306028,1.3085566337694021,1.3200076895965411,1.312743043399194,1.3192903164062428,1.3424114609375022,1.3369660875000111,1.3286298437499997,1.3121783750000025,0.004088281963125215,15.55356270106806,25.812815331595264,NaN,NaN,NaN,NaN,-0.0005401110790634938,-0.004534696841567598,-0.003994585762504104,10.160748139762424,19.103256714077222
1762293600,1.3044045628588554,1.3044045628588554,1.30103,1.3018675,1.31454,1.30102,1.3077800000000002,NaN,NaN,NaN,NaN,NaN,1.302434020952952,1.302434020952952,1.302434020952952,1.302434020952952,1.302434020952952,1.3115337500000024,1.3199442044306473,1.3031232955693575,1.3115337500000024,1.315738977215325,1.3073285227846798,1.319296309612363,1.311754357635631,1.3193463378906176,1.3422820937500022,1.3366907125000111,1.3281091562499996,1.3115337500000024,0.004037302027105951,15.278680508762235,25.524293788734983,NaN,NaN,NaN,NaN,-0.0006642461898563263,-0.004824893499824512,-0.004160647309968186,8.908997460510628,12.729846838426056
1762308000,1.3031360314294278,1.3031360314294278,1.30139,1.30204,1.31454,1.30102,1.3077800000000002,NaN,NaN,NaN,NaN,NaN,1.3023097793477212,1.302432441209267,1.3021871174861754,1.3025551030708127,1.3020644556246297,1.3108787500000025,1.320068140280553,1.301689359719452,1.3108787500000025,1.3154734451402779,1.3062840548597272,1.318619591588349,1.31087123421421,1.3194022167968678,1.3421578828125023,1.336424062500011,1.3275939999999997,1.3108787500000025,0.003873639841557508,16.132477459522207,24.678839848066694,NaN,NaN,NaN,NaN,-0.0006582904151816787,-0.004983510328945284,-0.0043252199137636055,6.6524310118261125,8.574058870699721
1762322400,1.302588015714714,1.30534,1.30194,1.3033700000000001,1.31454,1.30102,1.3077800000000002,NaN,NaN,NaN,NaN,NaN,1.3028739716628013,1.3034981602056075,1.302249783119995,1.3041223487484137,1.3016255945771888,1.3102712500000027,1.3197547458600236,1.3007877541399817,1.3102712500000027,1.3150129979300131,1.3055295020699922,1.318021568388806,1.3101893038310999,1.3194592148437427,1.3420386328125022,1.336165937500011,1.3270846249999997,1.3102712500000027,0.00383980842430339,22.60841779497933,24.336824792922165,NaN,NaN,NaN,NaN,-0.00049573908244152,-0.004944893766815506,-0.004449154684373986,9.236749890494925,8.26605945427722
1762336800,1.302979007857357,1.3047,1.30116,1.3031000000000001,1.31454,1.30102,1.3077800000000002,NaN,NaN,NaN,NaN,NaN,1.3029126420606285,1.3034213481191197,1.3024039360021373,1.3039300541776109,1.3018952299436461,1.3096371250000025,1.3192568352694014,1.3000174147306036,1.3096371250000025,1.3144469801347018,1.3048272698653032,1.3174364088441468,1.3095448216646364,1.3195170683593678,1.3419208828125022,1.335908450000011,1.3265655937499996,1.3096371250000025,0.003818393536853139,22.233094308884688,23.82977838969858,NaN,NaN,NaN,NaN,-0.00034453626959305393,-0.004879825021365303,-0.004535288751772249,11.93604905825706,9.275076653526034
1762351200,1.3030395039286786,1.30494,1.30136,1.3031825000000001,1.31454,1.30102,1.3077800000000002,NaN,NaN,NaN,NaN,NaN,1.3029933815861203,1.3034271062257685,1.3025596569464721,1.3038608308654167,1.302125932306824,1.3090712500000026,1.3188109057295165,1.2993315942704886,1.3090712500000026,1.3139410778647596,1.3042014221352456,1.3168774320267294,1.308966428786033,1.3195751582031179,1.3418048125000024,1.3356646375000107,1.3260556249999997,1.3090712500000026,0.0038013654270779088,22.655606531744965,23.425318421227495,NaN,NaN,NaN,NaN,-0.00018509179610910927,-0.004766653496908635,-0.004581561700799526,14.438239159001796,11.870346035917928
1762365600,1.3031110019643393,1.30544,1.3031110019643393,1.3045875,1.31454,1.30102,1.3077800000000002,NaN,NaN,NaN,NaN,NaN,1.3031256282756518,1.3037052744463342,1.3025459821049694,1.3042849206170166,1.301966335934287,1.3086748750000026,1.318466777836939,1.2988829721630661,1.3086748750000026,1.313570826418471,1.3037789235815342,1.3163954739080341,1.308568344350939,1.319636408203118,1.3416898515625024,1.3354448625000108,1.3255854999999996,1.3086748750000026,0.003696196327690963,29.66415713635078,23.570221782726698,NaN,NaN,NaN,NaN,0.00005598076986638046,-0.00451158573846655,-0.004567566508332931,17.104686815593713,14.492991677617523
1762380000,1.3038492509821697,1.30654,1.3038492509821697,1.3055875000000001,1.30544,1.30103,1.303235,1.30544,NaN,NaN,NaN,NaN,1.3053255836607234,1.3053255836607234,1.3053255836607234,1.3053255836607234,1.3053255836607234,1.3083603750000026,1.3181246330704959,1.2985961169295093,1.3083603750000026,1.3132425040352491,1.303478245964756,1.3159716317939936,1.3082973585008537,1.319701085937493,1.341559203125002,1.335233050000011,1.3251393124999997,1.3083603750000026,0.0036243786627009147,34.23211029038218,23.839082655546395,NaN,NaN,NaN,NaN,0.00030960507521025395,-0.004180560164320113,-0.004490165239530367,23.589886403810294,18.377604126135267
1762394400,1.304718375491085,1.30658,1.304718375491085,1.30617,1.30544,1.30103,1.303235,NaN,NaN,NaN,NaN,NaN,1.3056099052019028,1.3058559301075252,1.3053638802962804,1.3061019550131476,1.305117855390658,1.3079782500000026,1.3174530097716335,1.2985034902283716,1.3079782500000026,1.312715629885818,1.303240870114187,1.315587254076582,1.3081039622735033,1.319767310546868,1.3414132656250022,1.3350256750000111,1.3246875312499997,1.3079782500000026,0.0034984676517162165,36.80663486182328,24.079035536905703,NaN,NaN,NaN,NaN,0.0005304516352054936,-0.0038271006955235,-0.0043575523307289935,31.551032202315685,24.081868473906564
1762408800,1.3054441877455425,1.30896,1.30531,1.3070875000000002,1.30544,1.30103,1.303235,NaN,NaN,NaN,NaN,NaN,1.306418518063506,1.307189655321064,1.3056473808059479,1.307960792578622,1.3048762435483898,1.3076595000000026,1.3167977686532748,1.2985212313467305,1.3076595000000026,1.3122286343266387,1.3030903656733666,1.3152539303873043,1.3080115566122759,1.3198354863281179,1.3412759687500022,1.3348261250000109,1.3242379374999995,1.3076595000000026,0.003509291390879339,40.741489488050924,24.755508016091756,NaN,NaN,NaN,NaN,0.0007393465086226901,-0.0034333691949506306,-0.004172715703573321,39.39187256363522,31.5109303899204
1762423200,1.3062658438727714,1.31254,1.30594,1.3093325,1.30544,1.30103,1.303235,NaN,NaN,NaN,NaN,NaN,1.307661492581049,1.3091898531482171,1.306133132013881,1.3107182137153852,1.3046047714467128,1.3074312500000027,1.3161534526305447,1.2987090473694607,1.3074312500000027,1.3117923513152736,1.3030701486847318,1.3150217174309395,1.3081316423747962,1.3199080546874928,1.3411477500000022,1.334640712500011,1.3238106874999995,1.3074312500000027,0.003730056291530811,49.09406785753034,26.160034808711043,NaN,NaN,NaN,NaN,0.001012832510459174,-0.0029066750654993534,-0.003919507575958527,49.79734185795155,40.24674887463415
1762437600,1.3077991719363857,1.31249,1.3077991719363857,1.3109075,1.30544,1.30103,1.303235,NaN,NaN,NaN,NaN,NaN,1.3085987334099967,1.310394087771544,1.3068033790484492,1.3121894421330915,1.3050080246869018,1.3073088750000026,1.3157596510689453,1.2988580989310599,1.3073088750000026,1.311534263034474,1.3030834869655312,1.3148603755709027,1.3083839930679966,1.319984406249993,1.3410220781250022,1.334455262500011,1.3234126249999996,1.3073088750000026,0.0037986828466796247,53.99342019195063,28.300693132531745,NaN,NaN,NaN,NaN,0.0012674001071960213,-0.002335257441963501,-0.003602657549159522,65.70976755102585,51.632993990870865
1762452000,1.3093533359681928,1.31428,1.3093533359681928,1.3131225,1.30544,1.30103,1.303235,NaN,NaN,NaN,NaN,NaN,1.309092402864459,1.3111774671514995,1.3070073385774186,1.31326253143854,1.304922274290378,1.3073152500000025,1.3157833487966595,1.2988471512033455,1.3073152500000025,1.311549299398331,1.3030812006016739,1.31479222358773,1.3088147664254515,1.320062984374993,1.3409058281250021,1.334269487500011,1.3230477499999995,1.3073152500000025,0.0038792529313315858,59.846348206412365,31.17450408784586,NaN,NaN,NaN,NaN,0.0015347198036833958,-0.0016842577945552772,-0.003218977598238673,80.47932247150948,65.32881062682895
1762466400,1.3112379179840965,1.31422,1.3112379179840965,1.3130300000000001,1.31428,1.3046,1.30944,NaN,NaN,NaN,NaN,NaN,1.312829305994699,1.312829305994699,1.312829305994699,1.312829305994699,1.312829305994699,1.3072887500000028,1.3156814957502447,1.2988960042497608,1.3072887500000028,1.3114851228751239,1.3030923771248817,1.3147231167803681,1.3091979694776832,1.320139126953118,1.3407910078125023,1.3340809500000108,1.3226882812499996,1.3072887500000028,0.00381516929451529,59.505888387979475,34.16756826610294,NaN,NaN,NaN,NaN,0.001645261732896348,-0.001162400432118238,-0.002807662165014586,89.22429481942379,78.47112828065303
1762480800,1.3121339589920482,1.31308,1.31155,1.3122825,1.31428,1.3046,1.30944,NaN,NaN,NaN,NaN,NaN,1.3125599831611243,1.3128224659671934,1.3122975003550552,1.3130849487732625,1.312035017548986,1.3071948750000026,1.3153156892243254,1.2990740607756799,1.3071948750000026,1.311255282112164,1.3031344678878414,1.314627406318393,1.3094783813433484,1.3202122871093678,1.3406826250000021,1.3338864250000109,1.3223302499999996,1.3071948750000026,0.0036519429163356285,56.69879916598336,37.1065137278826,NaN,NaN,NaN,NaN,0.0016061931501887604,-0.0007999207272786357,-0.002406113877467396,88.92280656820162,86.20880795304497
1762495200,1.312208229496024,1.31276,1.30949,1.3109925,1.31428,1.3046,1.30944,NaN,NaN,NaN,NaN,NaN,1.3119030867608876,1.3126636359078896,1.3111425376138857,1.3134241850548916,1.3103819884668837,1.3070817500000025,1.314919849433453,1.2992436505665519,1.3070817500000025,1.311000799716728,1.303162700283277,1.3144848609725737,1.309616028493953,1.320282144531243,1.3405702031250022,1.333683975000011,1.3219546249999996,1.3070817500000025,0.0036246612794545038,52.12859608456346,39.738650554725545,NaN,NaN,NaN,NaN,0.0014371177150000391,-0.000609716733717347,-0.002046834448717386,83.48017200186727,87.2090911298309
1762509600,1.3116003647480121,1.31378,1.30959,1.31155,1.31428,1.3046,1.30944,NaN,NaN,NaN,NaN,NaN,1.3117980053501217,1.3124013306908344,1.311194680009409,1.3130046560315471,1.3105913546686963,1.3070368750000025,1.314761028330019,1.299312721669986,1.3070368750000025,1.310898951665011,1.3031747983349942,1.3143697683854139,1.309791844085412,1.320353199218743,1.3404601015625022,1.333484362500011,1.3215963124999996,1.3070368750000025,0.0036650426166363187,53.85954155991069,42.433440847610434,NaN,NaN,NaN,NaN,0.0013100473689554297,-0.000409275237523099,-0.0017193226064785288,79.686478946158,84.02981917207563
1762524000,1.311575182374006,1.31746,1.311575182374006,1.3150875,1.31428,1.3046,1.30944,1.31428,NaN,NaN,NaN,NaN,1.3128047304784165,1.3142722732137002,1.3113371877431328,1.315739815948984,1.309869645007849,1.3073122500000025,1.3157400750295394,1.2988844249704656,1.3073122500000025,1.311526162514771,1.303098337485234,1.3143979147232407,1.3102732673503745,1.320427412109368,1.3403646640625022,1.3333064750000108,1.3213029687499998,1.3073122500000025,0.003825396715448016,63.00130349898655,45.31864696932524,NaN,NaN,NaN,NaN,0.001403157011753708,0.000034623658213606134,-0.0013685333535401018,79.85989793755307,81.00884962852611
1762538400,1.313331341187003,1.31751,1.313331341187003,1.316555,1.31428,1.3046,1.30944,NaN,NaN,NaN,NaN,NaN,1.3132708655338041,1.3150019723710293,1.311539758696579,1.3167330792082546,1.3098086518593537,1.3078240000000025,1.3171443785318553,1.2985036214681498,1.3078240000000025,1.312484189265929,1.3031638107340762,1.3144825063027215,1.3108443339548859,1.320505513671868,1.3402681953125022,1.3331323125000107,1.3210324999999998,1.3078240000000025,0.003850629722415805,66.00991809571511,48.44556295409884,NaN,NaN,NaN,NaN,0.0014940896018693724,0.0004990786487966137,-0.0009950109530727587,86.2411819177688,81.92918626715995
1762725600,1.3149431705935015,1.3163,1.31368,1.3152475,1.31751,1.30949,1.3135,NaN,NaN,NaN,NaN,NaN,1.3150758333333332,1.3150758333333332,1.3150758333333332,1.3150758333333332,1.3150758333333332,1.3083645000000026,1.3180819528029029,1.2986470471971023,1.3083645000000026,1.3132232264014527,1.3035057735985525,1.3145125060555558,1.311244621777169,1.320582025390618,1.3401658359375022,1.332947550000011,1.3207482812499998,1.3083645000000026,0.003780941885100388,61.23232503043028,51.20104284686208,NaN,NaN,NaN,NaN,0.0013983914713875901,0.000752978386161729,-0.0006454130852258612,87.93952457001679,84.68020147511288
1762740000,1.3150953352967507,1.31602,1.31426,1.315235,1.31751,1.30949,1.3135,NaN,NaN,NaN,NaN,NaN,1.3151250810405395,1.3151729792140348,1.3150771828670442,1.31522087738753,1.315029284693549,1.3090167500000027,1.3187400741602968,1.2992934258397086,1.3090167500000027,1.3138784120801497,1.3041550879198558,1.3145408391514164,1.31160738343379,1.320656384765618,1.3400642578125022,1.332762825000011,1.3204746874999997,1.3090167500000027,0.003636588893307502,61.18673076639484,53.45265524900809,NaN,NaN,NaN,NaN,0.0012701901326217478,0.0009423245805513236,-0.0003278655520704242,87.24007866802918,87.14026171860492
1762754400,1.3151651676483753,1.31848,1.31392,1.3163175,1.31751,1.30949,1.3135,NaN,NaN,NaN,NaN,NaN,1.3156066172800656,1.3161596977998145,1.3150535367603167,1.3167127783195633,1.3145004562405678,1.3097392500000027,1.3193773433138025,1.3001011566862029,1.3097392500000027,1.3145582966569025,1.3049202033431029,1.3146105121258707,1.3120355758489,1.320731052734368,1.3399665312500022,1.3325839875000107,1.3202158749999997,1.3097392500000027,0.0037025468294998314,63.707043226571265,55.55800760159302,NaN,NaN,NaN,NaN,0.0011953222602512498,0.001166287273243638,-0.000029034987007611757,83.97318695717289,86.38426339840628
1762768800,1.3157413338241877,1.31912,1.31521,1.317285,1.31751,1.30949,1.3135,NaN,NaN,NaN,NaN,NaN,1.3160104097807266,1.3168536101905386,1.3151672093709146,1.3176968106003506,1.3143240089611026,1.3105015000000027,1.3199936399576573,1.301009360042348,1.3105015000000027,1.31524756997883,1.3057554300211753,1.3147153940032874,1.3125127962262726,1.320807054687493,1.3398766093750019,1.3324147000000108,1.3199634999999996,1.3105015000000027,0.0037173649131069923,65.84193181073506,57.63195738365814,NaN,NaN,NaN,NaN,0.0011477440564002684,0.0014056450834927237,0.00025790102709245534,84.78166229942615,85.33164264154273
1762783200,1.316513166912094,1.318,1.31458,1.3169849999999999,1.31751,1.30949,1.3135,NaN,NaN,NaN,NaN,NaN,1.316135411285318,1.3169005480367635,1.3153702745338727,1.317665684788209,1.3146051377824273,1.3111822500000025,1.3204818486326428,1.3018826513673623,1.3111822500000025,1.3158320493163227,1.3065324506836824,1.3148043981600213,1.3129193602057023,1.320882408203118,1.339789812500002,1.332252312500011,1.3197382812499996,1.3111822500000025,0.0036961245621707772,64.57351423772732,59.33424486577788,NaN,NaN,NaN,NaN,0.0010362597863952682,0.0015532257600865407,0.0005169659736912724,84.93325109623764,84.56270011761222
1762797600,1.316749083456047,1.3185,1.316749083456047,1.317815,1.31751,1.30949,1.3135,1.31751,NaN,NaN,NaN,NaN,1.316311732332033,1.3171844407407522,1.3154390239233138,1.3180571491494715,1.3145663155145946,1.3119180000000026,1.320865141665227,1.302970858334778,1.3119180000000026,1.3163915708326148,1.3074444291673903,1.3149224609772754,1.3133644183688202,1.3209544453124933,1.339708492187502,1.3321096625000106,1.3195575937499997,1.3119180000000026,0.0035571811322980857,66.49656413905726,60.57728031445838,NaN,NaN,NaN,NaN,0.0009603167362910909,0.001717361894055136,0.0007570451577640451,86.3287719334739,85.34789510971257
1762812000,1.3172820417280233,1.31778,1.31576,1.3168725000000001,1.31912,1.31368,1.3164,NaN,NaN,NaN,NaN,NaN,1.3168041666666668,1.3168041666666668,1.3168041666666668,1.3168041666666668,1.3168041666666668,1.3126025000000026,1.320838081641684,1.304366918358321,1.3126025000000026,1.3167202908208433,1.3084847091791618,1.3149989330958136,1.3136833348807457,1.321025978515618,1.3396150156250022,1.3319724250000107,1.3193348437499997,1.3126025000000026,0.0034498824799910734,62.35716957875318,61.17469098494428,NaN,NaN,NaN,NaN,0.0007953257292383867,0.0017512023193120285,0.0009558765900736418,83.08727901517048,84.78310068162735
1762826400,1.3170772708640117,1.3172,1.31612,1.3166075,1.31912,1.31368,1.3164,NaN,NaN,NaN,NaN,NaN,1.3167001896192068,1.3167776389331105,1.316622740305303,1.3168550882470142,1.3165452909913993,1.3132035000000026,1.320736093243818,1.3056709067561874,1.3132035000000026,1.3169697966219103,1.309437203378095,1.3150620141508798,1.3139491680734052,1.3210991699218682,1.339511625000002,1.3318318875000106,1.3190885312499998,1.3132035000000026,0.003280605159991709,61.20354788225681,61.27163381893316,NaN,NaN,NaN,NaN,0.0006245940481619822,0.0017366191502761197,0.0011120251021141375,79.7900934686126,83.06871480575232
1762840800,1.3168423854320057,1.31715,1.31166,1.3145900000000001,1.31912,1.31368,1.3164,NaN,NaN,NaN,NaN,NaN,1.3157079577104756,1.3168192552490114,1.3145966601719397,1.3179305527875473,1.3134853626334038,1.3136536250000028,1.3203404251437572,1.3069668248562485,1.3136536250000028,1.3169970250718799,1.3103102249281258,1.3150435037920218,1.3140074255212775,1.3211702519531179,1.3394009687500021,1.3316788000000104,1.3188339374999996,1.3136536250000028,0.003438419077135158,53.142824672213585,60.81712926780703,NaN,NaN,NaN,NaN,0.0003459502286469866,0.0015444628879228706,0.001198512659275884,67.95240242594329,76.94325830324212
1762855200,1.3157161927160028,1.31783,1.31214,1.3150175000000002,1.31912,1.31368,1.3164,NaN,NaN,NaN,NaN,NaN,1.3155047118882595,1.316497655065132,1.314511768711387,1.3174905982420044,1.3135188255345145,1.3140960000000026,1.3198494003837973,1.308342599616208,1.3140960000000026,1.3169727001919,1.3112192998081051,1.315042484035472,1.3140992504738886,1.321242937499993,1.3392893750000021,1.3315246500000106,1.3185960312499998,1.3140960000000026,0.003599246285911216,54.50998897843819,60.66078568298237,NaN,NaN,NaN,NaN,0.00016952183830488575,0.0014104149571569913,0.0012408931188521055,61.42263759086214,69.721711161806
1762869600,1.3153668463580015,1.31846,1.3153668463580015,1.3172225,1.31912,1.31368,1.3164,NaN,NaN,NaN,NaN,NaN,1.3159032012630232,1.3169847111372126,1.3148216913888338,1.318066221011402,1.3137401815146443,1.3146027500000026,1.3195226707031738,1.3096828292968314,1.3146027500000026,1.3170627103515882,1.312142789648417,1.3151279748576103,1.3143831822489898,1.321318441406243,1.3391869140625023,1.3313835875000106,1.3183786562499997,1.3146027500000026,0.0035880501226318285,60.85431713100114,61.28405147201364,NaN,NaN,NaN,NaN,0.0001794582893579113,0.0014652159805494946,0.0012857576911915834,63.48248249229937,64.28584083636827
1762884000,1.3162946731790006,1.31783,1.31481,1.3162525,1.31912,1.31368,1.3164,NaN,NaN,NaN,NaN,NaN,1.3159503475002379,1.31697317400103,1.3149275209994458,1.317996000501822,1.3139046944986537,1.3149487500000026,1.3192749473749807,1.3106225526250244,1.3149487500000026,1.3171118486874918,1.3127856513125133,1.315172073882802,1.3145531202263543,1.3213939746093681,1.339079375000002,1.3312562875000102,1.3181521874999995,1.3149487500000026,0.0035474751138724137,57.08274621070177,61.514280375641576,NaN,NaN,NaN,NaN,0.0001026536229637707,0.0014140747198962966,0.001311421096932526,66.49390857584369,63.79967621966839
1762898400,1.3162735865895003,1.3162735865895003,1.31372,1.3147600000000002,1.31846,1.31166,1.31506,NaN,NaN,NaN,NaN,NaN,1.3149178621965,1.3149178621965,1.3149178621965,1.3149178621965,1.3149178621965,1.3151413750000025,1.3190539638059566,1.3112287861940484,1.3151413750000025,1.3170976694029797,1.3131850805970253,1.3151559141226923,1.314571927478504,1.3214666171874931,1.3389659453125022,1.3311483625000105,1.3179257812499996,1.3151413750000025,0.003476483076417265,51.766479011609896,60.71179291225753,NaN,NaN,NaN,NaN,-0.00005807116558165346,0.0012388321399554592,0.0012969033055371126,61.212643872990974,63.72967831371134
1762912800,1.3155167932947502,1.3155167932947502,1.31286,1.3136275,1.31846,1.31166,1.31506,NaN,NaN,NaN,NaN,NaN,1.3144052506479251,1.3148602259922888,1.3139502753035615,1.3153152013366525,1.3134952999591978,1.3151666250000025,1.319033017784643,1.311300232215362,1.3151666250000025,1.3170998213923228,1.313233428607682,1.3150959763139594,1.3144860704350037,1.3215368574218682,1.338846593750002,1.3310472125000103,1.3176977187499996,1.3151666250000025,0.0034179338062981976,48.10543740654071,59.43290143445937,NaN,NaN,NaN,NaN,-0.00023986328698049155,0.0009970741968114982,0.0012369374837919898,43.3075780772862,57.004710175373624
1762927200,1.3145721466473752,1.31555,1.31152,1.3130125000000001,1.31846,1.31166,1.31506,NaN,NaN,NaN,NaN,NaN,1.3138196767063262,1.314419367512285,1.3132199859003673,1.315019058318244,1.3126202950944084,1.3151657500000025,1.319034083973066,1.3112974160269388,1.3151657500000025,1.3170999169865343,1.3132315830134706,1.3150142713604707,1.314352109486367,1.321606644531243,1.3387282734375021,1.3309412125000102,1.3174504999999996,1.3151657500000025,0.003461652820134039,46.19483193328587,58.35879478466334,NaN,NaN,NaN,NaN,-0.000391757823092967,0.0007472402049257809,0.001138998028018748,29.18903743944354,44.56975312990691
1762941600,1.3137923233236877,1.314,1.30958,1.31142,1.31846,1.31166,1.31506,NaN,1.31166,NaN,NaN,NaN,1.3130400668460023,1.3141802961556006,1.311899837536404,1.315320525465199,1.3107596082268056,1.3151226250000025,1.3191351143974042,1.311110135602601,1.3151226250000025,1.3171288696987034,1.3131163803013017,1.314873319542413,1.3140855540785155,1.3216759785156182,1.3386062890625021,1.3308239250000105,1.3171869999999997,1.3151226250000025,0.003530106190124471,41.588653879437466,56.95893214988066,NaN,NaN,NaN,NaN,-0.0005784394404418625,0.00041594872746641975,0.0009943881679082822,21.766454757616327,31.42102342478202
1762956000,1.3126061616618439,1.31398,1.30844,1.311715,1.31846,1.31166,1.31506,NaN,NaN,1.31166,NaN,NaN,1.3125534172857585,1.3137745755284702,1.3113322590430467,1.314995733771182,1.310111100800335,1.3151587500000024,1.3190324622026182,1.3112850377973866,1.3151587500000024,1.3170956061013102,1.3132218938986946,1.314749463874083,1.3138700491622868,1.3217477890624931,1.338490242187502,1.3307031125000102,1.3169346874999996,1.3151587500000024,0.003673670033687,42.727900355176125,55.460421944781004,NaN,NaN,NaN,NaN,-0.0006553645465671156,0.00017518248469938769,0.0008305470312665033,23.19672121409016,24.71740447038334
1762970400,1.312160580830922,1.3144,1.312160580830922,1.313525,1.31846,1.31166,1.31506,NaN,NaN,NaN,NaN,NaN,1.3126498029790696,1.3138254175835389,1.3114741883746004,1.3150010321880081,1.3102985737701311,1.3152575000000026,1.318848579569543,1.3116664204304622,1.3152575000000026,1.3170530397847728,1.3134619602152324,1.3147014456829427,1.3138386810566243,1.3218214277343683,1.338386906250002,1.33058790000001,1.3166857812499997,1.3152575000000026,0.003603050745566504,49.26612389811508,54.27643566530815,NaN,NaN,NaN,NaN,-0.0005612863875664502,0.0001289390468084406,0.0006902254343748908,33.499575143147005,26.15425037161783
1762984800,1.312842790415461,1.3134,1.31107,1.3125275,1.31576,1.30844,1.3121,NaN,NaN,NaN,NaN,NaN,1.3123325,1.3123325,1.3123325,1.3123325,1.3123325,1.3151295000000025,1.3189130322752687,1.3113459677247363,1.3151295000000025,1.3170212661376357,1.3132377338623693,1.3146161929110625,1.3137194827787493,1.3218948046874932,1.3382751328125022,1.3304550000000104,1.3164398749999995,1.3151295000000025,0.003521047120883189,46.13995229304464,52.95975266925939,NaN,NaN,NaN,NaN,-0.0005428472333744588,0.000011666392656817237,0.000554513626031276,40.61424213768569,32.436846164974284
1762999200,1.3126851452077304,1.31288,1.31152,1.3121375,1.31576,1.30844,1.3121,NaN,NaN,NaN,NaN,NaN,1.3122431292821108,1.3123187360603847,1.312167522503837,1.3123943428386586,1.312091915725563,1.3149086250000024,1.3188461338783286,1.3109711161216762,1.3149086250000024,1.3168773794391655,1.3129398705608393,1.3145189892674913,1.3135756661624993,1.3219688691406182,1.3381545078125021,1.3303145250000101,1.3162104374999997,1.3149086250000024,0.0033666866122486773,44.939273465947856,51.41994619260872,NaN,NaN,NaN,NaN,-0.0005327772635367221,-0.0001114579533896265,0.00042131931014709553,42.6930433367857,38.935620205872794
1763013600,1.3124113226038652,1.31712,1.31006,1.3136325,1.31576,1.30844,1.3121,NaN,NaN,NaN,NaN,NaN,1.3128716317425673,1.31355242294644,1.3121908405386946,1.3142332141503126,1.311510049334822,1.3148278750000024,1.3188003585638293,1.3108553914361756,1.3148278750000024,1.3168141167819158,1.312841633218089,1.3144842249824917,1.3135808328749994,1.3220434648437434,1.3380383203125021,1.3301768875000102,1.3159757812499997,1.3148278750000024,0.0036304947113737765,50.28046373923199,50.55732434692863,NaN,NaN,NaN,NaN,-0.0004069702173233576,-0.00008739346150710148,0.0003195767558162561,43.11792253795906,42.14173600414348
1763028000,1.3130219113019326,1.31842,1.3130219113019326,1.3163225,1.31576,1.30844,1.3121,1.31576,NaN,NaN,NaN,NaN,1.3137841977643636,1.3152925739154169,1.3122758216133104,1.3168009500664701,1.310767445462257,1.3148822500000024,1.3189049890829607,1.310859510917044,1.3148822500000024,1.3168936195414815,1.3128708804585232,1.3145563141988645,1.3138300753409085,1.3221186445312432,1.337927468750002,1.33004353750001,1.3157768749999996,1.3148822500000024,0.0037567514247090314,58.14753256484433,50.33903753854203,NaN,NaN,NaN,NaN,-0.00013802675137728268,0.00014704331659465275,0.00028507006797193543,55.79673985362607,47.20256857612361
1763042400,1.3146722056509663,1.32158,1.3146722056509663,1.3190499999999998,1.31576,1.30844,1.3121,NaN,NaN,NaN,NaN,NaN,1.3151208608267737,1.3175804963524125,1.312661225301135,1.3200401318780512,1.3102015897754962,1.3150188750000023,1.319397208434897,1.3106405415651075,1.3150188750000023,1.3172080417174497,1.3128297082825549,1.314732537171458,1.3143046139462804,1.3221964921874931,1.337822187500002,1.32991938750001,1.3156124999999996,1.3150188750000023,0.0039818259193036476,64.31332776202214,51.1369306163855,NaN,NaN,NaN,NaN,0.00020924114183051574,0.0005466214952600801,0.00033738035342956434,70.41161208784844,56.44209149314452
1763056800,1.316861102825483,1.32142,1.316861102825483,1.320045,1.31576,1.30844,1.3121,NaN,NaN,NaN,NaN,NaN,1.3157015993497638,1.3184235408604703,1.3129796578390573,1.3211454823711768,1.3102577163283509,1.3151568750000022,1.3199650918906547,1.3103486581093498,1.3151568750000022,1.3175609834453283,1.312752766554676,1.3149408690470872,1.3148264672238912,1.3222716347656183,1.3377185156250022,1.32979852500001,1.3154408437499998,1.3151568750000022,0.004023045294676027,66.26578546937486,51.97663036573812,NaN,NaN,NaN,NaN,0.00047635590640355614,0.0009328252364340095,0.00045646933003045336,82.57719720376566,69.59518304841339
1763071200,1.3184530514127415,1.31988,1.31356,1.31693,1.32158,1.31006,1.31582,NaN,NaN,NaN,NaN,NaN,1.3167900000000001,1.3167900000000001,1.3167900000000001,1.3167900000000001,1.3167900000000001,1.3151541250000023,1.3199582175956412,1.3103500324043633,1.3151541250000023,1.3175561712978217,1.312752078702183,1.3150188741824955,1.3150176974762646,1.3223402792968684,1.3376029453125022,1.3296643500000098,1.3152297812499998,1.3151541250000023,0.0041988992021991575,55.94612822044585,51.6260454435556,NaN,NaN,NaN,NaN,0.0004158533356688548,0.0009762859996165218,0.0005604326639476671,77.89193302891857,76.96024744017755
1763085600,1.3176915257063708,1.3176915257063708,1.3139,1.3148275,1.32158,1.31006,1.31582,NaN,NaN,NaN,NaN,NaN,1.3160995238484448,1.3167572425262841,1.3154418051706054,1.3174149612041235,1.314784086492766,1.3150047500000022,1.3196518286232528,1.3103576713767515,1.3150047500000022,1.3173282893116276,1.3126812106883767,1.3150113693125938,1.3150004067966041,1.322405849609368,1.3374791640625021,1.3295229875000099,1.3149982499999997,1.3150047500000022,0.004169801095354272,50.2571247530134,51.13850105372071,NaN,NaN,NaN,NaN,0.00021684578164436492,0.0008314898910031232,0.0006146441093587583,67.18036529680336,75.88316517649587
1763100000,1.3162595128531853,1.32012,1.3108,1.3153075,1.32158,1.31006,1.31582,NaN,NaN,NaN,NaN,NaN,1.3157205304049715,1.3162800950328373,1.3151609657771057,1.316839659660703,1.31460140114924,1.3149265000000023,1.3194972199628687,1.310355780037136,1.3149265000000023,1.3172118599814355,1.3126411400185691,1.3150229822807273,1.3150283243605492,1.322472572265618,1.3373575625000023,1.3293854000000098,1.3147594687499997,1.3149265000000023,0.00453767244568611,51.47040941078968,51.117353225090696,NaN,NaN,NaN,NaN,0.00010577317361704986,0.0007468605763800706,0.0006410874027630208,55.16235413495693,66.74488415355962
1763114400,1.3157835064265928,1.31812,1.31224,1.315645,1.32158,1.31006,1.31582,NaN,NaN,NaN,NaN,NaN,1.3156084685906153,1.3161112068705227,1.3151057303107079,1.3166139451504302,1.3146029920308004,1.3148783750000024,1.3193972590619956,1.3103594909380092,1.3148783750000024,1.317137817030999,1.3126189329690057,1.3150473751324636,1.3150843857823173,1.322540734374993,1.337240039062502,1.3292482500000096,1.3145077812499997,1.3148783750000024,0.004633552985279951,52.35046023593253,51.42056914147582,NaN,NaN,NaN,NaN,0.000046304000256920945,0.0006989674030841719,0.000652663402827251,51.902587519025964,58.08176898359542
1763128800,1.3157142532132964,1.31786,1.31251,1.3158125,1.32158,1.31006,1.31582,NaN,NaN,NaN,NaN,NaN,1.3155475084577208,1.3159836250446393,1.3151113918708024,1.3164197416315577,1.314675275283884,1.3149395000000024,1.319474172422623,1.3104048275773816,1.3149395000000024,1.3172068362113127,1.312672163788692,1.3150773800292297,1.3151505779839248,1.3226107753906182,1.337144906250002,1.3291067125000098,1.3142850624999995,1.3149395000000024,0.0046847277720456675,52.80786060483099,51.89292833230048,NaN,NaN,NaN,NaN,0.000011341793325284804,0.000666840644483857,0.0006554988511585722,54.40131912734665,53.822086927109844
1763143200,1.315763376606648,1.3176,1.31499,1.31652,1.32158,1.31006,1.31582,NaN,NaN,NaN,NaN,NaN,1.3156390840995742,1.3161248363944444,1.315153331804704,1.3166105886893147,1.3146675795098337,1.3150146250000023,1.319601460310816,1.3104277896891887,1.3150146250000023,1.3173080426554091,1.3127212073445955,1.3151339533614168,1.3152750708944771,1.3226815371093683,1.3370775000000021,1.3289686625000094,1.3141165937499997,1.3150146250000023,0.004536532931185263,54.782294672114645,52.83533124606314,NaN,NaN,NaN,NaN,0.00002800854305222097,0.0006905095299738484,0.0006625009869216274,57.47716894977143,54.593691865381345
1763330400,1.3161416883033241,1.3172,1.31498,1.3160399999999999,1.32012,1.3108,1.3154599999999999,NaN,NaN,NaN,NaN,NaN,1.3160733333333334,1.3160733333333334,1.3160733333333334,1.3160733333333334,1.3160733333333334,1.3149555000000024,1.3194566566823651,1.3104543433176397,1.3149555000000024,1.3172060783411836,1.3127049216588211,1.3151694846021456,1.3153446099040702,1.3227485488281183,1.337009984375002,1.3288260625000095,1.3139693437499997,1.3149555000000024,0.00437106629324345,53.15736020001239,53.58029266355144,NaN,NaN,NaN,NaN,3.1431111387778075e-7,0.0006628938758139746,0.0006625795647000969,56.50288559107008,56.12712455606272
1763344800,1.3160908441516619,1.3160908441516619,1.31416,1.314915,1.32012,1.3108,1.3154599999999999,NaN,NaN,NaN,NaN,NaN,1.3155106673417276,1.31601685919398,1.3150044754894752,1.3165230510462325,1.3144982836372228,1.3148886250000025,1.31935028485552,1.3104269651444849,1.3148886250000025,1.3171194549277612,1.3126577950722438,1.315159504813826,1.3153055544582457,1.3228116601562432,1.336934625000002,1.3286747250000093,1.3138053749999998,1.3148886250000025,0.0041967647117019105,49.45481647938053,53.593770705070405,NaN,NaN,NaN,NaN,-0.00009489585685760842,0.0005439597436280863,0.0006388556004856947,51.8484826864532,55.2761790757649
1763359200,1.315502922075831,1.31808,1.3136,1.315615,1.32012,1.3108,1.3154599999999999,NaN,NaN,NaN,NaN,NaN,1.315630077397602,1.3160200009198422,1.3152401538753618,1.3164099244420824,1.3148502303531215,1.3149313750000025,1.319403657825085,1.31045909217492,1.3149313750000025,1.3171675164125438,1.312695233587461,1.3151773673701466,1.3153336858711324,1.3228754199218682,1.3368636093750021,1.3285311875000092,1.3136583124999996,1.3149313750000025,0.004216995803723189,51.70872191236276,53.99153996359313,NaN,NaN,NaN,NaN,-0.00011074910788070181,0.0005004192156348175,0.0006111683235155193,47.42476851851834,51.92537893201387
1763373600,1.3155589610379155,1.31934,1.31492,1.317005,1.32012,1.3108,1.3154599999999999,NaN,NaN,NaN,NaN,NaN,1.3161293567787757,1.3168901338939127,1.3153685796636387,1.3176509110090497,1.3146078025485017,1.3151002500000026,1.3196176834226272,1.310582816577378,1.3151002500000026,1.317358966711315,1.3128415332886902,1.3152490392379839,1.3154856235192114,1.3229404121093682,1.3368007968750022,1.3283908500000092,1.3135435624999996,1.3151002500000026,0.004231496103457238,55.91279204281499,54.77536271908364,NaN,NaN,NaN,NaN,-0.00003174531949119762,0.0005714866741515223,0.0006032319936427199,50.21701388888903,49.83008836462019
1763388000,1.3162819805189576,1.31793,1.31614,1.3170925,1.32012,1.3108,1.3154599999999999,NaN,NaN,NaN,NaN,NaN,1.316372868746094,1.3171424704625994,1.3156032670295887,1.3179120721791047,1.3148336653130834,1.3153042500000027,1.319794552075054,1.3108139479249514,1.3153042500000027,1.3175494010375284,1.313059098962477,1.3153213318168864,1.315631703199283,1.323004837890618,1.3367355000000023,1.3282432000000093,1.3134697187499997,1.3153042500000027,0.004057103524638861,56.17145618632723,55.19614789387615,NaN,NaN,NaN,NaN,0.000019521361262897084,0.0006276336952213413,0.0006081123339584442,55.62630986738134,51.08936409159623
1763402400,1.316687240259479,1.31712,1.31446,1.3160100000000001,1.32012,1.3108,1.3154599999999999,NaN,NaN,NaN,NaN,NaN,1.3163058209758043,1.3170433966741022,1.3155682452775064,1.3177809723724,1.3148306695792085,1.3155337500000026,1.3196610092269272,1.311406490773078,1.3155337500000026,1.317597379613465,1.3134701203865402,1.3153483384123026,1.31566609381753,1.3230676874999932,1.3366560234375022,1.3280782375000093,1.3134079687499995,1.3155337500000026,0.003957310415736093,52.098990114996504,54.76410914745845,NaN,NaN,NaN,NaN,-0.00002399568360911741,0.0005781177294470474,0.0006021134130561648,55.66289489280615,53.83540621635884
1763416800,1.3163486201297396,1.3163486201297396,1.31454,1.3153225,1.31934,1.3136,1.31647,NaN,NaN,NaN,NaN,NaN,1.3154037067099134,1.3154037067099134,1.3154037067099134,1.3154037067099134,1.3154037067099134,1.3157141250000026,1.3194553124002248,1.3119729375997804,1.3157141250000026,1.3175847187001137,1.3138435312998915,1.315347325141232,1.3156348580159363,1.323131941406243,1.336567976562502,1.3279073625000093,1.3133264687499995,1.3157141250000026,0.003803832538164914,49.637591382673634,53.715842263219265,NaN,NaN,NaN,NaN,-0.00009937742781210117,0.00047789162829103837,0.0005772690561031395,49.7623240359322,53.68384293203989
1763431200,1.31583556006487,1.31642,1.31451,1.3155424999999998,1.31934,1.3136,1.31647,NaN,NaN,NaN,NaN,NaN,1.3154583144116048,1.3155004544633884,1.3154161743598212,1.315542594515172,1.3153740343080376,1.3158150000000026,1.319420997431273,1.3122090025687323,1.3158150000000026,1.3176179987156378,1.3140120012843675,1.315354979057262,1.3156264618326694,1.323197144531243,1.3364767656250023,1.3277463500000093,1.3132726249999995,1.3158150000000026,0.0036685587854388387,50.44441743890706,52.58574454675728,NaN,NaN,NaN,NaN,-0.00013263868146548975,0.0004114707042712773,0.000544109385736767,47.266726694380914,50.89731520770641
1763445600,1.3156890300324349,1.31772,1.31482,1.3159800000000001,1.31934,1.3136,1.31647,NaN,NaN,NaN,NaN,NaN,1.3157985762600168,1.3161569702633524,1.3154401822566812,1.316515364266688,1.3150817882533457,1.3159876250000027,1.3192629774484292,1.312712272551576,1.3159876250000027,1.317625301224216,1.3143499487757893,1.3153794896824675,1.3156586016660632,1.323263115234368,1.3363888515625022,1.3275888250000092,1.3132254062499995,1.3159876250000027,0.0036136617293360575,52.08824245403622,52.31018127772803,NaN,NaN,NaN,NaN,-0.00012357336550879226,0.00038964267885077675,0.000513216044359569,49.68311267913007,48.90405446981439
1763460000,1.3158345150162174,1.3161,1.3134,1.3150525,1.31934,1.3136,1.31647,NaN,NaN,NaN,NaN,NaN,1.3155107164348885,1.3160392870168276,1.3149821458529494,1.3165678575987667,1.3144535752710103,1.3161333750000026,1.3189357241326625,1.3133310258673427,1.3161333750000026,1.3175345495663326,1.3147322004336726,1.3153666665576649,1.3156035015146028,1.3233286582031178,1.3362995078125022,1.327426525000009,1.3131526249999996,1.3161333750000026,0.003548400177240635,48.42117524569308,52.17904202720514,NaN,NaN,NaN,NaN,-0.00017528325697912004,0.00029411197313566895,0.000469395230114789,50.697424892704056,49.21575475540501
1763474400,1.3154435075081086,1.31714,1.31356,1.315065,1.31934,1.3136,1.31647,NaN,NaN,NaN,NaN,NaN,1.3154365597315825,1.3158968093411552,1.3149763101220098,1.3163570589507279,1.314516060512437,1.3162050000000025,1.31881460724545,1.313595392754555,1.3162050000000025,1.3175098036227262,1.3149001963772788,1.31535483649658,1.3155545468314571,1.3233942597656179,1.336209484375002,1.327256887500009,1.3130821249999995,1.3162050000000025,0.003550657307437727,48.47382397050022,51.965000210041616,NaN,NaN,NaN,NaN,-0.0002019870431086893,0.00021691142622892734,0.00041889846933761664,46.99860464647705,49.12638073943705
1763488800,1.3152542537540541,1.31572,1.314,1.314595,1.31934,1.3136,1.31647,NaN,NaN,NaN,NaN,NaN,1.3153557749979115,1.315838765017186,1.3148727849786368,1.3163217550364608,1.3143897949593621,1.3161186250000025,1.3188197111081559,1.3134175388918492,1.3161186250000025,1.3174691680540793,1.3147680819459258,1.3153250389869102,1.3154673153013245,1.323458958984368,1.336116257812502,1.3270870750000088,1.3130489999999995,1.3161186250000025,0.003419896071192171,46.549815810698135,51.55066846538201,NaN,NaN,NaN,NaN,-0.00024194928372746485,0.00011646186467828556,0.0003584111484057504,38.64783372713296,45.44795442210469
1763503200,1.3149246268770272,1.31514,1.31316,1.31417,1.31772,1.3134,1.31556,NaN,NaN,NaN,NaN,NaN,1.3141566666666666,1.3141566666666666,1.3141566666666666,1.3141566666666666,1.3141566666666666,1.3158746250000024,1.3183441508986815,1.3134050991013233,1.3158746250000024,1.317109387949342,1.3146398620506627,1.3152797433403647,1.3153493775466587,1.3235213613281178,1.3360256093750023,1.326936087500009,1.3130416249999997,1.3158746250000024,0.0033170463518212923,44.81751558554834,50.97992953543326,NaN,NaN,NaN,NaN,-0.0002847035338425686,0.0000025317311025396805,0.0002872352649451083,28.886286949720855,38.17757510777695
1763517600,1.3145473134385135,1.31473,1.31292,1.313905,1.31772,1.3134,1.31556,NaN,NaN,NaN,NaN,NaN,1.313960407968345,1.314106495019119,1.3138143209175708,1.3142525820698931,1.3136682338667967,1.3155676250000026,1.3173051638236644,1.3138300861763408,1.3155676250000026,1.3164363944118336,1.3146988555881716,1.315225831836821,1.3152180704969625,1.3235821445312428,1.335935101562502,1.3267848000000089,1.3130261874999996,1.3155676250000026,0.0032094001838340477,43.7248797356287,50.19011418282712,NaN,NaN,NaN,NaN,-0.00031610678982660107,-0.00010789822233814306,0.000208208567488458,20.73760252750804,29.42390773478728
1763532000,1.3142261567192568,1.3156,1.31178,1.3136800000000002,1.31772,1.3134,1.31556,NaN,NaN,NaN,NaN,NaN,1.3138288597776098,1.3140014602100976,1.313656259345122,1.3141740606425854,1.3134836589126342,1.3154051250000025,1.3172092393712016,1.3136010106288034,1.3154051250000025,1.316307182185602,1.314503067814403,1.3151652109804752,1.3150782459063295,1.3236432695312428,1.3358402421875022,1.326631287500009,1.3130031874999994,1.3154051250000025,0.003253014456417341,42.77141934170976,49.448261264376924,NaN,NaN,NaN,NaN,-0.00033547607415609167,-0.0002111365252066566,0.00012433954894943507,18.939332110400553,22.85440719587648
1763546400,1.3139530783596285,1.3139530783596285,1.30923,1.3117,1.31772,1.3134,1.31556,NaN,1.3134,NaN,NaN,NaN,1.3131080896373033,1.314150712171405,1.3120654671032015,1.315193334705507,1.3110228445690997,1.3152487500000025,1.317664505829101,1.312832994170904,1.3152487500000025,1.3164566279145518,1.3140408720854533,1.31502932035379,1.3147711326421176,1.323700974609368,1.3357358906250023,1.3264692375000093,1.3129521562499993,1.3152487500000025,0.0033580190209324305,35.4463336380836,48.44765534714143,NaN,NaN,NaN,NaN,-0.0004575227104657904,-0.00044756383913280295,0.000009958871332987453,21.635403480668128,20.43744603952557
1763560800,1.3128265391798144,1.3128265391798144,1.3057,1.3091675,1.31772,1.3134,1.31556,NaN,NaN,NaN,NaN,NaN,1.3119766940073296,1.313945421010222,1.3100079670044373,1.3159141480131142,1.308039240001545,1.3149417500000025,1.3185270687064667,1.3113564312935382,1.3149417500000025,1.3167344093532347,1.3131490906467702,1.3147994450457983,1.3142617114928343,1.3237539921874928,1.3356205703125021,1.326291325000009,1.3128854999999995,1.3149417500000025,0.0036271990322811368,28.680583212494284,46.80278829715082,NaN,NaN,NaN,NaN,-0.0006717441079124016,-0.0008297212635575146,-0.00015797715564511296,24.995028522159107,21.856588037742593
1763575200,1.3109970195899072,1.3109970195899072,1.30436,1.3062,1.31772,1.3134,1.31556,NaN,NaN,NaN,NaN,NaN,1.3112919951391022,1.313768598808373,1.3088153914698315,1.3162452024776436,1.3063387878005608,1.3144695000000026,1.3196797933196305,1.3092592066803748,1.3144695000000026,1.3170746466598167,1.3118643533401886,1.3144622119067473,1.3135288286298494,1.323804164062493,1.3354849140625022,1.3260956875000094,1.3128065624999994,1.3144695000000026,0.003842186214968717,23.113411044556443,44.45997536870379,NaN,NaN,NaN,NaN,-0.0009587386633387528,-0.001356400484818554,-0.0003976618214798012,21.13737748936594,22.589269830731055
1763589600,1.3085985097949537,1.3085985097949537,1.30453,1.3053325,1.3156,1.30436,1.30998,NaN,NaN,NaN,NaN,NaN,1.3061536699316512,1.3061536699316512,1.3061536699316512,1.3061536699316512,1.3061536699316512,1.3139455000000027,1.320455882206544,1.3074351177934613,1.3139455000000027,1.3172006911032732,1.310690308896732,1.3141041839888357,1.3127837078453177,1.3238510253906177,1.3353369609375023,1.3258883625000093,1.3127247499999992,1.3139455000000027,0.003858352184967649,21.782301266879344,42.003607160171796,NaN,NaN,NaN,NaN,-0.0011400990421412684,-0.0018227856241563867,-0.0006826865820151182,15.420022634288264,20.5174762152711
1763604000,1.3069655048974769,1.3069655048974769,1.3038,1.3049875,1.3156,1.30436,1.30998,NaN,NaN,NaN,NaN,NaN,1.305635872563672,1.3060822862227874,1.3051894589045567,1.3065286998819028,1.3047430452454414,1.3133688750000025,1.3208373844674126,1.3059003655325925,1.3133688750000025,1.3171031297337075,1.3096346202662976,1.3137466669696656,1.3120749616775615,1.323895080078118,1.3351914843750021,1.3256748750000094,1.3126144374999993,1.3133688750000025,0.003808863093004017,21.257969812310364,39.80067713855136,NaN,NaN,NaN,NaN,-0.0012097995090890159,-0.002194935968376388,-0.0009851364592873722,9.789801485087487,15.449067202913895
1763618400,1.3059765024487384,1.30802,1.30499,1.3065575,1.3156,1.30436,1.30998,NaN,NaN,NaN,NaN,NaN,1.3060601263398772,1.3066079314210588,1.3055123212586957,1.3071557365022404,1.304964516177514,1.3128947500000023,1.3208150681583224,1.3049744318416823,1.3128947500000023,1.3168549090791624,1.3089345909208423,1.3134647388532081,1.3115733742523288,1.3239423457031179,1.335056718750002,1.3254876750000093,1.3125281249999994,1.3128947500000023,0.0037534085863608724,29.566884352664943,38.36705520783645,NaN,NaN,NaN,NaN,-0.0010808916888369248,-0.002336251070333528,-0.0012553593814966034,11.873236286048416,12.361020135141386
1763632800,1.3062670012243691,1.30997,1.30492,1.3081,1.3156,1.30436,1.30998,NaN,NaN,NaN,NaN,NaN,1.3066585395818566,1.3075469992099396,1.3057700799537737,1.3084354588380225,1.3048816203256908,1.3125540000000027,1.3206810314982418,1.3044269685017635,1.3125540000000027,1.3166175157491222,1.308490484250883,1.313254356937396,1.3112576129566624,1.323991615234368,1.334926937500002,1.3253055000000091,1.3124556562499992,1.3125540000000027,0.0038460222587636673,36.640766243159774,37.38108012242593,NaN,NaN,NaN,NaN,-0.0008335490177520271,-0.0022972956536866374,-0.0014637466359346102,19.743773946359855,13.80227057249858
1763647200,1.3071835006121846,1.3124,1.30661,1.3088475,1.3156,1.30436,1.30998,NaN,NaN,NaN,NaN,NaN,1.30761564091275,1.3090648981054427,1.3061663837200572,1.3105141552981354,1.3047171265273645,1.3122156250000026,1.3203681911397294,1.3040630588602757,1.3122156250000026,1.3162919080698658,1.3081393419301393,1.3130815390182824,1.311038511778784,1.324040597656243,1.3347959453125022,1.3251289875000094,1.3123993124999993,1.3122156250000026,0.003984877811709117,39.796313562206066,36.50308520158091,NaN,NaN,NaN,NaN,-0.00057377500407584,-0.0021809653910294102,-0.0016071903869535702,29.512587456271564,20.376532562893274
1763661600,1.3080155003060923,1.30878,1.30671,1.3073925,1.3156,1.30436,1.30998,NaN,NaN,NaN,NaN,NaN,1.3076172482553097,1.3089647231857136,1.3062697733249058,1.3103121981161174,1.304922298394502,1.3117350000000025,1.3198347047770578,1.3036352952229473,1.3117350000000025,1.31578485238853,1.307685147611475,1.312858439448938,1.310707056162531,1.324085466796868,1.3346544375000022,1.3249496000000094,1.3123292812499991,1.3117350000000025,0.0038529222537298873,36.034323582613915,35.61831008278955,NaN,NaN,NaN,NaN,-0.00045907770401329233,-0.0021810375169701857,-0.0017219598129568933,31.88614026320126,27.047500555277555
1763676000,1.3077040001530462,1.30876,1.30691,1.3078375,1.3124,1.3038,1.3081,NaN,NaN,NaN,NaN,NaN,1.307835833333333,1.307835833333333,1.307835833333333,1.307835833333333,1.307835833333333,1.3112722500000025,1.3191491914892726,1.3033953085107324,1.3112722500000025,1.3152107207446375,1.3073337792553674,1.312661539862705,1.3104461874204827,1.324131492187493,1.334509742187502,1.3247594000000094,1.3122577499999992,1.3112722500000025,0.00370985637846346,37.965792526815,34.8677364082406,NaN,NaN,NaN,NaN,-0.00031902440723523403,-0.0021207403220009358,-0.0018017159147657017,32.87975349573473,31.426160405069183
1763690400,1.3077707500765232,1.30963,1.30752,1.3085725,1.3124,1.3038,1.3081,NaN,NaN,NaN,NaN,NaN,1.3082598411215802,1.3086249116345063,1.3078947706086541,1.3089899821474325,1.307529700095728,1.3109003750000026,1.3185463882201367,1.3032543617798684,1.3109003750000026,1.3147233816100696,1.3070773683899355,1.3125011853582853,1.3102758522004387,1.324178335937493,1.3343673515625023,1.3245614250000093,1.3121879062499995,1.3109003750000026,0.0035955809228589313,41.1278008122798,34.48044962263929,NaN,NaN,NaN,NaN,-0.00015118604452441062,-0.001990698470421215,-0.0018395124258968043,33.74894813570265,32.83828063154621
1763704800,1.3081716250382616,1.31031,1.30592,1.3078375,1.3124,1.3038,1.3081,NaN,NaN,NaN,NaN,NaN,1.3081398953844765,1.308422743848067,1.3078570469208861,1.3087055923116573,1.3075741984572957,1.3105261250000027,1.3180005125107597,1.3030517374892456,1.3105261250000027,1.3142633187553812,1.3067889312446241,1.3123182957363917,1.3100541838185806,1.3242258437499932,1.3342189453125024,1.3243589625000096,1.3121201874999993,1.3105261250000027,0.00365232514265473,38.987654068395386,34.06403094284265,NaN,NaN,NaN,NaN,-0.00006819828732047644,-0.0019247602850474,-0.0018565619977269235,36.17755374815061,34.268751793195996
1763719200,1.3080045625191308,1.30952,1.30386,1.306985,1.3124,1.3038,1.3081,NaN,NaN,NaN,NaN,NaN,1.3076514463819342,1.3083389615543775,1.306963931209491,1.3090264767268207,1.3062764160370477,1.3100982500000027,1.3173514748153516,1.3028450251846537,1.3100982500000027,1.3137248624076772,1.3064716375923282,1.3121091468839843,1.3097751671078006,1.324274564453118,1.3340641406250024,1.3241561000000095,1.3120519062499993,1.3100982500000027,0.0037957304896079633,36.608195643797345,33.5556963648547,NaN,NaN,NaN,NaN,-0.00005008673898917299,-0.0019191704214633898,-0.0018690836824742168,33.88418079095967,34.6035608916043
1763733600,1.3074947812595654,1.31074,1.30696,1.30904,1.3124,1.3038,1.3081,NaN,NaN,NaN,NaN,NaN,1.3079946429923568,1.308806686139822,1.3071825998448916,1.3096187292872872,1.3063705566974264,1.3097512500000028,1.3164916221128948,1.3030108778871108,1.3097512500000028,1.313121436056449,1.3063810639435567,1.3119887881826515,1.3097083337343642,1.3243250683593681,1.3339136718750022,1.3239753875000093,1.3120451562499995,1.3097512500000028,0.003794606883207403,45.27810000855795,33.73474498391528,NaN,NaN,NaN,NaN,0.00011207623654974639,-0.0017289883867870337,-0.00184106462333678,37.60586342289765,35.889199320669306
1763748000,1.3082673906297826,1.31096,1.3082673906297826,1.3099975000000001,1.3124,1.3038,1.3081,NaN,NaN,NaN,NaN,NaN,1.308157811518822,1.3090831515595012,1.3072324714781427,1.3100084916001804,1.3063071314374635,1.3094985000000028,1.31578885479699,1.3032081452030155,1.3094985000000028,1.3126436773984964,1.3063533226015092,1.3119106984499986,1.3097346215766947,1.324377031249993,1.3337680468750022,1.3238143750000093,1.3120911249999996,1.3094985000000028,0.0037158927751366824,48.79231234057584,34.68802917695044,NaN,NaN,NaN,NaN,0.00028573167432961906,-0.0014839000304247563,-0.0017696317047543753,49.086713069961974,40.192252427939756
1763935200,1.3091324453148914,1.31034,1.30857,1.3095075,1.31096,1.30386,1.30741,NaN,NaN,NaN,NaN,NaN,1.3094725,1.3094725,1.3094725,1.3094725,1.3094725,1.3092206250000027,1.3149706282313505,1.303470621768655,1.3092206250000027,1.3120956266156767,1.3063456233843287,1.311816455373528,1.3097139741606316,1.324428945312493,1.3336269531250025,1.3236467000000096,1.3121544999999997,1.3092206250000027,0.0035769004340554943,47.124468905362484,36.00544958358388,NaN,NaN,NaN,NaN,0.00036445975113622714,-0.0013140570158340914,-0.0016785167669703185,62.21163095197496,49.63473581494486
1763949600,1.3093199726574456,1.31074,1.30888,1.3096925,1.31096,1.30386,1.30741,NaN,NaN,NaN,NaN,NaN,1.3096719702960018,1.3098123990644124,1.3095315415275912,1.309952827832823,1.3093911127591806,1.308975500000003,1.3141803000893268,1.303770699910679,1.308975500000003,1.311577900044665,1.306373099955341,1.3117331630059388,1.3097120219642107,1.324480650390618,1.3334916796875023,1.3234781750000095,1.3122482812499994,1.308975500000003,0.003454264688765814,47.84927948551205,37.77229732936643,NaN,NaN,NaN,NaN,0.0004218083868365696,-0.0011512562834246065,-0.001573064670261176,67.84745718877966,59.71526707023886
1763964000,1.3095062363287227,1.3112,1.30881,1.3098125,1.31096,1.30386,1.30741,NaN,NaN,NaN,NaN,NaN,1.309788580490651,1.3099586436844046,1.3096185172968975,1.3101287068781582,1.309448454103144,1.3087576250000028,1.3134098947319337,1.304105355268072,1.3087576250000028,1.3110837598659681,1.3064314901340375,1.3116578428880588,1.3097211563311006,1.324532029296868,1.3333586640625024,1.3233159250000097,1.3123475937499993,1.3087576250000028,0.003378245782425391,48.34391519794188,39.66955546729947,NaN,NaN,NaN,NaN,0.00045764095800783,-0.0010010134727513886,-0.0014586544307592186,68.26550387596872,66.10819733890777
1763978400,1.3096593681643613,1.31181,1.3088,1.3100325000000002,1.31096,1.30386,1.30741,NaN,NaN,NaN,NaN,NaN,1.309906324077891,1.3101454192457889,1.309667228909993,1.3103845144136868,1.3094281337420952,1.3085640000000027,1.312628433351931,1.3044995666480745,1.3085640000000027,1.3105962166759668,1.3065317833240386,1.3115941039512722,1.3097494603010007,1.324583224609368,1.3332242187500025,1.3231641375000094,1.3124474999999993,1.3085640000000027,0.003351942512252146,49.29345955041197,41.672090448592435,NaN,NaN,NaN,NaN,0.0004834479842437639,-0.0008543444504545139,-0.0013377924346982778,70.23591670751433,68.7829592574209
1763992800,1.3098459340821806,1.31076,1.30806,1.3098575000000001,1.31096,1.30386,1.30741,NaN,NaN,NaN,NaN,NaN,1.3098213799928833,1.3100772162801402,1.3095655437056264,1.310333052567397,1.3093097074183695,1.308372875000003,1.3117601217663633,1.3049856282336427,1.308372875000003,1.3100664983831831,1.3066792516168229,1.311526001835536,1.309759282091819,1.324634783203118,1.3330889140625026,1.3230118500000096,1.3125285937499993,1.308372875000003,0.003305375189948416,48.5292760914489,43.026547001362715,NaN,NaN,NaN,NaN,0.00047530849322634195,-0.0007436568181653502,-0.0012189653113916922,70.80621516620477,69.7692119165626
1764007200,1.3098517170410904,1.31168,1.3098517170410904,1.31054,1.31096,1.30386,1.30741,NaN,NaN,NaN,NaN,NaN,1.3099112077191917,1.310269950693874,1.3095524647445094,1.3106286936685563,1.309193721769827,1.3083148750000029,1.311506319603459,1.3051234303965467,1.3083148750000029,1.309910597301731,1.3067191526982747,1.3114873350968874,1.309830256447108,1.3246891074218679,1.3329541640625024,1.3228575875000097,1.3126215937499992,1.3083148750000029,0.0031998686020170706,51.6757405573622,44.10047373809146,NaN,NaN,NaN,NaN,0.000499958990939253,-0.0005940165727176261,-0.001093975563656879,73.57533177205416,71.53915454859107
1764021600,1.310195858520545,1.3116,1.310195858520545,1.3108499999999998,1.31181,1.30806,1.3099349999999998,NaN,NaN,NaN,NaN,NaN,1.3108819528401816,1.3108819528401816,1.3108819528401816,1.3108819528401816,1.3108819528401816,1.3083990000000028,1.3117600992950118,1.3050379007049937,1.3083990000000028,1.3100795496475073,1.3067184503524982,1.3114623415636761,1.309922960406462,1.324742779296868,1.3328198125000026,1.3227096375000098,1.3127174374999993,1.3083990000000028,0.003071602378976923,53.078797855015736,45.049222616149294,NaN,NaN,NaN,NaN,0.0005189578110738589,-0.00044527829981455547,-0.0009642361108884144,78.79100201788124,74.39084965204671
1764036000,1.3105229292602725,1.3116,1.30958,1.3105425,1.31181,1.30806,1.3099349999999998,NaN,NaN,NaN,NaN,NaN,1.3107024055026681,1.3108541452189884,1.310550665786348,1.3110058849353086,1.3103989260700277,1.3086161250000028,1.3119418149521511,1.3052904350478545,1.3086161250000028,1.310278969976077,1.3069532800239285,1.3114262693454928,1.3099792821876928,1.3247946874999932,1.3326863281250025,1.3225663000000096,1.3127918749999992,1.3086161250000028,0.0029964879233357234,51.482057845389384,46.15263220634755,NaN,NaN,NaN,NaN,0.0004928281024147976,-0.0003482009828699173,-0.0008410290852847149,83.40042419689784,78.58891932894441
1764050400,1.3105327146301362,1.31384,1.30982,1.3118375000000002,1.31181,1.30806,1.3099349999999998,1.31181,NaN,NaN,NaN,NaN,1.3111974937098505,1.311769614297157,1.310625373122544,1.3123417348844637,1.3100532525352373,1.3089413750000027,1.3121903865663218,1.3056923634336837,1.3089413750000027,1.3105658807831622,1.3073168692168433,1.3114423960378263,1.3101482110797207,1.3248472187499931,1.3325570625000025,1.3224218125000098,1.3128699999999993,1.3089413750000027,0.0030695959288117368,57.306852680604116,47.53413650304676,NaN,NaN,NaN,NaN,0.0005409270200317435,-0.0001648703102450355,-0.000705797330276779,83.9720006049842,82.05447560658776
1764064800,1.3111851073150682,1.31608,1.3109,1.3139750000000001,1.31181,1.30806,1.3099349999999998,NaN,NaN,NaN,NaN,NaN,1.3120480498028482,1.313304173325371,1.3107919262803254,1.3145602968478938,1.3095358027578026,1.3093907500000026,1.3128096935828113,1.305971806417194,1.3093907500000026,1.311100221791407,1.3076812782085983,1.3115417138402645,1.3104961009815643,1.3249011816406182,1.3324358046875024,1.32228563750001,1.3129675624999995,1.3093907500000026,0.0032203390767537527,64.81534293454968,49.22610379749461,NaN,NaN,NaN,NaN,0.0006855630774789733,0.00015115651657193752,-0.0005344065609070357,82.25520475531083,83.20920985239762
1764079200,1.312580053657534,1.32044,1.312580053657534,1.317815,1.31181,1.30806,1.3099349999999998,NaN,NaN,NaN,NaN,NaN,1.3135657280773176,1.3160592219523048,1.3110722342023304,1.318552715827292,1.3085787403273432,1.3099536250000026,1.3147504988425291,1.305156751157476,1.3099536250000026,1.3123520619212659,1.3075551880787393,1.311787725062215,1.3111614554377857,1.3249583398437432,1.3323296015625024,1.3221829500000097,1.3131016562499993,1.3099536250000026,0.0035517395957331997,73.74778466261998,51.708970268510654,NaN,NaN,NaN,NaN,0.0009902117185264946,0.0007033580872510825,-0.0002868536312754121,82.29222746206499,82.83981094078666
1764093600,1.315197526828767,1.32142,1.315197526828767,1.3183725,1.31181,1.30806,1.3099349999999998,NaN,NaN,NaN,NaN,NaN,1.3142364226041698,1.317080325499469,1.3113925197088707,1.319924228394768,1.3085486168135716,1.3104672500000025,1.3164206576145283,1.3045138423854767,1.3104672500000025,1.3134439538072655,1.3074905461927395,1.3120459515303633,1.3118170049434417,1.3250155332031182,1.3322227343750026,1.3220879000000099,1.3132146562499993,1.3104672500000025,0.0037425062796974736,74.75003448800227,54.43338732881101,NaN,NaN,NaN,NaN,0.0011674445875568332,0.0011724521031706292,0.00000500751561379614,81.9554774290333,82.16763654880303
1764108000,1.3167850134143835,1.31879,1.31578,1.3173675,1.32142,1.30958,1.3155000000000001,NaN,NaN,NaN,NaN,NaN,1.3173125,1.3173125,1.3173125,1.3173125,1.3173125,1.3108932500000026,1.3175049918450124,1.3042815081549928,1.3108932500000026,1.3141991209225075,1.3075873790774977,1.3122546397056432,1.3123215954031289,1.325071589843743,1.3321018593750025,1.3220040625000098,1.3132954062499993,1.3108932500000026,0.0036901844025762224,69.59209972549381,56.170101594306416,NaN,NaN,NaN,NaN,0.001153148937202647,0.001446443687117105,0.00029329474991445794,77.58640256729963,80.61136915279928
1764122400,1.3170762567071916,1.31974,1.3170762567071916,1.318615,1.32142,1.30958,1.3155000000000001,NaN,NaN,NaN,NaN,NaN,1.317922378094191,1.3185040171036364,1.3173407390847458,1.3190856561130817,1.3167591000753005,1.3114543750000025,1.3186606028386272,1.3042481471613778,1.3114543750000025,1.3150574889193147,1.3078512610806903,1.3125040655995395,1.3128937230937536,1.3251303847656182,1.3319800468750025,1.32194913750001,1.3133640624999994,1.3114543750000025,0.0036168671804499403,72.16007958281318,57.8392278258948,NaN,NaN,NaN,NaN,0.0011606773510995305,0.001744141438788871,0.0005834640876893405,75.86534227533866,78.46907409055717
1764136800,1.317845628353596,1.31982,1.31652,1.318225,1.32142,1.30958,1.3155000000000001,NaN,NaN,NaN,NaN,NaN,1.3180340850469356,1.3184960802552015,1.3175720898386698,1.3189580754634673,1.317110094630404,1.3119737500000024,1.3195502025819976,1.3043972974180071,1.3119737500000024,1.315761976291,1.3081855237090048,1.312728415968185,1.313378384630685,1.325189972656243,1.3318576406250027,1.32188961250001,1.3134289999999993,1.3119737500000024,0.0035942338104178076,70.16511514235815,59.4849882713945,NaN,NaN,NaN,NaN,0.0010743431708047204,0.001926393051195241,0.0008520498803905206,74.91891217564871,76.12355233942898
1764151200,1.318035314176798,1.32284,1.3124,1.3179975,1.32142,1.30958,1.3155000000000001,NaN,NaN,NaN,NaN,NaN,1.3179164510938275,1.318299082101225,1.31753382008643,1.3186817131086226,1.3171511890790324,1.3124450000000025,1.3202844987069502,1.3046055012930549,1.3124450000000025,1.3163647493534762,1.3085252506465288,1.3129350467145307,1.3137983042097137,1.3252493105468681,1.3317376953125026,1.32182613750001,1.3135004374999992,1.3124450000000025,0.004083217109673679,68.96731881971485,60.99341965240898,NaN,NaN,NaN,NaN,0.0009416252402491977,0.0020290814307020177,0.00108745619045282,74.10865008818614,74.96430151305782
1764165600,1.318016407088399,1.32382,1.318016407088399,1.3210525,1.32142,1.30958,1.3155000000000001,NaN,NaN,NaN,NaN,NaN,1.3186245935579979,1.3199543598005448,1.317294827315451,1.3212841260430916,1.3159650610729041,1.3131057500000023,1.3214892682190615,1.304722231780943,1.3131057500000023,1.3172975091095318,1.3089139908904728,1.3132533782159217,1.314457776554285,1.3253110078124932,1.3316318828125024,1.32178006250001,1.3136261874999993,1.3131057500000023,0.004207451601839849,75.111624124063,62.90539886141763,NaN,NaN,NaN,NaN,0.0009941274939466176,0.002330115557886092,0.0013359880639394746,75.25372668625879,74.76042965003118
1764180000,1.3195344535441995,1.32446,1.3195344535441995,1.3234375,1.32142,1.30958,1.3155000000000001,1.32142,NaN,NaN,NaN,NaN,1.3189261933836853,1.320569626383309,1.3172827603840616,1.3222130593829329,1.3156393273844378,1.3139283750000026,1.3229523888332255,1.3049043611667797,1.3139283750000026,1.318440381916614,1.3094163680833912,1.3136527555407875,1.31527411504935,1.3253747656249932,1.3315360312500024,1.3217523875000097,1.3137747812499994,1.3139283750000026,0.004258744091408463,78.6633649592471,65.003249247763,NaN,NaN,NaN,NaN,0.0011149462635198673,0.002729670893339309,0.0016147246298194415,81.14703153996628,76.83646943813704
1764194400,1.3214859767720997,1.32606,1.3214859767720997,1.324945,1.32446,1.3124,1.31843,1.32446,NaN,NaN,NaN,NaN,1.3241636589240333,1.3241636589240333,1.3241636589240333,1.3241636589240333,1.3241636589240333,1.3147236250000025,1.3246431561715681,1.3048040938284369,1.3147236250000025,1.3196833905857852,1.3097638594142198,1.314095588656835,1.3161532864085002,1.3254386484374931,1.3314412421875024,1.3217190500000098,1.3138979999999993,1.3147236250000025,0.004281264029729312,80.55249646643006,67.29062213169023,NaN,NaN,NaN,NaN,0.0012137097941236877,0.003131861872474051,0.0019181520783503633,89.81306267186433,82.07127363269643
1764208800,1.3232154883860499,1.3269,1.3232154883860499,1.325825,1.32446,1.3124,1.31843,NaN,NaN,NaN,NaN,NaN,1.3248854696380876,1.3254413060405466,1.3243296332356287,1.3259971424430055,1.3237737968331698,1.3155150000000024,1.3262887112907555,1.3047412887092493,1.3155150000000024,1.320901855645379,1.3101281443546258,1.3145555655722534,1.3170325330986365,1.325503861328118,1.3313464531250023,1.32167348750001,1.3140138749999992,1.3155150000000024,0.004238638857173655,81.57787902773295,69.42648916528813,NaN,NaN,NaN,NaN,0.001250660306574389,0.0034814774615683497,0.0022308171549939608,93.59758991460886,88.18589470881312
1764223200,1.324520244193025,1.3264,1.32102,1.32367,1.32446,1.3124,1.31843,NaN,NaN,1.32446,NaN,NaN,1.3244384293308658,1.3251625647296421,1.3237142939320894,1.3258867001284185,1.322990158533313,1.3162231250000025,1.3271844152827972,1.3052618347172078,1.3162231250000025,1.3217037701413998,1.3107424798586051,1.3149129943733415,1.3176359391805788,1.3255772363281182,1.3312457265625024,1.3216184625000098,1.3141191562499992,1.3162231250000025,0.004320164653089819,71.61921843627822,70.7508049210926,NaN,NaN,NaN,NaN,0.0010503934923357305,0.003543809020413624,0.0024934155280778936,89.45952170078556,90.95672476241957
1764237600,1.3240951220965125,1.32493,1.3212,1.3229575,1.32446,1.3124,1.31843,NaN,NaN,NaN,NaN,NaN,1.3240742818377715,1.3249514663256858,1.3231970973498572,1.3258286508136001,1.322319912861943,1.3168863750000024,1.3277919163054015,1.3059808336946033,1.3168863750000024,1.3223391456527018,1.311433604347303,1.3152284651822301,1.3181197174368897,1.3256517460937431,1.3311419140625023,1.3215562375000098,1.3142156874999993,1.3168863750000024,0.004278010035011976,68.63588341190156,71.97607817584347,NaN,NaN,NaN,NaN,0.0008016046915341572,0.00349542139249559,0.002693816700961433,84.02059636939248,89.0259026615956
1764252000,1.3235263110482562,1.32552,1.32291,1.32414,1.32446,1.3124,1.31843,NaN,NaN,NaN,NaN,NaN,1.3240936426472523,1.324895254172966,1.3232920311215386,1.3256968656986796,1.322490419595825,1.3176027500000025,1.3284375611301016,1.3067679388699034,1.3176027500000025,1.323020155565052,1.312185344434953,1.3155779371358682,1.318667015851718,1.3257259453124932,1.3310374843750021,1.3215063875000097,1.3143134687499993,1.3176027500000025,0.004158866461082549,70.80918330800091,72.94053036351467,NaN,NaN,NaN,NaN,0.0006545526233187131,0.0035120074801098244,0.0028574548567911113,80.3394955225874,84.60653786425512
1764266400,1.3238331555241283,1.32404,1.3234,1.3237925000000001,1.32446,1.3124,1.31843,NaN,NaN,NaN,NaN,NaN,1.3240690962416206,1.3248471858551671,1.323291006628074,1.3256252754687137,1.3225129170145276,1.3182907500000025,1.328859601414672,1.307721898585333,1.3182907500000025,1.3235751757073373,1.3130063242926677,1.3159000768560303,1.3191329689561073,1.3257967812499931,1.3309246562500023,1.3214581750000098,1.3143948124999993,1.3182907500000025,0.00391466171386238,69.28970790872003,73.2601278616697,NaN,NaN,NaN,NaN,0.00047984299705606344,0.0034572586031111907,0.0029774156060551273,79.41213760801172,81.2574098333305
1764280800,1.3238128277620642,1.32446,1.32286,1.32364,1.3269,1.32102,1.32396,NaN,NaN,NaN,NaN,NaN,1.3236533333333333,1.3236533333333333,1.3236533333333333,1.3236533333333333,1.3236533333333333,1.3189798750000026,1.3290446651697774,1.3089150848302278,1.3189798750000026,1.32401227008489,1.3139474799151152,1.316203603253833,1.3195426990510066,1.325863464843743,1.3308097734375024,1.32141113750001,1.3144779999999994,1.3189798750000026,0.0037493287343007844,68.59405868231737,72.89200457736237,NaN,NaN,NaN,NaN,0.000308307501719801,0.0033627999832048783,0.0030544924814850773,79.61206896551778,79.7879006987056
1764295200,1.323726413881032,1.32453,1.32278,1.3234825,1.3269,1.32102,1.32396,NaN,NaN,NaN,NaN,NaN,1.3236131429385927,1.3236382167448877,1.3235880691322977,1.3236632905511827,1.3235629953260026,1.3196270000000028,1.3290839205596565,1.310170079440349,1.3196270000000028,1.3243554602798295,1.314898539720176,1.3164890501850552,1.3199008627736424,1.3259270917968682,1.3306953750000023,1.3213622000000098,1.3145488437499995,1.3196270000000028,0.0036065195389935792,67.83656188238174,72.39818510553233,NaN,NaN,NaN,NaN,0.00014673188078987657,0.003237907332472423,0.0030911754516825462,77.50574712643686,78.84331789998878
1764309600,1.323604456940516,1.323604456940516,1.32014,1.32193,1.3269,1.32102,1.32396,NaN,NaN,NaN,NaN,NaN,1.3226928050123539,1.3235517446026404,1.3218338654220674,1.3244106841929268,1.3209749258317809,1.320181000000003,1.3287751432656314,1.3115868567343745,1.320181000000003,1.324478071632817,1.3158839283671888,1.3167024207660334,1.3200853297942203,1.3259886777343681,1.3305761406250023,1.3213053500000098,1.3146120624999993,1.320181000000003,0.0035963722105308953,60.71865681126308,71.76436775451585,NaN,NaN,NaN,NaN,-0.00008949109543940261,0.0029793115823832927,0.0030688026778226954,73.2241379310343,76.7806513409963
1764324000,1.322767228470258,1.32286,1.32013,1.3215875,1.3269,1.32102,1.32396,NaN,NaN,NaN,NaN,NaN,1.3222158592073592,1.3230907019266802,1.3213410164880381,1.3239655446460012,1.320466173768717,1.3207332500000029,1.3281126056778487,1.313353894322157,1.3207332500000029,1.324422927838926,1.3170435721610798,1.3168939925006988,1.3202218907220185,1.3260519042968681,1.3304529140625023,1.3212412250000098,1.3146743124999993,1.3207332500000029,0.003534488481207253,59.24182697865717,70.84163542564757,NaN,NaN,NaN,NaN,-0.0002826950475288241,0.0027154338684116652,0.0029981289159404893,68.50574712643657,73.07854406130257
1764338400,1.322177364235129,1.32548,1.32064,1.323095,1.3269,1.32102,1.32396,NaN,NaN,NaN,NaN,NaN,1.3223621604797757,1.3232214124876511,1.3215029084719003,1.3240806644955265,1.320643656464025,1.3212961250000028,1.3274990498067412,1.3150932001932645,1.3212961250000028,1.324397587403372,1.3181946625966336,1.3171371692653773,1.3204830824745621,1.326115777343743,1.3303297656250024,1.32120156250001,1.3147806249999994,1.3212961250000028,0.0036277393039781604,63.45507307548683,70.36234670658533,NaN,NaN,NaN,NaN,-0.00032010044102209496,0.002598003364662871,0.002918103805684966,67.61494252873545,69.7816091954021
1764352800,1.3226361821175645,1.32468,1.3226361821175645,1.323615,1.3269,1.32102,1.32396,NaN,NaN,NaN,NaN,NaN,1.3224509957883874,1.3233415531645096,1.3215604384122652,1.3242321105406318,1.320669881036143,1.321778125000003,1.3270604201599496,1.3164958298400562,1.321778125000003,1.3244192725799762,1.3191369774200297,1.3173912018432057,1.3207678022496019,1.326179455078118,1.3302050000000025,1.3211848500000098,1.3148880937499992,1.321778125000003,0.0035146020595822614,64.8065081427908,70.0651459439479,NaN,NaN,NaN,NaN,-0.00032018383313592086,0.0025178740142650646,0.0028380578474009855,66.71413602983267,67.61160856166822
1764540000,1.3231255910587822,1.3249,1.32234,1.3234249999999999,1.32548,1.32013,1.322805,NaN,NaN,NaN,NaN,NaN,1.323555,1.323555,1.323555,1.323555,1.323555,1.322058625000003,1.327057533746531,1.3170597162534752,1.322058625000003,1.324558079373267,1.319559170626739,1.3176278213787662,1.3210093656814563,1.3262400800781182,1.3300742890625021,1.32115578750001,1.3149656249999992,1.322058625000003,0.003446416198183521,63.877011941614434,69.26267364520156,NaN,NaN,NaN,NaN,-0.0003414509238680789,0.0024112441925658867,0.0027526951164339656,63.20040637935673,65.84316164597494
1764554400,1.323275295529391,1.32402,1.32186,1.32294,1.32548,1.32013,1.322805,NaN,NaN,NaN,NaN,NaN,1.3232217536413189,1.3235281739002362,1.3229153333824015,1.3238345941591536,1.3226089131234842,1.322287000000003,1.3270006322477366,1.3175733677522696,1.322287000000003,1.3246438161238698,1.3199301838761364,1.3178361421090108,1.321184877892233,1.326298433593743,1.329941765625002,1.3211101500000098,1.3150492187499991,1.322287000000003,0.003354529326884694,61.45401921582062,68.03343466352825,NaN,NaN,NaN,NaN,-0.00039292866556170326,0.0022615342844818365,0.0026544629500435397,52.44974847345018,60.78809696087984
1764568800,1.3231076477646955,1.32366,1.32056,1.3224025,1.32548,1.32013,1.322805,NaN,NaN,NaN,NaN,NaN,1.3228134839644587,1.3233643951661653,1.3222625727627522,1.323915306367872,1.3217116615610456,1.322538750000003,1.3266772507814377,1.3184002492185682,1.322538750000003,1.3246080003907204,1.3204694996092856,1.3180152149674809,1.321295570811121,1.3263567832031182,1.329808531250002,1.3210601375000097,1.3151447499999993,1.322538750000003,0.0033363486606786514,58.792375391353644,66.4791403010228,NaN,NaN,NaN,NaN,-0.0004630981731583491,0.0020755902335956034,0.0025386884067539525,42.63157841927001,52.76057775735896
1764583200,1.3227550738823477,1.32758,1.32176,1.32481,1.32548,1.32013,1.322805,NaN,NaN,NaN,NaN,NaN,1.323358323444344,1.3243364317557023,1.3223802151329858,1.3253145400670605,1.3214021068216275,1.3228485000000032,1.326682031135441,1.3190149688645654,1.3228485000000032,1.324765265567722,1.3209317344322844,1.318281677125619,1.3216150643737463,1.3264174824218682,1.3296849062500022,1.3210145375000095,1.3152845312499992,1.3228485000000032,0.003513752327773029,65.91358113981808,65.36026188045744,NaN,NaN,NaN,NaN,-0.00035230640161072876,0.0020983054047405414,0.00245061180635127,45.964215730010146,47.015180874243434
1764597600,1.3237825369411738,1.32664,1.32215,1.3244725,1.32548,1.32013,1.322805,NaN,NaN,NaN,NaN,NaN,1.3236295900101478,1.324592441118556,1.3226667389017397,1.325555292226964,1.3217038877933316,1.3231608750000032,1.3264101477112005,1.319911602288806,1.3231608750000032,1.324785511355602,1.3215362386444045,1.3185244544932417,1.3218748312488602,1.3264760429687432,1.3295608125000022,1.3209606750000098,1.3154277812499993,1.3231608750000032,0.0035834843043606773,64.23764401185673,64.83300656442734,NaN,NaN,NaN,NaN,-0.0003082760034630494,0.0020652668020224585,0.002373542805485508,51.55819694070715,46.71799702999576
1764612000,1.3241275184705867,1.3241275184705867,1.32083,1.321855,1.32548,1.32013,1.322805,NaN,NaN,NaN,NaN,NaN,1.3234936242482203,1.3244939087081435,1.322493339788297,1.3254941931680668,1.3214930553283737,1.3233537500000032,1.325681397678646,1.3210261023213605,1.3233537500000032,1.3245175738393247,1.3221899261606818,1.3186550641209578,1.3218730284080547,1.3265303398437431,1.3294267656250023,1.3208956625000097,1.3155582187499992,1.3233537500000032,0.003587699711192057,52.985453711865055,63.71511872871044,NaN,NaN,NaN,NaN,-0.00045320013714204334,0.0018070426340579537,0.002260242771199997,48.08724832214751,48.536553664288256
1764626400,1.3229912592352933,1.3229912592352933,1.32032,1.32128,1.32758,1.32056,1.3240699999999999,NaN,NaN,NaN,NaN,NaN,1.3215304197450979,1.3215304197450979,1.3215304197450979,1.3215304197450979,1.3215304197450979,1.3233651250000034,1.325649498798729,1.3210807512012777,1.3233651250000034,1.3245073118993662,1.3222229381006405,1.318758002782881,1.3218191167345952,1.3265847832031181,1.3292872265625022,1.3208176750000096,1.3156777812499993,1.3233651250000034,0.00352223967719929,50.877136464259934,62.29140109701466,NaN,NaN,NaN,NaN,-0.0005775796350162856,0.00153826822742964,0.0021158478624459256,32.29306487695711,43.97950337993725
1764640800,1.3221356296176467,1.32218,1.32108,1.32148,1.32758,1.32056,1.3240699999999999,NaN,NaN,NaN,NaN,NaN,1.3215578287671697,1.321582480170269,1.3215331773640704,1.3216071315733682,1.3215085259609711,1.3232672500000033,1.325694128079838,1.3208403719201687,1.3232672500000033,1.3244806890399206,1.3220538109600861,1.3188647477717876,1.3217882879405412,1.326640123046868,1.3291484375000022,1.3207286375000091,1.3157772187499994,1.3232672500000033,0.0033492225573993318,51.59855036685131,61.02774698688119,NaN,NaN,NaN,NaN,-0.0006317868640984391,0.0013261142823228766,0.0019579011464213158,18.9038031319908,33.094705443698466
1764655200,1.3218078148088233,1.3221,1.32012,1.321185,1.32758,1.32056,1.3240699999999999,NaN,NaN,NaN,NaN,NaN,1.3213191433119682,1.3215294216551985,1.321108864968738,1.3217396999984288,1.3208985866255076,1.3230792500000033,1.3255394421094209,1.3206190578905856,1.3230792500000033,1.324309346054712,1.3218491539452946,1.318955738055247,1.32173344358231,1.3266953066406182,1.3290186406250022,1.3206290000000092,1.3158854374999993,1.3230792500000033,0.003251420946156529,50.42229889908032,59.7297641452214,NaN,NaN,NaN,NaN,-0.0006693196155720046,0.00112125162695631,0.0017905712425283146,15.944395463351363,22.38042115743308
1764669600,1.3214964074044118,1.3214964074044118,1.31807,1.3202675000000001,1.32758,1.32056,1.3240699999999999,NaN,1.32056,NaN,NaN,NaN,1.320811580338746,1.321495625636575,1.3201275350409167,1.3221796709344042,1.3194434897430876,1.3228013750000034,1.3252132303336723,1.3203895196663344,1.3228013750000034,1.3240073026668377,1.321595447333169,1.3190071797001393,1.3216001759839182,1.326750519531243,1.3288890546875023,1.3205189250000091,1.3159870624999992,1.3228013750000034,0.0032639199788890407,46.84546347337585,58.23039997314955,NaN,NaN,NaN,NaN,-0.0007326345795996836,0.0008747780180287101,0.0016074125976283937,18.50140009994058,17.783199565094236
1764684000,1.320881953702206,1.32136,1.31797,1.3198575000000001,1.32758,1.32056,1.3240699999999999,NaN,NaN,NaN,NaN,NaN,1.3204429153352675,1.3211990115364878,1.3196868191340472,1.321955107737708,1.3189307229328269,1.3226107500000033,1.3253040885815703,1.3199174114184362,1.3226107500000033,1.3239574192907868,1.3212640807092197,1.3190405255942514,1.3214417508944711,1.3268086445312433,1.3287572578125022,1.3204057625000092,1.3160648749999995,1.3226107500000033,0.003272925694682681,45.29904224536999,57.12899893272862,NaN,NaN,NaN,NaN,-0.0007747329731434994,0.0006389963811990196,0.001413729354342519,19.00813129670418,17.817975619998695
1764698400,1.3203697268511032,1.3216,1.31907,1.3203625,1.32758,1.32056,1.3240699999999999,NaN,NaN,NaN,NaN,NaN,1.3204313347920802,1.321142424219648,1.3197202453645125,1.3218535136472156,1.3190091559369448,1.3224810000000033,1.3253399527741754,1.3196220472258313,1.3224810000000033,1.3239104763870893,1.3210515236129174,1.3190923677278101,1.321343637176792,1.3268713925781181,1.3286263359375021,1.320287987500009,1.3161153749999994,1.3224810000000033,0.0032198595736339284,47.59379134969404,56.29699638780268,NaN,NaN,NaN,NaN,-0.0007411674284362314,0.0004872700687972298,0.0012284374972334612,22.548065402430485,20.01919893302507
1764712800,1.3203661134255515,1.32274,1.3203661134255515,1.3216700000000001,1.32218,1.31797,1.320075,NaN,NaN,NaN,NaN,NaN,1.3215920378085173,1.3215920378085173,1.3215920378085173,1.3215920378085173,1.3215920378085173,1.3223575000000032,1.32513125016271,1.3195837498372964,1.3223575000000032,1.3237443750813567,1.3209706249186497,1.3191934513463275,1.3213733065243563,1.3269341640624934,1.3285161093750022,1.3201787250000092,1.3161481249999996,1.3223575000000032,0.003159691032660071,53.081820775206154,55.55604979492549,NaN,NaN,NaN,NaN,-0.0006090338086990883,0.0004671452363596007,0.001076179045058689,27.679500520292,23.07856573980888
1764727200,1.3210180567127758,1.32382,1.3210180567127758,1.3231549999999999,1.32218,1.31797,1.320075,1.32218,NaN,NaN,NaN,NaN,1.3222208543939569,1.3227489441586833,1.3216927646292305,1.3232770339234097,1.321164674864504,1.3223256250000033,1.3250468346854014,1.3196044153146052,1.3223256250000033,1.3236862298427023,1.3209650201573042,1.319348806195491,1.3215352786585057,1.3269958964843682,1.3284154375000023,1.3200782375000093,1.3161869999999996,1.3223256250000033,0.0031341376222717918,58.40905636299311,55.09908895351138,NaN,NaN,NaN,NaN,-0.0004093305452290693,0.0005645158635223524,0.0009738464087514217,39.117238987165976,29.781601636629475
1764741600,1.3220865283563878,1.3285,1.3220865283563878,1.3259025,1.32218,1.31797,1.320075,NaN,NaN,NaN,NaN,NaN,1.323912812777088,1.3255903378632472,1.322235287690929,1.3272678629494064,1.3205577626047698,1.3224387500000032,1.3255318202731428,1.3193456797268637,1.3224387500000032,1.323985285136573,1.3208922148634334,1.3196058137956679,1.3219322987804598,1.327060433593743,1.3283245234375023,1.3199871500000093,1.3162991562499997,1.3224387500000032,0.0033683757666532472,66.08235894108395,55.256613739187756,NaN,NaN,NaN,NaN,-0.0000962419654921829,0.0008535439518861931,0.000949785917378376,55.929386299948895,40.90870860246895
1764756000,1.323994514178194,1.3316,1.323994514178194,1.3292025,1.32218,1.31797,1.320075,NaN,NaN,NaN,NaN,NaN,1.3253046193929696,1.327761346819865,1.3228478919660742,1.3302180742467604,1.3203911645391788,1.322724750000003,1.3269875753211127,1.3184619246788933,1.322724750000003,1.3248561626605577,1.3205933373394483,1.3199821544311319,1.3225932261640543,1.3271279101562432,1.3282451640625024,1.3199100500000094,1.3164788437499997,1.322724750000003,0.0036710264848784425,72.61704569061875,56.05397277310191,NaN,NaN,NaN,NaN,0.00030698032730427384,0.0013335113265087184,0.0010265309992044446,70.56557425020966,55.20406651244152
1764770400,1.326598507089097,1.33478,1.326598507089097,1.3320575000000001,1.32218,1.31797,1.320075,NaN,NaN,NaN,NaN,NaN,1.3270918173064519,1.3304731109382995,1.3237105236746043,1.333854404570147,1.3203292300427567,1.3232311250000033,1.3290996628206024,1.3173625871794041,1.3232311250000033,1.3261653939103029,1.3202968560897037,1.3204556973946169,1.3234536146945948,1.3271965253906182,1.3281830156250023,1.3198504375000093,1.3166882187499998,1.3232311250000033,0.003993202658165909,76.78436320048087,57.339114759468146,NaN,NaN,NaN,NaN,0.0007164605757242271,0.0019221067188597285,0.0012056461431355014,80.51559718512408,69.00351924509421
1764784800,1.3293280035445485,1.33545,1.3293280035445485,1.3347274999999998,1.32218,1.31797,1.320075,NaN,NaN,NaN,NaN,NaN,1.3277618210340807,1.3314759892112562,1.3240476528569052,1.3351901573884317,1.3203334846797297,1.323888125000003,1.3315435914884473,1.3162326585115587,1.323888125000003,1.3277158582442252,1.3200603917557807,1.3210153759281613,1.3244785133587225,1.3272665468749931,1.3281398437500023,1.3198130875000096,1.31692675,1.323888125000003,0.0041452593579720245,79.86978494429637,58.335986459788025,NaN,NaN,NaN,NaN,0.0010949583318524746,0.0025743440579510946,0.00147938572609862,87.36037089838221,79.48051411123866
1764799200,1.3320277517722743,1.33532,1.3320277517722743,1.33453,1.33545,1.32058,1.3280150000000002,NaN,NaN,NaN,NaN,NaN,1.333959250590758,1.333959250590758,1.333959250590758,1.333959250590758,1.333959250590758,1.3244598750000032,1.3333942281468942,1.3155255218531121,1.3244598750000032,1.3289270515734486,1.3199926984265578,1.3215453611858805,1.3253922848715658,1.3273389121093682,1.3280979062500022,1.3197793250000094,1.3171607187499998,1.3244598750000032,0.004084329991525864,79.0330589743784,59.39280181425385,NaN,NaN,NaN,NaN,0.0012487026017060686,0.0030402639782312058,0.0017915613765251371,91.46927669184566,86.44841492511732
1764813600,1.3332788758861371,1.33405,1.33276,1.3336724999999998,1.33545,1.32058,1.3280150000000002,NaN,NaN,NaN,NaN,NaN,1.3336949472398187,1.3339253099507535,1.333464584528884,1.3341556726616883,1.3332342218179491,1.3249627500000032,1.334742466878152,1.3151830331218544,1.3249627500000032,1.3298526084390776,1.3200728915609288,1.3220209352570225,1.3261450317014234,1.327411626953118,1.3280542421875023,1.3197361250000095,1.3173751249999999,1.3249627500000032,0.003919020706416878,75.34249738487023,60.9897335051828,NaN,NaN,NaN,NaN,0.0012085505079497275,0.0033022495114622963,0.002093699003512569,93.47826086956438,90.76930281993076
1764828000,1.3334756879430685,1.33593,1.33316,1.3343824999999998,1.33545,1.32058,1.3280150000000002,NaN,NaN,NaN,NaN,NaN,1.3340853500701995,1.3345158591394164,1.3336548410009825,1.3349463682086333,1.3332243319317656,1.3255106250000033,1.3360801849318367,1.3149410650681699,1.3255106250000033,1.3307954049659199,1.3202258450340867,1.3225057025018452,1.3268938924558393,1.3274866738281181,1.3280148203125024,1.3196927625000092,1.3176044062499999,1.3255106250000033,0.0038369477988156836,76.32815194093962,62.80766318208849,NaN,NaN,NaN,NaN,0.0011462524259442503,0.0035265145359428818,0.0023802621099986315,91.98390269757768,92.31048008632926
1764842400,1.333929093971534,1.33641,1.33221,1.33436,1.33545,1.32058,1.3280150000000002,NaN,NaN,NaN,NaN,NaN,1.334171355355933,1.334535554654962,1.3338071560569038,1.334899753953991,1.3334429567578747,1.3260816250000032,1.337250872877685,1.3149123771223212,1.3260816250000032,1.3316662489388442,1.320497001061162,1.3229705769135376,1.3275726295053085,1.327560919921868,1.3279771484375023,1.3196470000000093,1.3178474687499997,1.3260816250000032,0.0038628800989002924,76.2241653893305,64.56663568369414,NaN,NaN,NaN,NaN,0.001023980456056615,0.0036602376800694003,0.0026362572240127852,90.03257644267785,91.8315800032733
1764856800,1.3341445469857671,1.33858,1.33406,1.3353074999999999,1.33545,1.32058,1.3280150000000002,NaN,NaN,NaN,NaN,NaN,1.3346903108961483,1.3355650814691618,1.3338155403231349,1.3364398520421752,1.3329407697501214,1.3267268750000032,1.3384487720159646,1.3150049779840418,1.3267268750000032,1.3325878235079838,1.3208659264920226,1.323454377818889,1.3282757995502805,1.3276349531249934,1.3279374921875022,1.3196097750000093,1.3180936249999997,1.3267268750000032,0.003909817234693134,77.60764746198095,66.5084462953299,NaN,NaN,NaN,NaN,0.0009300969891518282,0.0037988784604525705,0.0028687814713007423,88.12942639036423,90.04863517687325
1764871200,1.3347260234928835,1.33514,1.33248,1.3336800000000002,1.33545,1.32058,1.3280150000000002,NaN,NaN,NaN,NaN,NaN,1.334579713850141,1.3354535081041434,1.3337059195961385,1.336327302358146,1.332832125342136,1.3271703750000032,1.3392348023859915,1.315105947614015,1.3271703750000032,1.3332025886929975,1.321138161307009,1.323855382610305,1.328767090500255,1.3277081191406184,1.3278856250000024,1.3195666125000094,1.3183020624999997,1.3271703750000032,0.0038325088607864648,70.06591652636808,68.16705008482934,NaN,NaN,NaN,NaN,0.0006924780489023508,0.0037343790324286807,0.00304190098352633,83.07659410397862,87.07953231234023
1764885600,1.3342030117464418,1.3342030117464418,1.33205,1.3328674999999999,1.33858,1.33221,1.335395,NaN,NaN,NaN,NaN,NaN,1.3330401705821473,1.3330401705821473,1.3330401705821473,1.3330401705821473,1.3330401705821473,1.327590125000003,1.3398327304683308,1.3153475195316753,1.327590125000003,1.3337114277341668,1.3214688222658393,1.3242087989785283,1.3291398550002318,1.3277819003906184,1.3278297812500024,1.3195220125000091,1.31849925,1.327590125000003,0.003712544781190424,66.58700752521872,69.68761903338996,NaN,NaN,NaN,NaN,0.00042765797453758747,0.0035764734516983143,0.003148815477160727,77.02235416250569,82.74279155228285
1764900000,1.3335352558732207,1.33457,1.33252,1.3337400000000001,1.33858,1.33221,1.335395,NaN,NaN,NaN,NaN,NaN,1.3333045767364993,1.3335887523696897,1.3330204011033089,1.33387292800288,1.3327362254701185,1.328184375000003,1.3404095423670146,1.3159592076329916,1.328184375000003,1.3342969586835087,1.3220717913164974,1.3245825715676056,1.3295580500002107,1.3278572499999934,1.3277752578125024,1.3194860875000092,1.3187208749999997,1.328184375000003,0.0035937915825339727,68.40139848383859,71.17387668582886,NaN,NaN,NaN,NaN,0.00026622910667830615,0.0034816018605086096,0.0032153727538303035,73.45738187167052,77.85211004605162
1764914400,1.3336376279366104,1.33624,1.3336376279366104,1.3348925,1.33858,1.33221,1.335395,NaN,NaN,NaN,NaN,NaN,1.3340447391889845,1.334877905341768,1.3332115730362009,1.3357110714945517,1.3323784068834172,1.328865000000003,1.3409921358929204,1.3167378641070857,1.328865000000003,1.3349285679464618,1.3228014320535444,1.324986882486523,1.3300430000001915,1.3279342558593683,1.3277234140625025,1.319455337500009,1.3189654999999998,1.328865000000003,0.0035229759025950922,70.66723554861954,72.42997774107268,NaN,NaN,NaN,NaN,0.00019532836791988448,0.0034595332137301593,0.003264204845810275,74.3833017724326,74.95434593553628
1764928800,1.3342650639683051,1.33558,1.3328,1.33452,1.33858,1.33221,1.335395,NaN,NaN,NaN,NaN,NaN,1.334123164897311,1.3348265569918207,1.3334197728028014,1.3355299490863304,1.3327163807082918,1.3295170000000032,1.3413852420333974,1.317648757966609,1.3295170000000032,1.3354511210167004,1.323582878983306,1.3253607302321495,1.330450000000174,1.3280114238281182,1.3276704375000024,1.3194268625000092,1.3192027187499997,1.3295170000000032,0.0034699061952668717,68.94638814474025,73.18264429691176,NaN,NaN,NaN,NaN,0.00008711851036105134,0.003373102983761589,0.0032859844734005376,75.93798725259714,74.59289029890009
1764943200,1.3343925319841525,1.3362,1.33162,1.3340075,1.33858,1.33221,1.335395,NaN,NaN,NaN,NaN,NaN,1.3340640235677912,1.3346471066022285,1.3334809405333539,1.3352301896366658,1.3328978574989165,1.330158125000003,1.341531755781434,1.318784494218572,1.330158125000003,1.3358449403907184,1.3244713096092875,1.3256998192426535,1.3307734090910672,1.3280880390624932,1.3276183828125023,1.3194041250000093,1.3194280624999997,1.330158125000003,0.0035491986098906687,66.54537567385012,73.21571692068076,NaN,NaN,NaN,NaN,-0.00004793647416450426,0.003226063880694907,0.0032740003548594114,74.34581151994378,74.88903351499118
1764957600,1.3342000159920762,1.3342000159920762,1.33261,1.33324,1.33858,1.33221,1.335395,NaN,NaN,NaN,NaN,NaN,1.3339813867094048,1.334575367314553,1.3333874061042565,1.3351693479197013,1.3327934254991083,1.330806750000003,1.3412953780187211,1.3203181219812847,1.330806750000003,1.3360510640093621,1.3255624359906437,1.3259955126056866,1.330997644628243,1.3281624609374933,1.3275616718750025,1.3193793625000092,1.3196554062499997,1.330806750000003,0.0034092569943324842,63.00671491333842,72.5292647223036,NaN,NaN,NaN,NaN,-0.00020890190609192377,0.003012872972244507,0.0032217748783364307,66.48860165414852,72.2574668088965
1765144800,1.333720007996038,1.33382,1.3322,1.3330925,1.33624,1.33162,1.33393,NaN,NaN,NaN,NaN,NaN,1.3330374999999999,1.3330374999999999,1.3330374999999999,1.3330374999999999,1.3330374999999999,1.331468500000003,1.3407057821199537,1.3222312178800524,1.331468500000003,1.3360871410599784,1.3268498589400277,1.326273825836836,1.3311880860256755,1.3282343085937431,1.3275019609375023,1.3193549000000095,1.3198807499999998,1.331468500000003,0.0032814529233087322,62.32082789565205,71.49615505767296,NaN,NaN,NaN,NaN,-0.000337626349290434,0.002799741941723388,0.003137368291013822,54.923360688901774,65.2525912876647
1765159200,1.3334062539980192,1.33426,1.3334062539980192,1.3337849999999998,1.33624,1.33162,1.33393,NaN,NaN,NaN,NaN,NaN,1.3334564448043404,1.3338451454554543,1.3330677441532266,1.3342338461065681,1.3326790435021127,1.332139625000003,1.3398810934104743,1.3243981565895317,1.332139625000003,1.3360103592052388,1.3282688907947673,1.3265683816863718,1.3314241691142505,1.3283047167968682,1.3274444765625024,1.3193382125000093,1.320120625,1.332139625000003,0.0031304562859295363,64.2864979684791,70.3830631308289,NaN,NaN,NaN,NaN,-0.00038501846099412134,0.0026560952147711703,0.0030411136757652916,42.40868747841635,54.60688327382223
1765173600,1.3335956269990095,1.33466,1.33137,1.3328674999999999,1.33624,1.33162,1.33393,NaN,NaN,NaN,NaN,NaN,1.3332191475397974,1.333590794075377,1.3328475010042178,1.3339624406109567,1.3324758544686381,1.332699500000003,1.33877073084429,1.326628269155716,1.332699500000003,1.3357351154221464,1.3296638845778597,1.326815405933965,1.331555381012955,1.3283736718749934,1.3273844218750024,1.3193174375000094,1.3203543437499996,1.332699500000003,0.0031418522655059992,59.83281128384672,69.01161686721949,NaN,NaN,NaN,NaN,-0.0004808175739711173,0.002440091708301395,0.0029209092822725124,30.85485437211307,42.728967513143736
1765188000,1.3332315634995047,1.3332315634995047,1.3314,1.33201,1.33624,1.33162,1.33393,NaN,NaN,NaN,NaN,NaN,1.3329101595287618,1.3334676700494577,1.332352649008066,1.3340251805701535,1.33179513848737,1.333142250000003,1.3373791497764962,1.3289053502235098,1.333142250000003,1.3352606998882495,1.3310238001117565,1.327019115505182,1.3315967100117774,1.3284417363281185,1.3273246328125023,1.3192901125000092,1.32058065625,1.333142250000003,0.0030482602107916243,55.93268810015678,67.62520191831138,NaN,NaN,NaN,NaN,-0.0005970103694045844,0.002174646320516782,0.0027716566899213665,20.250882129437244,31.171474659988892
1765202400,1.3326207817497524,1.33384,1.33058,1.332195,1.33624,1.33162,1.33393,NaN,NaN,NaN,NaN,NaN,1.3326827180101015,1.333247713530865,1.3321177224893381,1.3338127090516283,1.3315527269685747,1.3334568750000029,1.3361498333459103,1.3307639166540954,1.3334568750000029,1.3348033541729567,1.332110395827049,1.327222091367724,1.3316511000107067,1.3285099999999934,1.3272706718750027,1.3192760750000092,1.3208120937499999,1.3334568750000029,0.0030633844814493523,56.590118524633525,66.21534238857524,NaN,NaN,NaN,NaN,-0.0006520038896498208,0.0019566518278590905,0.0026086557175089113,16.611274849744735,22.572337117098357
1765216800,1.3324078908748762,1.33308,1.33193,1.3323800000000001,1.33624,1.33162,1.33393,NaN,NaN,NaN,NaN,NaN,1.3326598059156445,1.3331986777449634,1.3321209340863256,1.3337375495742823,1.3315820622570067,1.333615750000003,1.3355556082973166,1.3316758917026894,1.333615750000003,1.3345856791486599,1.332645820851346,1.32742436229448,1.331717363646097,1.3285807011718684,1.3272270312500025,1.3192766250000094,1.3210705937499998,1.333615750000003,0.002926714161345826,57.27652985353399,64.86193985030405,NaN,NaN,NaN,NaN,-0.0006642699898789044,0.0017783182301602807,0.002442588220039185,17.18802011095659,18.016725696712864
1765231200,1.3323939454374383,1.3333,1.33185,1.332655,1.33466,1.33058,1.33262,NaN,NaN,NaN,NaN,NaN,1.3326016666666665,1.3326016666666665,1.3326016666666665,1.3326016666666665,1.3326016666666665,1.333645625000003,1.3355053184293366,1.3317859315706695,1.333645625000003,1.3345754717146698,1.3327157782853363,1.3276294853417552,1.3318026033146337,1.3286505742187436,1.3271905781250024,1.3192664375000092,1.3213641875,1.333645625000003,0.002821234578392549,58.3312848721742,63.485056808175,NaN,NaN,NaN,NaN,-0.0006418547663482664,0.001640269762103852,0.0022821245284521184,26.449425795051763,20.082906918584367
1765245600,1.332524472718719,1.33348,1.332524472718719,1.3330625,1.33466,1.33058,1.33262,NaN,NaN,NaN,NaN,NaN,1.33279306603075,1.3330025412691695,1.3325835907923307,1.333212016507589,1.3323741155539113,1.333562375000003,1.335369210258764,1.331755539741242,1.333562375000003,1.3344657926293835,1.3326589573706225,1.3278425447401176,1.3319171393769398,1.3287186035156184,1.3271541640625024,1.3192501875000093,1.32169996875,1.333562375000003,0.0026879697714560025,59.91068902202859,62.75968341500789,NaN,NaN,NaN,NaN,-0.000588958246728671,0.0015459267200412796,0.0021348849667699506,34.34040047114128,25.992615459049883