time,open,high,low,close,Plot,Plot,Mid Price,Breakout Up,Breakout Down,Fake Breakout,Breakout midPrice Up,Breakout midPrice Down,VWAP,Upper Band #1,Lower Band #1,Upper Band #2,Lower Band #2,Basis,Upper,Lower,Basis,Upper,Lower,EMA,EMA,MA,MA,MA,MA,MA,ATR,RSI,RSI-based MA,Regular Bullish,Regular Bullish Label,Regular Bearish,Regular Bearish Label,Histogram,MACD,Signal,%K,%D
1764151200,87406.59491515171,87406.59491515171,86687.32,86897.5925,88513.7,86124.16,87318.93,NaN,NaN,NaN,NaN,NaN,87446.73514859952,87729.1731426408,87164.29715455824,88011.61113668207,86881.85916051696,87364.55400000027,87990.79460149334,86738.31339850719,87364.55400000027,87677.6743007468,87051.43369925373,87316.77517924846,87412.89638899418,106062.63456835938,91052.17693750034,87830.72579999978,87233.39524999972,87364.55400000027,715.3565126749154,42.02398555408022,50.94486448697107,NaN,NaN,NaN,NaN,-35.70681330178199,-23.067180828016717,12.639632473765271,41.48077706829093,59.83438238607416
1764154800,87152.09370757586,87152.09370757586,86855.92,87018.0625,88513.7,86124.16,87318.93,NaN,NaN,NaN,NaN,NaN,87397.15894285482,87697.16178014329,87097.15610556635,87997.16461743176,86797.15326827788,87374.61012500025,87971.10642983578,86778.11382016473,87374.61012500025,87672.85827741801,87076.3619725825,87305.06095653283,87377.00239908561,106035.3228203125,91005.54816406284,87813.75361249976,87244.34118749973,87374.61012500025,685.4148837392685,44.11043093464566,50.6767228527025,NaN,NaN,NaN,NaN,-50.95472840171426,-51.053778028377565,-0.09904962666329808,25.82444606031207,43.23083585552545
1764158400,87085.07810378794,87215.53,86358.03,86842.9125,88513.7,86124.16,87318.93,NaN,NaN,NaN,NaN,NaN,87290.59457831326,87644.83519845153,86936.353958175,87999.0758185898,86582.11333803672,87365.17275000026,87988.44564426655,86741.89985573397,87365.17275000026,87676.8091971334,87053.53630286711,87286.9374876492,87328.44877189602,106007.62736132811,90957.86932812535,87797.34798749977,87248.40418749973,87365.17275000026,697.7066777578922,41.757500571738454,50.20913096633133,NaN,NaN,NaN,NaN,-69.0174559247657,-86.37086953262042,-17.353413607854723,23.597393069268055,30.30087206595701
1764162000,86963.99530189397,87152.37,86573.93,86892.26999999999,88513.7,86124.16,87318.93,NaN,NaN,NaN,NaN,NaN,87238.23358809295,87597.24463259135,86879.22254359454,87956.25567708975,86520.21149909614,87334.39450000026,87986.57300065387,86682.21599934665,87334.39450000026,87660.48375032705,87008.30524967346,87271.46033127079,87288.7961562691,105979.83515624997,90908.72943750034,87781.90996249976,87253.96965624973,87334.39450000026,689.1876293466142,42.685315541010404,49.45459691279884,NaN,NaN,NaN,NaN,-73.41272641623907,-109.11932162815356,-35.70659521191449,26.79435034636327,25.405396491981126
1764165600,86928.13265094698,87721.49,86841.01,87154.78,88513.7,86124.16,87318.93,NaN,NaN,NaN,NaN,NaN,87238.34459653671,87573.37766002487,86903.31153304856,87908.41072351302,86568.2784695604,87317.68762500025,87970.29556262198,86665.07968737853,87317.68762500025,87643.99159381112,86991.38365618938,87266.88463200527,87276.61286933556,105952.34244921873,90858.15104687535,87769.35861249975,87265.42996874973,87317.68762500025,702.851370107571,47.477607343008536,49.08953889734109,NaN,NaN,NaN,NaN,-55.240875240707226,-104.75768926279852,-49.516814022091296,32.21517022371251,27.535637879781273
1764169200,87041.4563254735,87369.79,86694.68,86999.2775,88513.7,86124.16,87318.93,NaN,NaN,NaN,NaN,NaN,87212.20560750502,87534.2671592186,86890.14405579145,87856.32871093217,86568.08250407787,87321.48137500025,87965.70524887458,86677.25750112592,87321.48137500025,87643.59331193741,86999.36943806309,87256.39023467172,87251.40056303232,105924.8365546875,90806.24527343785,87755.39841249977,87280.03421874973,87321.48137500025,700.869843671316,45.07338972303422,48.278650804054074,NaN,NaN,NaN,NaN,-50.42766393610577,-112.55139394222351,-62.12373000611774,36.030388227063845,31.679969599046533
1764172800,87020.36691273675,87942.41,86977.86,87434.045,88513.7,86124.16,87318.93,NaN,NaN,NaN,NaN,NaN,87234.25935634371,87548.82485822555,86919.69385446188,87863.39036010738,86605.12835258004,87337.29337500026,87976.24691249826,86698.33983750225,87337.29337500026,87656.77014374925,87017.81660625126,87263.357088214,87268.00460275666,105897.70837109373,90755.81531250036,87739.07103749977,87296.91040624972,87337.29337500026,719.7041405519365,52.340166969524006,47.90810953411158,NaN,NaN,NaN,NaN,-16.455118524539827,-82.69262816179253,-66.2375096372527,48.772693824792746,39.00608409185636
1764176400,87227.20595636837,89989.68,87227.20595636837,88843.3425,88513.7,86124.16,87318.93,88513.7,NaN,NaN,NaN,NaN,87431.64687230464,88008.92025912029,86854.37348548899,88586.19364593594,86277.10009867334,87418.66900000026,88331.06133709368,86506.27666290684,87418.66900000026,87874.86516854697,86962.47283145355,87325.3173004409,87411.21713886969,105871.74247265623,90710.94365625035,87727.91259999978,87326.88368749972,87418.66900000026,865.6162764861996,67.39731477467173,49.13467126040173,NaN,NaN,NaN,NaN,96.24276809150776,54.06595047713199,-42.176817614375764,57.44925105846113,47.4174443701059
1764180000,88035.2742281842,90436.08,88035.2742281842,90044.82749999998,88513.7,86124.16,87318.93,NaN,NaN,NaN,NaN,NaN,87667.52074517691,88521.24590114094,86813.79558921288,89374.97105710497,85960.07043324885,87558.77700000025,89017.23000162999,86100.32399837051,87558.77700000025,88288.00350081512,86829.55049918538,87431.96475924714,87650.63626260881,105846.79327148436,90670.57003125035,87721.68728749978,87372.02099999973,87558.77700000025,975.2726690097431,74.72781150332,51.20832013946063,NaN,NaN,NaN,NaN,238.89489897188741,256.4418061004835,17.54690712859609,75.16708988976258,60.46301159100548
1764183600,89040.05086409209,90233.02,89040.05086409209,90033.3025,88513.7,86124.16,87318.93,NaN,NaN,NaN,NaN,NaN,87790.16945553634,88754.00559612337,86826.3333149493,89717.84173671041,85862.49717436226,87682.67000000025,89496.59952520844,85868.74047479205,87682.67000000025,88589.63476260434,86775.70523739615,87533.97800398256,87867.24228418982,105821.94194335936,90630.22199218786,87715.23783749976,87418.44581249972,87682.67000000025,990.8224166453268,74.55464574920265,52.93886182347719,NaN,NaN,NaN,NaN,314.88775523909936,411.1566011774703,96.26884593837093,82.98799228182155,71.86811107668176
1764187200,89536.67668204605,90129.83,89527.1,89878.3275,88513.7,86124.16,87318.93,NaN,NaN,NaN,NaN,NaN,87877.19081559716,88907.18531324693,86847.1963179474,89937.17981089669,85817.20182029763,87800.72062500025,89848.47804188906,85752.96320811144,87800.72062500025,88824.59933344465,86776.84191655584,87625.91327833619,88050.06821289985,105797.01197265624,90589.10450781285,87707.87547499978,87458.54328124973,87800.72062500025,963.1015297420889,72.13403279987382,54.24176968927314,NaN,NaN,NaN,NaN,335.24386172167203,515.3236730904609,180.07981136878894,88.95074443259227,82.3686088680588
1764190800,89707.50209102302,90517.07,89707.50209102302,90115.8125,88513.7,86124.16,87318.93,NaN,NaN,NaN,NaN,NaN,88006.0439435975,89133.56688500886,86878.52100218614,90261.08982642021,85750.99806077479,87918.07500000026,90200.60595817446,85635.54404182606,87918.07500000026,89059.34047908736,86776.80952091316,87723.5563850681,88237.86314809076,105772.10898828125,90549.77922656285,87702.12806249976,87499.02540624971,87918.07500000026,952.1348425445814,73.55118372128226,55.449949263416684,NaN,NaN,NaN,NaN,343.9426223316607,610.0080892833648,266.06546695170414,88.93283379012279,86.95719016817885
1764194400,89911.65729551151,90689.25,89911.65729551151,90354.225,88513.7,86124.16,87318.93,NaN,NaN,NaN,NaN,NaN,88098.06802089997,89291.81656505921,86904.31947674073,90485.56510921846,85710.57093258148,88043.60837500026,90560.1075017649,85527.10924823562,88043.60837500026,89301.85793838257,86785.35881161795,87826.71986016347,88430.25968008251,105747.44047656248,90511.51764843785,87696.37167499977,87541.11140624972,88043.60837500026,939.6675469691462,74.92960112197724,56.978474958114994,NaN,NaN,NaN,NaN,344.15405705830074,696.25803827458,352.1039812162793,89.64670029932797,89.17675950734768
1764198000,90132.94114775576,90634.99,90132.94114775576,90479.72750000001,88513.7,86124.16,87318.93,NaN,NaN,NaN,NaN,NaN,88228.83570888556,89505.79805739096,86951.87336038015,90782.76040589636,85674.91101187475,88195.39200000025,90907.52348797799,85483.26051202252,88195.39200000025,89551.45774398911,86839.3262560114,87930.75937545118,88616.57493643864,105723.14519921874,90475.18202343785,87688.92026249977,87584.59759374973,88195.39200000025,908.4090687745105,75.64904761038059,59.172288136982125,NaN,NaN,NaN,NaN,331.04466745743895,765.909815538078,434.865148080639,92.59318275306613,90.3909056141723
1764201600,90306.33432387788,90615.01,90106.57,90427.365,90689.25,86358.03,88523.64,NaN,NaN,NaN,NaN,NaN,90382.98166666667,90382.98166666667,90382.98166666667,90382.98166666667,90382.98166666667,88359.03900000025,91192.4387390369,85525.63926096361,88359.03900000025,89775.73886951858,86942.33913048192,88028.66547837466,88781.19221494423,105698.99445703122,90442.07708593785,87675.48844999977,87625.38393749973,88359.03900000025,879.8398495763303,74.6860407733021,61.50529208121227,NaN,NaN,NaN,NaN,298.16781256494966,807.5749137868261,509.4071012218764,93.79364628595806,92.0111764461174
1764205200,90366.84966193893,91258.18,90366.84966193893,90841.94750000001,90689.25,86358.03,88523.64,90689.25,NaN,NaN,NaN,NaN,90593.88091414727,90813.37769722383,90374.38413107072,91032.87448030038,90154.88734799417,88529.51337500026,91525.03757391249,85533.98917608803,88529.51337500026,90027.27547445637,87031.75127554414,88138.99026353644,88968.53360449475,105675.17418164061,90412.91249218785,87663.47797499977,87674.77237499974,88529.51337500026,880.6605987538109,77.16465407862971,63.866308020068274,NaN,NaN,NaN,NaN,283.74430672034,864.0874846223014,580.3431779019614,93.54059219406497,93.30914041102972
1764208800,90604.39858096947,91911.69,90604.39858096947,91354.3975,90689.25,86358.03,88523.64,NaN,NaN,NaN,NaN,NaN,90900.15008210024,91282.81876829598,90517.4813959045,91665.48745449173,90134.81270970876,88713.90050000025,91920.80865704008,85506.99234296042,88713.90050000025,90317.35457852017,87110.44642148033,88265.08466496639,89185.43032226796,105651.83022656248,90388.83796093785,87653.60412499978,87728.48081249974,88713.90050000025,911.1342287735766,79.79778741812254,66.58347136623857,NaN,NaN,NaN,NaN,287.2420711113589,939.39576679116,652.1536956798011,91.67290056770979,93.00237968257761
1764212400,90979.39804048474,91633.34,90979.39804048474,91309.20999999999,90689.25,86358.03,88523.64,NaN,NaN,NaN,NaN,NaN,90958.41872283233,91340.26823519518,90576.56921046948,91722.11774755803,90194.71969810662,88886.44687500026,92257.77907004714,85515.11467995337,88886.44687500026,90572.1129725237,87200.78077747682,88384.46212908535,89378.50120206179,105628.3708222656,90365.72619531286,87643.99168749977,87777.55893749974,88886.44687500026,892.7633523979824,78.9334607717733,69.17262459700734,NaN,NaN,NaN,NaN,265.54737661391823,984.087916447199,718.5405398332807,89.83892439415263,91.6841390519758
1764216000,91144.30402024236,91380.95,91075.55,91214.33,90689.25,86358.03,88523.64,NaN,NaN,NaN,NaN,NaN,90984.38423469695,91355.52323412774,90613.24523526615,91726.66223355854,90242.10623583535,89062.92662500027,92532.26172604357,85593.59152395697,89062.92662500027,90797.59417552192,87328.25907447861,88495.43733970946,89545.39472914708,105604.6748066406,90343.17757812535,87635.40657499977,87822.56112499975,89062.92662500027,850.8088272266975,77.04642306530486,71.28468286288566,NaN,NaN,NaN,NaN,225.42331323329108,1000.3196813748946,774.8963681416035,88.21467013167084,89.9088316978444
1764219600,91179.31701012119,91579.36,90904.73,91190.54,90689.25,86358.03,88523.64,NaN,NaN,NaN,NaN,NaN,91029.71384283733,91377.02908758388,90682.39859809077,91724.34433233044,90335.08335334422,89266.31475000027,92733.78228914428,85798.84721085626,89266.31475000027,91000.04851957227,87532.58098042826,88601.12764011302,89694.95339013371,105580.83063867185,90320.60091406284,87628.23792499978,87864.64649999973,89266.31475000027,838.2246252819338,76.55224686565171,73.53317265878691,NaN,NaN,NaN,NaN,179.87446056867702,999.7394438524498,819.8649832837727,86.82271507064694,88.29210319882345
1764223200,91184.92850506058,91458.47,90989.37,91180.4275,90689.25,86358.03,88523.64,NaN,NaN,NaN,NaN,NaN,91048.81989885886,91381.79375210492,90715.8460456128,91714.76760535098,90382.87219236673,89480.45650000026,92864.31537457829,86096.59762542223,89480.45650000026,91172.38593728928,87788.52706271125,88702.27665422623,89829.99649103064,105556.8217050781,90295.16267187535,87620.10243749978,87903.88356249974,89480.45650000026,811.8585806189388,76.32813607016244,75.24659902311821,NaN,NaN,NaN,NaN,133.77609701543986,987.0851045530726,853.3090075376327,85.46873737865617,86.83537419365798
1764226800,91182.6780025303,91570.54,91166.2,91371.8425,90689.25,86358.03,88523.64,NaN,NaN,NaN,NaN,NaN,91092.36724505013,91420.82798815594,90763.90650194432,91749.28873126175,90435.44575883851,89698.14550000025,92978.95915489501,86417.33184510548,89698.14550000025,91338.55232744763,88057.73867255286,88806.96551092324,89970.16431002786,105532.8873144531,90268.53008593785,87612.29007499978,87952.66996874973,89698.14550000025,782.7501105747286,77.66124580821062,75.97973695408528,NaN,NaN,NaN,NaN,102.30597453419352,981.1914757053746,878.8855011711811,85.28226516722248,85.8579058721752
1764230400,91277.26025126515,91586.79,91254.82,91465.1875,90689.25,86358.03,88523.64,NaN,NaN,NaN,NaN,NaN,91132.52888084995,91460.30081675801,90804.75694494188,91788.07275266608,90476.98500903382,89929.25925000026,93018.61199215631,86839.90650784422,89929.25925000026,91473.93562107829,88384.58287892224,88911.20951049488,90106.07550911624,105509.06674218745,90244.14675000035,87607.08773749978,88012.21049999972,89929.25925000026,750.5515312479613,78.3029486141676,76.2351038905744,NaN,NaN,NaN,NaN,75.16249168218724,972.8386157739151,897.6761240917278,84.97151042649638,85.24083765745834
1764234000,91371.22387563257,91988.88,91371.22387563257,91670.43000000001,90689.25,86358.03,88523.64,NaN,NaN,NaN,NaN,NaN,91213.87696621071,91573.09817666642,90854.655755755,91932.31938712213,90495.43454529929,90168.16725000026,93010.25567417305,87326.07882582747,90168.16725000026,91589.21146208665,88747.12303791387,89019.41423557351,90248.28955374204,105485.41842578122,90220.89653906286,87603.98019999977,88072.63206249973,90168.16725000026,741.0590021850667,79.68478710671882,76.6015425589684,NaN,NaN,NaN,NaN,59.12349546713358,971.5804934256448,912.4569979585112,85.86302658478132,85.3722673928334
1764237600,91520.82693781628,91822.18,91392.74,91624.82250000001,90689.25,86358.03,88523.64,NaN,NaN,NaN,NaN,NaN,91268.57360866696,91629.43293191592,90907.71428541801,91990.29225516487,90546.85496216906,90391.66937500026,92938.41674588049,87844.92200412003,90391.66937500026,91665.04306044038,89118.29568956014,89121.58710868827,90373.42891249276,105461.03109570309,90196.30460937535,87599.79341249977,88125.09828124972,90391.66937500026,718.8005020289895,78.48855201057641,77.0554367883043,NaN,NaN,NaN,NaN,34.74195165695494,955.8844375297049,921.14248587275,85.18591659341057,85.34015120156276
1764241200,91572.82471890814,91679.22,91348.88,91531.61249999999,90689.25,86358.03,88523.64,NaN,NaN,NaN,NaN,NaN,91290.45968700717,91642.4560942105,90938.46327980384,91994.45250141383,90586.4668726005,90618.28612500025,92677.10401507693,88559.46823492357,90618.28612500025,91647.6950700386,89588.8771799619,89216.09790834755,90478.71832953887,105436.23062695307,90172.03525000034,87596.88386249979,88175.54043749973,90618.28612500025,691.0533233126329,75.9781640535907,77.22879252632636,NaN,NaN,NaN,NaN,3.292517173992792,925.258132340241,921.9656151662482,83.03101344069938,84.69331887296376
1764244800,91552.21860945407,91552.21860945407,90959.47,91210.97,90689.25,86358.03,88523.64,NaN,NaN,NaN,NaN,NaN,91285.66040198429,91620.5055353975,90950.81526857108,91955.35066881072,90615.97013515787,90807.13237500025,92269.47843754804,89344.78631245246,90807.13237500025,91538.30540627414,90075.95934372635,89294.32818645157,90545.28666321715,105410.7086679687,90150.15911718784,87595.50198749978,88227.36024999974,90807.13237500025,684.0315580370209,67.92929446208151,76.72877062204807,NaN,NaN,NaN,NaN,-45.46001807041375,865.140592578231,910.6006106486448,73.56713023962767,80.59468675791253
1764248400,91381.59430472704,91381.59430472704,90239.88,90797.2325,90689.25,86358.03,88523.64,NaN,NaN,NaN,NaN,NaN,91226.03646654915,91577.04561022544,90875.02732287286,91928.05475390173,90524.01817919657,90904.82687500025,92057.65149835174,89752.00225164875,90904.82687500025,91481.23918667599,90328.4145633245,89353.2656105123,90568.1908301974,105384.57571874994,90128.90095312534,87596.15754999979,88272.59049999973,90904.82687500025,716.7231828005935,59.21265446132282,75.55474253997252,NaN,NaN,NaN,NaN,-108.33960603437083,775.1761031056812,883.5157091400521,57.7838210857517,71.46065492202624
1764252000,91089.41340236351,91089.41340236351,90594.3,90812.6175,90689.25,86358.03,88523.64,NaN,NaN,NaN,NaN,NaN,91200.95909256206,91553.96586732914,90847.95231779497,91906.97264209623,90494.94554302789,90943.21637500025,92028.0621364492,89858.3706135513,90943.21637500025,91485.63925572472,90400.79349427579,89410.49509637457,90590.41143654309,105358.5464179687,90109.18820312535,87596.96226249979,88318.33721874973,90943.21637500025,700.8939127693732,59.42117496815627,74.4643949824621,NaN,NaN,NaN,NaN,-149.14498173320146,697.0844819735503,846.2294637067517,42.703813430627314,58.01825491866888
1764255600,90951.01545118175,91017.41,90665.35,90870.9025,90689.25,86358.03,88523.64,NaN,NaN,NaN,NaN,NaN,91188.06715416568,91540.71841554886,90835.41589278249,91893.36967693205,90482.7646313993,90985.09637500026,91987.75872885683,89982.43402114368,90985.09637500026,91486.42755192854,90483.76519807197,89467.76597494811,90615.91062413008,105332.69044531244,90089.14052343785,87594.29676249977,88366.98699999972,90985.09637500026,675.9772047144178,60.25026473325862,73.2562243149356,NaN,NaN,NaN,NaN,-170.89787425090185,632.6071208931244,803.5049951440262,35.17263233070835,45.220088949029105
1764259200,90910.95897559088,91600.51,90879.13,91240.01,90689.25,86358.03,88523.64,NaN,NaN,NaN,NaN,NaN,91191.39619208674,91532.76750665304,90850.02487752045,91874.13882121933,90508.65356295416,91053.18050000025,91921.97203210084,90184.38896789966,91053.18050000025,91487.57626605054,90618.78473394996,89537.26574063642,90672.64693102734,105307.29562695306,90070.67032031286,87592.43229999978,88420.94790624973,91053.18050000025,679.8079400919593,65.11168172043949,72.2072167651011,NaN,NaN,NaN,NaN,-159.34324021141163,604.3259448797617,763.6691850911733,42.00285877644311,39.95976817925958
1764262800,91075.48448779545,91661.01,91075.48448779545,91505.845,90689.25,86358.03,88523.64,NaN,NaN,NaN,NaN,NaN,91201.41529232856,91538.19864120193,90864.63194345518,91874.9819900753,90527.84859458181,91122.68212500025,91897.74734751732,90347.61690248319,91122.68212500025,91510.21473625879,90735.14951374172,89614.46492727812,90748.39221002486,105282.8467617187,90053.27922656285,87593.27177499975,88484.79153124974,91122.68212500025,673.0734809571443,68.1343811506049,71.43585393501765,NaN,NaN,NaN,NaN,-133.74524101971133,596.4876338165341,730.2328748362454,55.21474175719417,44.13007762144853
1764266400,91290.66474389772,91878.29,91290.66474389772,91648.6625,90689.25,86358.03,88523.64,NaN,NaN,NaN,NaN,NaN,91217.22058330306,91556.53379864834,90877.90736795779,91895.84701399361,90538.59415261251,91187.40400000024,91909.34320459954,90465.46479540094,91187.40400000024,91548.3736022999,90826.43439770059,89694.23738111036,90830.23496365896,105259.14462109368,90037.04920312535,87594.64789999976,88555.77506249973,91187.40400000024,666.9700363246533,69.65545236011214,70.9079274560753,NaN,NaN,NaN,NaN,-108.23287903264588,594.941776045438,703.1746550780839,70.0376882027823,55.75176291213986
1764270000,91469.66362194886,91828.51,91469.66362194886,91689.85250000001,90689.25,86358.03,88523.64,NaN,NaN,NaN,NaN,NaN,91230.19537397762,91572.8195060153,90887.57124193995,91915.44363805297,90544.94710990228,91247.91025000023,91923.84063346108,90571.97986653939,91247.91025000023,91585.87544173065,90909.94505826982,89772.4967975374,90908.38201241723,105235.1467949218,90022.49185156285,87596.10484999977,88625.20824999973,91247.91025000023,644.9612035908307,70.09876625709907,70.4469645554644,NaN,NaN,NaN,NaN,-90.35053796397074,590.2364826231205,680.5870205870913,78.611015818563,67.95448192617982
1764273600,91579.75806097443,91625.6,91430.67,91520.64,90689.25,86358.03,88523.64,NaN,NaN,NaN,NaN,NaN,91240.36129179609,91581.31881646237,90899.4037671298,91922.27634112866,90558.44624246351,91302.57400000023,91872.79043512509,90732.35756487536,91302.57400000023,91587.68221756266,91017.4657824378,89841.05143292808,90964.04182947021,105210.9735683593,90010.06875000036,87596.11351249977,88693.01678124974,91302.57400000023,617.405581905772,65.84311178536284,69.69803424940729,NaN,NaN,NaN,NaN,-91.409436916201,566.32522444184,657.734661358041,78.89298646845815,75.84723016326781
1764277200,91550.19903048722,91623.38,91247.46,91445.145,90689.25,86358.03,88523.64,NaN,NaN,NaN,NaN,NaN,91245.96699545727,91583.6738553403,90908.26013557425,91921.38071522332,90570.55327569123,91332.73387500024,91864.8412458783,90800.62650412218,91332.73387500024,91598.78756043926,91066.68018956122,89903.95706300934,91007.77848133656,105186.80136328116,89998.53905468786,87595.74154999977,88759.14103124975,91332.73387500024,600.1566117696453,63.97694726218522,68.72058435326262,NaN,NaN,NaN,NaN,-98.0956564221267,535.1150908303825,633.2107472525092,75.0142462359443,77.50608284098848
1764280800,91497.67201524362,91609.45,91147.27,91387.1075,90689.25,86358.03,88523.64,NaN,NaN,NaN,NaN,NaN,91249.07639666664,91583.49560292994,90914.65719040335,91917.91480919323,90580.23798414005,91334.36937500024,91866.93391605321,90801.80483394727,91334.36937500024,91600.65164552673,91068.08710447376,89962.11982524427,91042.2629375787,105162.63453710929,89984.80989843786,87595.52488749978,88826.11909374974,91334.36937500024,590.3011395003845,62.510165766454556,67.59252843556882,NaN,NaN,NaN,NaN,-106.6207920470273,499.9347571937251,606.5555492407524,69.24437773966052,74.38387014802099
1764284400,91442.3897576218,91607.98,91251.24,91396.05249999999,90689.25,86358.03,88523.64,NaN,NaN,NaN,NaN,NaN,91252.09345081147,91584.27651878839,90919.91038283455,91916.45958676531,90587.72731485764,91338.71150000024,91871.80055160348,90805.622448397,91338.71150000024,91605.25602580185,91072.16697419863,90018.35247915625,91074.42562507154,105138.61035546867,89968.69559375037,87597.95878749978,88889.54240624975,91338.71150000024,573.618200964642,62.652288070994864,66.37592136158854,NaN,NaN,NaN,NaN,-111.33394595410891,467.38811679811624,578.7220627522252,68.35724711434595,70.87195702998359
1764288000,91419.2211288109,91442.28,91096.04,91281.3125,91988.88,90106.57,91047.725,NaN,NaN,NaN,NaN,NaN,91273.21083333333,91273.21083333333,91273.21083333333,91273.21083333333,91273.21083333333,91342.06062500023,91872.81843034172,90811.30281965874,91342.06062500023,91607.43952767097,91076.6817223295,90067.8803231109,91093.2335227923,105114.4461074218,89951.37367187536,87605.36073749978,88942.99087499974,91342.06062500023,557.3769008957394,59.53456804988548,65.02206536439634,NaN,NaN,NaN,NaN,-121.05028742079708,427.40920347622887,548.459490897026,66.57456164500165,68.0587288330027
1764291600,91350.26681440545,91350.26681440545,90820.5,91031.795,91988.88,90106.57,91047.725,NaN,NaN,NaN,NaN,NaN,91153.63591749803,91255.11119166359,91052.16064333248,91356.58646582914,90950.68536916692,91334.12337500023,91878.2861262378,90789.96062376266,91334.12337500023,91606.20475061901,91062.04199938144,90105.68089867519,91087.64820253846,105089.86696679678,89934.75609375034,87612.95263749978,88984.36956249973,91334.12337500023,555.4047518607185,53.320637984789904,63.40367064519628,NaN,NaN,NaN,NaN,-141.71847034103212,371.3114029707358,513.0298733117679,60.82156887877056,65.25112587937271
1764295200,91191.03090720272,91191.03090720272,90687.15,90942.7775,91988.88,90106.57,91047.725,NaN,NaN,NaN,NaN,NaN,91069.73130748785,91200.51827179227,90938.94434318342,91331.3052360967,90808.157378879,91322.24087500024,91889.21015016205,90755.27159983842,91322.24087500024,91605.72551258114,91038.75623741934,90138.5082163742,91074.47813867133,105065.20131640616,89920.49410937536,87621.61496249978,89015.00515624974,91322.24087500024,551.7244772422902,51.26486097783012,62.213353967749754,NaN,NaN,NaN,NaN,-157.60185490733784,316.0275546775956,473.62940958493346,51.599721681386164,59.66528406838612
1764298800,91066.90420360136,91325.02,91017.04,91167.3125,91988.88,90106.57,91047.725,NaN,NaN,NaN,NaN,NaN,91086.68337816253,91211.64780446273,90961.71895186233,91336.61223076293,90836.75452556214,91312.01437500025,91882.40400481116,90741.62474518933,91312.01437500025,91597.20918990571,91026.81956009478,90178.85348239874,91082.91762606484,105040.77038671865,89907.48783593785,87632.96791249978,89048.39181249974,91312.01437500025,539.6186217249843,55.885050503175506,61.975667970739224,NaN,NaN,NaN,NaN,-149.28419275622872,287.02416863964754,436.30836139587626,45.28768231832189,52.56965762615953
1764302400,91117.10835180068,91518.21,91117.10835180068,91333.54,91988.88,90106.57,91047.725,NaN,NaN,NaN,NaN,NaN,91115.591328866,91255.94746895863,90975.23518877335,91396.30360905128,90834.87904868071,91305.43200000025,91871.62215217337,90739.24184782713,91305.43200000025,91588.5270760868,91022.3369239137,90224.1353066184,91105.70147824076,105016.50394726553,89896.00676562535,87644.26062499976,89080.69109374975,91305.43200000025,529.7245521874376,58.98506097820815,61.944516971457226,NaN,NaN,NaN,NaN,-129.61460852975955,274.2901007336768,403.90470926343636,47.539049648729815,48.14215121614595
1764306000,91225.32417590034,91729.24,91225.32417590034,91535.59999999999,91988.88,90106.57,91047.725,NaN,NaN,NaN,NaN,NaN,91200.02509310047,91400.98981644578,90999.06036975516,91601.9545397911,90798.09564640984,91298.69050000023,91850.36091862172,90747.02008137874,91298.69050000023,91574.52570931098,91022.85529068948,90275.56529459414,91144.78316203706,104992.31539062492,89886.37545312535,87651.88556249977,89113.11253124973,91298.69050000023,527.8810716097394,62.440180170892766,62.100939502716805,NaN,NaN,NaN,NaN,-101.2788072274015,277.30620022918447,378.58500745658597,56.98201138676608,49.93624778460592
1764309600,91380.46208795017,91593.07,91165.63,91419.265,91988.88,90106.57,91047.725,NaN,NaN,NaN,NaN,NaN,91233.67894854756,91430.35407116616,91037.00382592896,91627.02919378477,90840.32870331036,91288.41262500024,91822.78416020522,90754.04108979527,91288.41262500024,91555.59839260274,91021.22685739775,90320.41626343358,91169.73605639732,104967.94175976554,89875.18767187535,87657.16617499976,89146.08559374974,91288.41262500024,520.706709351901,59.34070342181484,61.68872676710077,NaN,NaN,NaN,NaN,-89.08498866432632,267.22877162617806,356.3137602905044,62.59397762149238,55.70501288566275
1764313200,91399.86354397508,91583.43,90854.87,91166.6225,91988.88,90106.57,91047.725,NaN,NaN,NaN,NaN,NaN,91227.74962324939,91405.73041341457,91049.7688330842,91583.71120357975,90871.78804291903,91270.16312500024,91794.90886505472,90745.41738494576,91270.16312500024,91532.53599502747,91007.790254973,90353.6008217303,91169.45300581574,104943.1797089843,89864.31871093783,87658.27993749976,89179.75171874974,91270.16312500024,535.5533729696223,53.16825663061136,60.619717872815514,NaN,NaN,NaN,NaN,-96.14365578007414,236.1341905654117,332.27784634548584,57.64890497058858,59.07496465961567
1764316800,91283.24302198754,91698.97,90888.22,91288.54750000002,91988.88,90106.57,91047.725,NaN,NaN,NaN,NaN,NaN,91240.71631818415,91401.7733263268,91079.65931004149,91562.83033446946,90918.60230189883,91274.04200000025,91798.12666954914,90749.95733045136,91274.04200000025,91536.0843347747,91011.9996652258,90390.26539734872,91180.27977801432,104918.31138476555,89853.19235937533,87656.53444999977,89219.04649999975,91274.04200000025,555.2102749003635,55.57013334591693,59.61362365751586,NaN,NaN,NaN,NaN,-90.77622731118225,218.807562206508,309.58378951769026,51.46931322251314,57.23739860486469
1764320400,91285.89526099377,91890.9,91285.89526099377,91671.1925,91988.88,90106.57,91047.725,NaN,NaN,NaN,NaN,NaN,91305.89085845905,91509.96301390122,91101.81870301689,91714.03516934338,90897.74654757473,91317.74000000025,91820.83335526766,90814.64664473284,91317.74000000025,91569.28667763397,91066.19332236654,90440.49783274681,91224.90820728574,104893.60672851554,89842.00460156283,87654.06474999977,89265.63574999975,91317.74000000025,558.7670223364964,62.13384580917991,59.044700768378775,NaN,NaN,NaN,NaN,-61.05629363816274,233.26342246998684,294.3197161081496,58.23087685757947,55.78303168356039
1764324000,91478.54388049689,91916.41,91478.54388049689,91731.2175,91988.88,90106.57,91047.725,NaN,NaN,NaN,NaN,NaN,91355.42091634916,91587.85169830863,91122.99013438969,91820.2824802681,90890.55935243022,91363.67000000025,91840.98294254289,90886.3570574576,91363.67000000025,91602.32647127156,91125.01352872893,90491.11429028615,91270.93632480523,104868.71627343741,89828.92050781284,87650.29983749978,89315.25784374976,91363.67000000025,550.1312435626836,63.0558668418004,58.8456118438386,NaN,NaN,NaN,NaN,-38.08034457988231,246.71928538329666,284.799629963179,73.12467375126012,60.94162127711757
1764327600,91604.88069024845,92088.82,91118.85,91653.7425,91988.88,90106.57,91047.725,NaN,NaN,NaN,NaN,NaN,91397.56890156484,91631.72286769398,91163.41493543569,91865.87683382313,90929.26096930655,91402.81200000025,91838.66026453474,90966.96373546576,91402.81200000025,91620.7361322675,91184.887867733,90536.70755341218,91305.73688618657,104843.65922070306,89814.21607031285,87646.37331249977,89363.02681249975,91402.81200000025,580.1197261653491,60.991563594373225,58.632370153280604,NaN,NaN,NaN,NaN,-29.223967607774398,248.269670453461,277.4936380612354,78.54759210597321,69.96771423827091
1764331200,91629.31159512422,91752.72,91444.29,91555.03749999999,91988.88,90106.57,91047.725,NaN,NaN,NaN,NaN,NaN,91414.69752175818,91644.24335487062,91185.15168864574,91873.78918798306,90955.6058555333,91418.56337500025,91852.50451014591,90984.62223985458,91418.56337500025,91635.53394257308,91201.59280742741,90576.64206112151,91328.40057835143,104818.65661718743,89799.85200781285,87641.46657499978,89406.04156249974,91418.56337500025,560.713317153539,58.369771556167095,58.33662770968864,NaN,NaN,NaN,NaN,-30.96997246233593,238.78117248331546,269.7511449456514,71.9376007433232,74.5366222001855
1764334800,91592.17454756211,92669.86,91424,92022.20000000001,91988.88,90106.57,91047.725,91988.88,NaN,NaN,NaN,NaN,91523.81201530765,91839.49803121397,91208.12599940132,92155.18404712029,90892.439983495,91444.38112500026,91951.32343187416,90937.43881812636,91444.38112500026,91697.8522784372,91190.90997156332,90633.3306077442,91391.47325304676,104794.20559179681,89787.02642968783,87637.86019999979,89453.87024999976,91444.38112500026,609.6523659282864,65.85166488727988,58.56515462513757,NaN,NaN,NaN,NaN,-3.0868876717874514,265.89253535591706,268.9794230277045,66.07092481388217,72.18537255439286
1764338400,91807.18727378106,93150.55,91807.18727378106,92445.03749999999,91988.88,90106.57,91047.725,NaN,NaN,NaN,NaN,NaN,91739.4570295147,92223.09468644361,91255.81937258579,92706.73234337253,90772.18171565687,91484.19987500025,92149.45533812892,90818.94441187159,91484.19987500025,91816.82760656459,91151.57214343591,90704.37793685227,91487.2518209516,104769.9114667968,89775.34553125034,87639.13081249979,89509.06534374975,91484.19987500025,662.0602488061902,70.94212237141758,59.37997993381844,NaN,NaN,NaN,NaN,39.08377681079969,317.8341440412041,278.75036723040444,66.87097534717894,68.29316696812809
1764342000,92126.11238689053,92850.57,92016.35,92405.57,91988.88,90106.57,91047.725,NaN,NaN,NaN,NaN,NaN,91816.28935573976,92320.63322925566,91311.94548222386,92824.97710277156,90807.60160870796,91519.98575000025,92293.7869498213,90746.18455017921,91519.98575000025,91906.88634991077,91133.08515008974,90771.09135109336,91570.73529177418,104745.69988085932,89763.69624218784,87640.95007499978,89567.94278124976,91519.98575000025,674.3573738914623,69.89479389254228,60.563848212943604,NaN,NaN,NaN,NaN,58.40665862764888,351.75869051496556,293.3520318873167,69.48429305936864,67.47539774014324
1764345600,92265.84119344526,92421.29,90964.44,91708.345,91988.88,90106.57,91047.725,NaN,NaN,91988.88,NaN,NaN,91802.42243516208,92277.8017240521,91327.04314627206,92753.18101294212,90851.66385738204,91529.37100000025,92307.51733648304,90751.22466351745,91529.37100000025,91918.44416824165,91140.29783175884,90807.84639614852,91583.24526524925,104720.95505078118,89750.26001562533,87638.80756249977,89623.60309374976,91529.37100000025,730.2497043277857,54.56845538559298,60.79981924206953,NaN,NaN,NaN,NaN,20.286387912326177,318.7100167777244,298.4236288653982,59.43190303888347,65.26239048181033
1764349200,91987.09309672263,91987.09309672263,90300.62,90847.16500000001,91988.88,90106.57,91047.725,NaN,NaN,NaN,NaN,NaN,91719.96636340732,92226.96095985232,91212.97176696232,92733.95555629733,90705.97717051732,91499.47200000026,92332.29738484805,90666.64661515247,91499.47200000026,91915.88469242415,91083.05930757636,90809.38830218192,91516.32887749931,104695.36489062493,89734.64321875034,87633.95804999977,89670.96559374976,91499.47200000026,798.551375213132,42.246272538859586,59.82562081604697,NaN,NaN,NaN,NaN,-62.34927222251929,220.48703858724912,282.8363108097684,42.03766138684165,56.98461916169791
1764352800,91417.12904836133,91417.12904836133,90517.73,90815.47750000001,91988.88,90106.57,91047.725,NaN,NaN,NaN,NaN,NaN,91679.3070358397,92203.74504824817,91154.86902343122,92728.18306065664,90630.43101102275,91470.89050000024,92354.84471381248,90586.936286188,91470.89050000024,91912.86760690635,91028.91339309413,90809.62709425321,91452.61511590847,104669.69732031244,89718.95504687533,87629.23139999979,89715.15824999977,91470.89050000024,805.7547804380034,41.87160649312501,58.6032312099696,NaN,NaN,NaN,NaN,-115.47603807824134,138.49126321196673,253.96730129020807,24.806848449140688,42.092137624955264
1764356400,91116.30327418067,91257.01,90931.01,91074.6725,91988.88,90106.57,91047.725,NaN,NaN,NaN,NaN,NaN,91663.10505387085,92189.25107776007,91136.95902998163,92715.39710164929,90610.81300609242,91454.82150000024,92355.16576556295,90554.47723443752,91454.82150000024,91904.9936327816,91004.64936721888,90820.02103173349,91418.25669628043,104644.06014648432,89704.29530468784,87626.01327499979,89760.80159374975,91454.82150000024,779.7389032638594,46.083712089595124,57.43491206130549,NaN,NaN,NaN,NaN,-128.49557298352192,93.34783506080566,221.8434080443276,21.467837221733237,29.437449019238517
1764360000,91095.48788709033,91251.77,90897.26,91136.21250000001,91988.88,90106.57,91047.725,NaN,NaN,NaN,NaN,NaN,91654.18441888288,92180.93832569594,91127.43051206983,92707.692232509,90600.67660525677,91447.56650000023,92355.69122755362,90539.44177244685,91447.56650000023,91901.62886377693,90993.50413622354,90832.4206971557,91392.61631480038,104618.22125585933,89690.03933593784,87622.8542624998,89806.00149999977,91447.56650000023,749.3654101735845,47.064496454956455,56.558040135101315,NaN,NaN,NaN,NaN,-128.0151799408035,61.82443311832321,189.83961305912672,24.848592772454367,23.707759481109424
1764363600,91115.85019354516,91281.74,90915.11,91086.9825,91988.88,90106.57,91047.725,NaN,NaN,NaN,NaN,NaN,91645.21039813393,92172.43039019301,91117.99040607485,92699.65038225209,90590.77041401577,91450.32587500024,92353.70344853165,90546.94830146883,91450.32587500024,91902.01466176595,90998.63708823454,90842.40351295352,91364.8314225458,104592.11880664059,89674.54749218783,87619.4321999998,89852.98459374976,91450.32587500024,722.0271665897573,46.33830567974703,56.070186495753866,NaN,NaN,NaN,NaN,-125.87578672564007,32.494879652076634,158.3706663777167,28.02416784505836,24.780199279748647
1764367200,91101.41634677257,91205.88,90747.48,91008.30249999999,91988.88,90106.57,91047.725,NaN,NaN,NaN,NaN,NaN,91633.70576124247,92163.3645938175,91104.04692866743,92693.02342639254,90574.3880960924,91453.60212500024,92350.04173106598,90557.16251893449,91453.60212500024,91901.82192803311,91005.38232196736,90848.90935558279,91332.41970231436,104565.85923046872,89658.13551562533,87618.92056249981,89905.21337499976,91453.60212500024,703.1966546904895,45.13954177896389,55.325144240971504,NaN,NaN,NaN,NaN,-124.40124868952344,2.8691055158124072,127.27035420533585,27.247891468679416,26.70688402873071
1764370800,91054.85942338628,91244.46,90951.43,91079.73,91988.88,90106.57,91047.725,NaN,NaN,NaN,NaN,NaN,91628.96910238767,92158.7143919384,91099.22381283694,92688.45968148913,90569.4785232862,91449.22300000025,92352.04689404905,90546.39910595144,91449.22300000025,91900.63494702465,90997.81105297584,90857.96114555994,91309.44791119487,104539.59790429684,89642.00656250033,87622.2470499998,89958.49824999976,91449.22300000025,673.8990364983126,46.492832942073555,54.2079290361782,NaN,NaN,NaN,NaN,-113.55768113859297,-14.676747217905358,98.88093392068761,26.587261207585133,27.286440173774295
1764374400,91067.29471169313,91067.29471169313,90828.67,90949.0725,93150.55,90300.62,91725.58499999999,NaN,NaN,NaN,NaN,NaN,90948.34573723102,90948.34742868689,90948.34404577516,90948.34912014275,90948.34235431929,91429.99962500024,92357.88238931511,90502.11686068538,91429.99962500024,91893.94100715767,90966.05824284282,90861.5341398517,91276.68651017715,104513.0336601562,89625.91125781284,87633.4897624998,90007.46590624977,91429.99962500024,643.6962481770043,44.338246577091475,52.870956160127555,NaN,NaN,NaN,NaN,-110.0479967921349,-38.679062069481006,71.36893472265389,24.97423913335871,26.269797269874413
1764378000,91008.18360584657,91191.37,90869.08,90993.0975,93150.55,90300.62,91725.58499999999,NaN,NaN,NaN,NaN,NaN,90980.92134706004,91015.60486251392,90946.23783160615,91050.28837796781,90911.55431615227,91402.87450000024,92348.37423041346,90457.37476958701,91402.87450000024,91875.62436520685,90930.12463479362,90866.6934873085,91250.90569107015,104486.43537890619,89609.90431250034,87651.8153249998,90051.03168749975,91402.87450000024,620.7386590215036,45.25878523598329,51.747186277385424,NaN,NaN,NaN,NaN,-99.92038110528975,-53.531541658958304,46.388839446331446,24.796398508033562,25.45263294965913
1764381600,91000.64055292329,91014.51,90622.23,90867.64499999999,93150.55,90300.62,91725.58499999999,NaN,NaN,NaN,NaN,NaN,90920.22198788125,90996.95932138254,90843.48465437995,91073.69665488384,90766.74732087865,91375.29350000025,92349.03231908873,90401.55468091177,91375.29350000025,91862.1629095445,90888.424090456,90866.7308015317,91216.06381006377,104459.65000585931,89593.52744531282,87671.72153749982,90093.26578124976,91375.29350000025,604.4201833771104,43.07277284904673,50.65454351259111,NaN,NaN,NaN,NaN,-96.7635999736168,-74.56566052068956,22.197939452927244,22.315811265539818,24.02881630231069
1764385200,90934.14277646164,90936.12,90737.76,90824.27,93150.55,90300.62,91725.58499999999,NaN,NaN,NaN,NaN,NaN,90908.90363079034,90986.29398893206,90831.51327264863,91063.68434707377,90754.12291450692,91358.17587500025,92357.681701753,90358.6700482475,91358.17587500025,91857.92878837662,90858.42296162387,90865.06567205986,91180.44619096706,104432.95652343743,89577.35261718783,87692.94901249981,90142.02662499975,91358.17587500025,575.4158845644598,42.31182252097588,48.97312620071226,NaN,NaN,NaN,NaN,-92.6829484572817,-93.65574611867487,-0.9727976613931801,20.856097050336984,22.656102274636783
1764388800,90879.20638823081,90990.39,90624.61,90836.5025,93150.55,90300.62,91725.58499999999,NaN,NaN,NaN,NaN,NaN,90895.00899569971,90973.51819212886,90816.49979927056,91052.02738855801,90737.99060284141,91335.57362500025,92360.47725501114,90310.66999498937,91335.57362500025,91848.02544000569,90823.12180999482,90863.94554766535,91149.17858269734,104406.29342187494,89562.54965625034,87714.08598749983,90188.51034374975,91335.57362500025,560.4418928098555,42.61969914720518,46.950095970411375,NaN,NaN,NaN,NaN,-84.47716344952416,-106.56925197329838,-22.092088523774223,19.761883427760235,20.97793058121234
1764392400,90857.85444411541,90998.02,90806.69,90903.0375,93150.55,90300.62,91725.58499999999,NaN,NaN,NaN,NaN,NaN,90896.5197411497,90966.82858508949,90826.21089720992,91037.13742902927,90755.90205327014,91297.16587500025,92326.4453918483,90267.8863581522,91297.16587500025,91811.80563342427,90782.52611657623,90865.47856540397,91126.80212063395,104380.03500195307,89548.83146093783,87734.18667499982,90234.60043749974,91297.16587500025,534.0767576091517,44.35911548754568,45.12611894148305,NaN,NaN,NaN,NaN,-70.45798626304423,-110.16457135257951,-39.70658508953528,22.59882990587649,21.07227012799123
1764396000,90880.4459720577,90908.27,90377.03,90689.47,93150.55,90300.62,91725.58499999999,NaN,NaN,NaN,NaN,NaN,90819.78335843586,90945.26733751991,90694.29937935181,91070.75131660396,90568.81540026776,91245.07850000025,92286.58828772575,90203.56871227475,91245.07850000025,91765.833393863,90724.3236061375,90858.57626872146,91087.04465512178,104353.41273632806,89534.09465625034,87749.55741249982,90277.68546874975,91245.07850000025,533.8741320656412,40.151709232356666,44.09635135910902,NaN,NaN,NaN,NaN,-71.24489509338369,-128.7627039562649,-57.5178088628812,24.159782723226424,22.173498685621045
1764399600,90784.95798602885,90784.95798602885,90455.57,90616.365,93150.55,90300.62,91725.58499999999,NaN,NaN,NaN,NaN,NaN,90794.13061899827,90929.1428102132,90659.11842778334,91064.15500142814,90524.1062365684,91193.20962500027,92251.33816028544,90135.0810897151,91193.20962500027,91722.27389264286,90664.14535735767,90849.07778759513,91044.25559556525,104326.87900781244,89518.60857031283,87766.2743249998,90315.94699999975,91193.20962500027,519.2679787772985,38.79525005901437,43.8498497534058,NaN,NaN,NaN,NaN,-72.14435060504522,-147.69824711918773,-75.55389651414251,24.824908450615226,23.86117369323938
1764403200,90700.66149301443,90834.52,90567.58,90683.09000000001,93150.55,90300.62,91725.58499999999,NaN,NaN,NaN,NaN,NaN,90779.89125003047,90909.56837466471,90650.21412539623,91039.24549929895,90520.537000762,91149.61225000027,92216.3332054958,90082.89129450473,91149.61225000027,91682.97272774804,90616.2517722525,90842.5684625914,91011.42235960477,104300.44823437494,89503.66017968784,87785.2243249998,90355.51918749975,91149.61225000027,501.2445517217773,40.762351182392,43.77061723121058,NaN,NaN,NaN,NaN,-63.979141752017114,-155.5278237041639,-91.54868195214678,26.632469389632956,25.205720187824866
1764406800,90691.87574650723,90751.95,90603.56,90682.2125,93150.55,90300.62,91725.58499999999,NaN,NaN,NaN,NaN,NaN,90767.09522369855,90892.80301635608,90641.38743104102,91018.5108090136,90515.67963838349,91082.61287500025,92088.27114741057,90076.95460258993,91082.61287500025,91585.4420112054,90579.7837387951,90836.27999347016,90981.49419054978,104273.9702246093,89489.36837500034,87803.30868749981,90391.93778124977,91082.61287500025,476.0406551702218,40.74380534819069,43.38919532111027,NaN,NaN,NaN,NaN,-54.72882283991187,-159.95971050203661,-105.23088766212474,30.191015589351405,27.21613114319986
1764410400,90687.04412325361,90757.55,90482.04,90641.45,93150.55,90300.62,91725.58499999999,NaN,NaN,NaN,NaN,NaN,90749.33679368783,90875.71486617217,90622.9587212035,91002.09293865651,90496.58064871916,90992.43350000025,91796.48825364563,90188.37874635487,90992.43350000025,91394.46087682294,90590.40612317756,90828.63960156938,90950.58108231798,104247.61758203118,89474.02271875035,87825.80482499981,90426.91143749977,90992.43350000025,461.71703694377806,39.83708559837938,42.872951688497615,NaN,NaN,NaN,NaN,-47.7039244312559,-164.8607932011946,-117.15686876993871,32.263100883155914,29.69552862071343
1764414000,90664.24706162681,90800.58,90574.91,90708.3975,93150.55,90300.62,91725.58499999999,NaN,NaN,NaN,NaN,NaN,90745.02416338294,90867.21138522778,90622.8369415381,90989.39860707262,90500.64971969326,90907.57487500025,91391.76950347901,90423.3802465215,90907.57487500025,91149.67218923963,90665.47756076088,90823.92422503725,90928.56439301635,104221.4367402343,89458.10451562535,87851.2629499998,90467.71571874977,90907.57487500025,444.85653430493664,42.115496425094854,42.571322456022465,NaN,NaN,NaN,NaN,-35.459605800192705,-161.4813760201796,-126.02177021998689,33.720247634136314,32.05812136888121
1764417600,90686.32228081342,90930.14,90649.43,90775.955,93150.55,90300.62,91725.58499999999,NaN,NaN,NaN,NaN,NaN,90747.93118526801,90866.07108779311,90629.79128274291,90984.21099031821,90511.65138021781,90860.95537500025,91178.7117703794,90543.1989796211,90860.95537500025,91019.83357268982,90702.07717731068,90822.04307895736,90914.69081183305,104195.25242187493,89442.55423437535,87876.3495249998,90512.98484374977,90860.95537500025,433.13178185458446,44.403590133221826,42.5187544813266,NaN,NaN,NaN,NaN,-20.465974716831397,-151.60423861602612,-131.13826389919473,37.805804025506625,34.59638418093295
1764421200,90731.13864040672,90928.47,90711.9,90817.9,93150.55,90300.62,91725.58499999999,NaN,NaN,NaN,NaN,NaN,90756.0143670667,90869.55530965906,90642.47342447434,90983.09625225142,90528.93248188199,90859.49212500025,91177.75817813001,90541.2260718705,90859.49212500025,91018.62515156514,90700.35909843537,90821.88060527276,90905.89164712095,104169.04872070305,89426.73962500035,87900.3101499998,90555.30284374977,90859.49212500025,417.6630831506861,45.83518479979819,42.471779614021216,NaN,NaN,NaN,NaN,-6.123002586907944,-138.79201713282964,-132.6690145459217,46.109562516408,39.21187139201698
1764424800,90774.51932020336,90886.21,90716.49,90804.395,93150.55,90300.62,91725.58499999999,NaN,NaN,NaN,NaN,NaN,90758.27753109953,90869.46146362062,90647.09359857845,90980.64539614171,90535.90966605736,90858.93800000026,91177.54706067998,90540.32893932053,90858.93800000026,91018.24253034011,90699.6334696604,90821.19489526206,90896.66467920087,104143.07247265619,89411.04772656284,87925.3729874998,90594.52459374975,90858.93800000026,399.95286292563713,45.42957256394666,42.549731470225154,NaN,NaN,NaN,NaN,3.535532919451498,-128.24959839660733,-131.78513131605882,50.869181574908716,44.92818270560778
1764428400,90789.45716010168,91214.89,90728.67,90963.495,93150.55,90300.62,91725.58499999999,NaN,NaN,NaN,NaN,NaN,90780.07348837548,90903.36813251686,90656.7788442341,91026.66277665824,90533.48420009272,90853.37912500025,91160.40727930637,90546.35097069414,90853.37912500025,91006.89320215331,90699.8650478472,90826.7752915263,90902.74016290987,104117.4902539062,89395.63012500035,87959.24072499979,90633.33974999977,90853.37912500025,406.1148012880917,50.93788540707253,42.95538148244582,NaN,NaN,NaN,NaN,20.758827580111216,-105.83659684091981,-126.59542442103103,58.87127566070171,51.95000658400614
1764432000,90876.47608005084,91270.07,90876.47608005084,91133.6475,93150.55,90300.62,91725.58499999999,NaN,NaN,NaN,NaN,NaN,90793.1866960843,90929.20907172759,90657.16432044102,91065.23144737087,90521.14194479774,90853.25087500026,91159.80812990764,90546.69362009288,90853.25087500026,91006.52950245395,90699.97224754657,90838.80949578017,90923.73173900897,104092.12033007808,89380.30293750034,87997.97198749978,90676.45115624976,90853.25087500026,405.2204526210258,56.04760033852073,43.88215487455111,NaN,NaN,NaN,NaN,42.478724320909095,-73.49701901989465,-115.97574334080375,69.06643831430794,59.60229851663946
1764435600,91005.06179002541,91136.23,90554.85,90840.4925,93150.55,90300.62,91725.58499999999,NaN,NaN,NaN,NaN,NaN,90797.31614021093,90928.41320052613,90666.21907989572,91059.51026084134,90535.1220195805,90840.92637500026,91128.1131401201,90553.73960988042,90840.92637500026,90984.51975756018,90697.33299244034,90838.87549594566,90916.1645354627,104066.29626953119,89363.28971875034,88037.78834999978,90722.92259374975,90840.92637500026,417.80327743380894,46.97098848728862,44.21495244357345,NaN,NaN,NaN,NaN,36.2143913697995,-70.70775412855437,-106.92214549835387,68.87218800368937,65.60330065956634
1764439200,90922.7771450127,90922.7771450127,90279.53,90625.5825,93150.55,90300.62,91725.58499999999,NaN,NaN,NaN,NaN,NaN,90769.2272792546,90907.4704454246,90630.9841130846,91045.71361159459,90492.74094691461,90821.79037500026,91112.7940442702,90530.78670573032,90821.79037500026,90967.29220963523,90676.28854036529,90830.5110647321,90889.74798678426,104040.14741601555,89344.99970312534,88079.64149999978,90769.52246874975,90821.79037500026,433.9064108323015,41.64637652338368,44.145429399014766,NaN,NaN,NaN,NaN,17.649345259104578,-84.86046392447315,-102.50980918357773,57.18557404791667,65.04140012197134
1764442800,90774.17982250635,90954.17,90717.14,90818.8075,93150.55,90300.62,91725.58499999999,NaN,NaN,NaN,NaN,NaN,90772.72480587596,90907.67840566249,90637.77120608943,91042.63200544902,90502.8176063029,90808.74425000027,91074.63433912274,90542.85416087779,90808.74425000027,90941.68929456151,90675.79920543902,90830.05210140927,90883.29885162205,104013.98054296868,89328.86589062534,88121.07301249978,90817.03178124975,90808.74425000027,426.3836314871367,47.41786526277441,44.363911525816825,NaN,NaN,NaN,NaN,18.353656633089628,-79.56773839221569,-97.92139502530532,47.091897422038706,57.71655315788158
1764446400,90796.49366125317,91162.57,90529.67,90883.66750000001,93150.55,90300.62,91725.58499999999,NaN,NaN,NaN,NaN,NaN,90777.94242832136,90910.33353892922,90645.5513177135,91042.72464953708,90513.16020710564,90805.47400000026,91065.93331829051,90545.01468171002,90805.47400000026,90935.7036591454,90675.24434085513,90832.15466605988,90883.33236511095,103987.5637011718,89313.92087500033,88163.73059999976,90867.54121874974,90805.47400000026,441.1348006666276,49.232963552504614,45.01257254868453,NaN,NaN,NaN,NaN,22.86492069094831,-69.34024416161992,-92.20516485256823,50.12308101305016,51.46685082766851
1764450000,90840.08058062659,91162.92,90840.08058062659,91085.8075,93150.55,90300.62,91725.58499999999,NaN,NaN,NaN,NaN,NaN,90788.64962584329,90927.79563931734,90649.50361236924,91066.94165279139,90510.35759889519,90810.10950000027,91086.56919640044,90533.6498036001,90810.10950000027,90948.33934820034,90671.87965180019,90842.10183601832,90901.7391955554,103961.6025214843,89300.85881250034,88200.95007499977,90919.96043749976,90810.10950000027,432.68513057425514,54.50399054046998,46.13462544021707,NaN,NaN,NaN,NaN,38.23459613124267,-44.4119196885149,-82.64651581975757,65.61042461687526,54.2751343506547
1764453600,90962.94404031329,91118.75,90812,90976.205,93150.55,90300.62,91725.58499999999,NaN,NaN,NaN,NaN,NaN,90794.31121646774,90934.81990234299,90653.8025305925,91075.32858821824,90513.29384471725,90815.53750000027,91100.43675811205,90530.63824188849,90815.53750000027,90957.98712905616,90673.08787094438,90847.36078362545,90908.50881414127,103936.35340624992,89286.87944531285,88233.68719999977,90967.72824999975,90815.53750000027,423.68976410466547,51.3884606734998,46.89363326101049,NaN,NaN,NaN,NaN,39.62258723856982,-33.1182817715453,-72.74086901011512,70.90711463780679,62.21354008924407
1764457200,90969.57452015665,90999.04,90796.65,90891.5875,93150.55,90300.62,91725.58499999999,NaN,NaN,NaN,NaN,NaN,90795.94562955876,90935.90189327879,90655.98936583873,91075.85815699882,90516.0331021187,90818.90337500026,91105.71993660246,90532.08681339805,90818.90337500026,90962.31165580136,90675.49509419916,90849.09516465975,90906.9705128557,103911.91339453118,89274.19786718785,88268.93394999977,91016.38212499976,90818.90337500026,407.8826380971893,49.05699526819167,47.48743254101056,NaN,NaN,NaN,NaN,33.67854512818192,-30.642687599887722,-64.32123272806965,71.17363592922304,69.23039172796835
1764460800,90930.58101007831,91042.66,90867.44,90956.4825,91270.07,90279.53,90774.8,NaN,NaN,NaN,NaN,NaN,90955.52750000001,90955.52750000001,90955.52750000001,90955.52750000001,90955.52750000001,90824.90237500027,91117.89289579293,90531.9118542076,90824.90237500027,90971.3976353966,90678.40711460394,90853.30643271231,90911.47160259608,103887.95940039054,89263.57736718786,88305.19207499977,91060.41259374976,90824.90237500027,391.26387823310444,50.89695174636216,48.277422980152195,NaN,NaN,NaN,NaN,32.91530139624867,-23.177105982758803,-56.092407379007476,66.82163264481937,69.63412773728307
1764464400,90943.53175503915,91154.78,90943.53175503915,91027.0875,91270.07,90279.53,90774.8,NaN,NaN,NaN,NaN,NaN,90998.57466198682,91041.71069608528,90955.43862788835,91084.84673018375,90912.30259378988,90831.10487500027,91135.48014774082,90526.72960225971,90831.10487500027,90983.29251137054,90678.91723862999,90860.12137652752,90921.9821387237,103864.18362304679,89253.95605468783,88335.59104999976,91087.70940624976,90831.10487500027,378.4056187136577,52.89056007094144,49.04707038342695,NaN,NaN,NaN,NaN,35.7286704472259,-11.431569319975097,-47.160239767201,68.53391416129833,68.84306091178024
1764468000,90985.30962751957,91133.59,90851.32,90969.8325,91270.07,90279.53,90774.8,NaN,NaN,NaN,NaN,NaN,90994.7721056865,91031.9238305704,90957.62038080259,91069.07555545431,90920.46865591868,90845.12300000027,91147.93524969304,90542.3107503075,90845.12300000027,90996.52912484665,90693.71687515388,90864.42377352643,90926.332171567,103840.73965820305,89243.91979687534,88368.40481249976,91099.27196874976,90845.12300000027,371.5387888055385,51.0794685388025,49.52391884096842,NaN,NaN,NaN,NaN,32.39515028266878,-6.666301913865027,-39.06145219653381,71.16698972277689,68.84084550963154
1764471600,90977.5710637598,91022.26,90581.12,90877.51250000001,91270.07,90279.53,90774.8,NaN,NaN,NaN,NaN,NaN,90935.13338237924,91020.81176529084,90849.45499946763,91106.49014820244,90763.77661655603,90858.18037500027,91142.35822393252,90574.00252606803,90858.18037500027,91000.2692994664,90716.09145053415,90864.93705691755,90921.89401960636,103816.93342578117,89234.23491406284,88400.59792499978,91109.82459374976,90858.18037500027,376.5103038908572,48.21271172536955,49.69374219279494,NaN,NaN,NaN,NaN,23.072026196134757,-10.221419451365364,-33.29344564750012,68.50951669459745,69.40347352622422
1764475200,90927.5417818799,91076.72,90906.18,90989.225,91270.07,90279.53,90774.8,NaN,NaN,NaN,NaN,NaN,90943.59116607548,91024.96757664572,90862.21475550524,91106.34398721597,90780.838344935,90873.48712500026,91151.1975394865,90595.77671051402,90873.48712500026,91012.34233224338,90734.63191775714,90869.81109390118,90928.01501782397,103792.78984765617,89224.84610156283,88434.61706249979,91123.71081249976,90873.48712500026,363.8458178986524,51.74213121942263,50.144639239614655,NaN,NaN,NaN,NaN,23.451759657748802,-3.9787460753141204,-27.430505733062923,67.2353800284023,68.97062881525888
1764478800,90958.38339093995,90958.38339093995,90771.15,90892.775,91270.07,90279.53,90774.8,NaN,NaN,NaN,NaN,NaN,90932.40263615242,91011.19452870828,90853.61074359655,91089.98642126414,90774.81885104069,90884.01525000026,91147.52410497266,90620.50639502786,90884.01525000026,91015.76967748646,90752.26082251406,90870.71163923839,90924.81137983997,103768.44868749991,89216.52906250033,88464.85718749977,91133.42284374975,90884.01525000026,353.43361662017804,48.65875681671588,49.98184434030346,NaN,NaN,NaN,NaN,16.555254250903754,-6.736437919433229,-23.291692170336983,64.64226583479716,66.79572085259896
1764482400,90925.57919546997,91042.91,90819.35,90940.46750000001,91270.07,90279.53,90774.8,NaN,NaN,NaN,NaN,NaN,90932.61622629681,91006.69593298649,90858.53651960714,91080.77563967617,90784.45681291746,90898.96612500027,91138.57537606722,90659.35687393331,90898.96612500027,91018.77075053375,90779.16149946679,90873.44716318982,90926.23466349089,103744.14018554678,89208.10828125033,88495.78747499979,91140.75087499977,90898.96612500027,344.1569297187366,50.237870675368185,49.56686365007828,NaN,NaN,NaN,NaN,14.620774328458886,-5.015724259763374,-19.63649858822226,69.4585890174525,67.11207829355065
1764486000,90933.023347735,91146.53,90933.023347735,91047.7575,91270.07,90279.53,90774.8,NaN,NaN,NaN,NaN,NaN,90949.69063112482,91028.54602769202,90870.83523455761,91107.40142425922,90791.97983799041,90915.93412500028,91147.0735538682,90684.79469613235,90915.93412500028,91031.50383943424,90800.36441056631,90880.28286267257,90937.28219408263,103720.19030664055,89199.39501562533,88527.55733749978,91147.85124999976,90915.93412500028,334.82476704346976,53.68873251538753,50.04670250922821,NaN,NaN,NaN,NaN,19.6678540005446,4.94831891245849,-14.71953508808611,74.56401863351401,69.55495782858789
1764489600,90990.3904238675,91541.35,90990.3904238675,91242.61,91270.07,90279.53,90774.8,NaN,NaN,NaN,NaN,NaN,91059.50030470963,91220.16864780498,90898.83196161427,91380.83699090034,90738.16361851891,90939.26687500029,91201.3209935515,90677.21275644908,90939.26687500029,91070.29393427589,90808.2398157247,90894.49177001874,90965.03926734783,103696.40829687491,89189.27836718784,88558.76542499979,91158.04181249977,90939.26687500029,350.26296769268646,59.21980483214963,51.30194738842578,NaN,NaN,NaN,NaN,34.369470885250124,28.242303518476547,-6.127167366773577,77.41759519321579,73.81340094806076
1764493200,91116.50021193374,91757.8,91116.50021193374,91455.715,91270.07,90279.53,90774.8,91270.07,NaN,NaN,NaN,NaN,91183.67207372424,91406.62185057068,90960.72229687781,91629.57162741711,90737.77252003137,90971.15762500027,91310.27711841685,90632.03813158369,90971.15762500027,91140.71737170857,90801.59787829197,90916.50052413564,91009.64615213439,103672.64516992177,89178.64903906283,88591.46497499978,91165.71390624976,90971.15762500027,371.05131200508447,64.24884482373447,52.504160214208646,NaN,NaN,NaN,NaN,55.438178537443456,63.170555805030745,7.732377267587289,77.61244009005803,76.53135130559595
1764496800,91286.10760596687,91582.97,91286.10760596687,91435.76,91270.07,90279.53,90774.8,NaN,NaN,NaN,NaN,NaN,91220.07431334032,91444.41194442294,90995.73668225769,91668.74957550557,90771.39905117506,91002.72587500027,91388.24491725132,90617.20683274922,91002.72587500027,91195.48539612579,90809.96635387474,90936.8636408362,91048.38377466763,103648.78130859367,89168.27537500035,88624.72188749978,91166.73093749976,91002.72587500027,365.7521035785163,63.45966434144331,53.52035312770426,NaN,NaN,NaN,NaN,64.3934993099079,88.22425140497216,23.830752095064266,72.83507324000875,75.95503617442752
1764500400,91360.93380298343,91492.11,91108.44,91281.0275,91270.07,90279.53,90774.8,NaN,NaN,NaN,NaN,NaN,91229.8350165196,91440.29804549702,91019.37198754218,91650.76107447445,90808.90895856476,91018.60250000028,91422.08634060019,90615.11865940038,91018.60250000028,91220.34442030023,90816.86057970034,90950.3602627642,91069.5332042433,103625.0468359374,89156.42257031283,88658.93516249977,91166.37865624976,91018.60250000028,367.0319533229079,57.55606839306681,53.73835868860404,NaN,NaN,NaN,NaN,56.538980153026614,94.50447728634754,37.96549713332092,69.17195653829056,73.20648995611911
1764504000,91320.98065149171,91630.6,91133.98,91378.235,91270.07,90279.53,90774.8,NaN,NaN,NaN,NaN,NaN,91248.47330029453,91451.69718873178,91045.24941185728,91654.92107716903,90842.02552342003,91030.83187500028,91461.43728113547,90600.22646886509,91030.83187500028,91246.13457806787,90815.52917193269,90967.13966422442,91097.59700385755,103601.45934179678,89144.79477343784,88694.53741249976,91168.42746874977,91030.83187500028,376.2882423712723,60.06927920866747,54.35841715540173,NaN,NaN,NaN,NaN,54.509484312137104,106.1023525234923,51.592868211355196,66.6185793928678,69.54186972372237
1764507600,91349.60782574586,92106.44,91349.60782574586,91762.02249999999,91270.07,90279.53,90774.8,NaN,NaN,NaN,NaN,NaN,91341.11322522625,91606.44140275185,91075.78504770064,91871.76958027745,90810.45687017504,91076.90837500028,91602.84655659534,90550.97019340521,91076.90837500028,91339.8774657978,90813.93928420274,90998.31154013719,91157.99932168868,103578.17165624992,89134.89500000034,88732.50282499977,91175.57099999976,91076.90837500028,403.46995179147746,68.10037235018164,55.718658375543875,NaN,NaN,NaN,NaN,74.40201771778825,144.59539035859052,70.19337264080227,68.21475019463482,68.00176204193106
1764511200,91555.81516287292,91869.9,91356.37,91669.3075,91270.07,90279.53,90774.8,NaN,NaN,NaN,NaN,NaN,91367.10459235898,91633.53848738036,91100.67069733761,91899.97238240173,90834.23680231624,91129.09462500029,91672.38615600739,90585.80309399319,91129.09462500029,91400.74039050384,90857.44885949674,91024.62510719063,91204.48188335335,103554.8349589843,89124.45067187535,88768.68298749976,91181.68199999977,91129.09462500029,411.33138380637183,64.71418591493611,56.70560367329915,NaN,NaN,NaN,NaN,76.41320128127711,165.70987424239866,89.29667296112154,72.16809604627205,69.00047521125823
1764514800,91612.56133143646,91703.9,91416.58,91558.345,91270.07,90279.53,90774.8,NaN,NaN,NaN,NaN,NaN,91377.26888477382,91640.12287888722,91114.41489066041,91902.97687300063,90851.560896547,91166.07150000028,91720.41082517292,90611.73217482764,91166.07150000028,91443.24116258661,90888.90183741396,91045.55529906551,91236.65125759396,103531.30237304678,89112.48468750036,88803.69603749976,91184.01328124976,91166.07150000028,402.47342782020183,60.81661069015203,57.27175014609991,NaN,NaN,NaN,NaN,65.77259765425705,171.51242002894287,105.73982237468582,70.94281855610598,70.44188826567095
1764518400,91585.45316571824,91946.64,91502.71,91722.77,91270.07,90279.53,90774.8,NaN,NaN,NaN,NaN,NaN,91400.66121509006,91668.98194377859,91132.34048640153,91937.30267246712,90864.019757713,91208.02662500028,91796.48511760136,90619.56813239919,91208.02662500028,91502.25587130082,90913.79737869973,91072.11273831784,91280.84387053996,103507.55934374992,89100.44116406285,88840.87012499977,91187.23306249977,91208.02662500028,405.4346115473298,64.25233995377357,58.21266953288356,NaN,NaN,NaN,NaN,65.1845747870743,187.2205408585287,122.0359660714544,70.08502041101757,71.06531167113187
1764522000,91654.11158285913,91914.69,91387.04,91698.2225,91270.07,90279.53,90774.8,NaN,NaN,NaN,NaN,NaN,91417.1809999631,91684.84824445462,91149.51375547156,91952.51548894616,90881.84651098003,91238.64737500029,91861.22570136037,90616.06904864022,91238.64737500029,91549.93653818032,90927.35821182026,91096.66606230538,91318.78738230905,103483.48779882802,89088.60596875034,88878.99958749975,91187.58046874977,91238.64737500029,414.1642821510926,63.35913671815752,59.29455703236841,NaN,NaN,NaN,NaN,58.71978761245734,195.43570058702608,136.71591297456874,69.44734166508734,70.1583935440703
1764525600,91676.16704142957,91676.16704142957,91237.34,91485.6025,91270.07,90279.53,90774.8,NaN,NaN,NaN,NaN,NaN,91420.74963342228,91678.84008560352,91162.65918124105,91936.93053778475,90904.56872905981,91264.11725000027,91883.33537074181,90644.89912925873,91264.11725000027,91573.72631037104,90954.5081896295,91111.91847162673,91333.95239300822,103459.02368554678,89075.86632031285,88917.00507499976,91185.84021874977,91264.11725000027,417.50129771172936,56.086361951248605,59.604859227498835,NaN,NaN,NaN,NaN,36.77427139592035,182.68375221946917,145.90948082354882,65.92685298933212,68.48640502181235
1764529200,91580.88477071478,91581.21,91388.31,91511.9225,91270.07,90279.53,90774.8,NaN,NaN,NaN,NaN,NaN,91424.37950348468,91676.47765843748,91172.28134853189,91928.57581339027,90920.1831935791,91295.13400000028,91898.54822868924,90691.71977131133,91295.13400000028,91596.84111434476,90993.4268856558,91127.60490411195,91350.13149364384,103434.42356835927,89063.38489843786,88954.67007499975,91185.59409374978,91295.13400000028,401.4583478751779,56.74821470424155,60.18267764803638,NaN,NaN,NaN,NaN,21.440930940202662,172.71064449880214,151.26971355859948,58.91438119450959,64.76285861630969
1764532800,91546.40363535739,91691.43,91250.03,91461.72249999999,91270.07,90279.53,90774.8,NaN,NaN,NaN,NaN,NaN,91428.43290288771,91668.78675814213,91188.07904763329,91909.14061339655,90947.72519237887,91320.39600000028,91907.05555611775,90733.73644388282,91320.39600000028,91613.72577805902,91027.06622194155,91140.7075549311,91360.2761305853,103409.91988085928,89051.25442187535,88991.97589999974,91188.72849999976,91320.39600000028,404.31132302695045,55.04418971132602,60.5259861506048,NaN,NaN,NaN,NaN,6.123577342071087,158.92418523618835,152.80060789411726,50.79032661618422,58.54385360000865
1764536400,91504.06306767868,91504.06306767868,90966.15,91247.91,91270.07,90279.53,90774.8,NaN,NaN,91270.07,NaN,NaN,91413.4997227222,91649.7350720018,91177.26437344261,91885.9704212814,90941.02902416301,91331.43712500029,91903.73659015668,90759.1376598439,91331.43712500029,91617.58685757848,91045.28739242209,91144.91157238478,91350.06102780483,103385.54195117179,89041.83514843785,89028.34057499975,91194.36196874976,91331.43712500029,413.85430478778886,48.38058899680737,60.146833042134794,NaN,NaN,NaN,NaN,-18.836119409911902,129.25545863172738,148.09157804163928,41.19168842421471,50.29879874496951
1764540000,91375.98653383934,91381.79,91088.75,91248.15,91270.07,90279.53,90774.8,NaN,NaN,NaN,NaN,NaN,91403.79004694753,91636.78446420831,91170.79562968675,91869.77888146909,90937.80121242597,91345.35300000028,91894.88720238625,90795.81879761431,91345.35300000028,91620.12010119326,91070.5858988073,91148.96013817361,91340.79638891348,103361.0355234374,89031.58016406283,89062.85698749975,91199.80612499977,91345.35300000028,405.2247115886606,48.38814182858385,59.37314282759438,NaN,NaN,NaN,NaN,-34.827759689185285,104.55687843015767,139.38463811934295,31.498814029734945,41.1602763567113
1764543600,91312.06826691967,91320.06,90379.23,90851.69499999999,91270.07,90279.53,90774.8,NaN,NaN,NaN,NaN,NaN,91336.87676577231,91620.21357683759,91053.53995470703,91903.55038790287,90770.20314364175,91344.06212500029,91898.08908432133,90790.03516567925,91344.06212500029,91621.0756046608,91067.04864533978,91137.30268177464,91296.33262628499,103336.4706015624,89020.86169531284,89095.10319999974,91199.56603124976,91344.06212500029,443.4822321894707,38.39432938745537,57.52639172500301,NaN,NaN,NaN,NaN,-69.59685634201121,52.38856769182894,121.98542403384015,25.598094985164355,32.76286581303801
1764547200,91081.88163345982,91081.88163345982,87015.2,88720.4725,92106.44,90379.23,91242.83499999999,NaN,90379.23,NaN,NaN,NaN,88939.18471115327,88939.18471115327,88939.18471115327,88939.18471115327,88939.18471115327,91230.6245000003,92498.27434109106,89962.97465890953,91230.6245000003,91864.44942054569,90596.7995794549,91042.5250275874,91062.16352389545,103309.97993554678,89004.90817968783,89115.85946249973,91168.07181249977,91230.6245000003,702.2821894230675,17.486373469431058,54.242585234145,NaN,NaN,NaN,NaN,-224.86282917345608,-159.09311243297998,65.76971674047611,28.526342737948152,28.541083917615822
1764550800,89901.17706672991,89901.17706672991,86973.79,87241.84,92106.44,90379.23,91242.83499999999,NaN,NaN,NaN,NaN,NaN,88730.23269724079,89110.29572109792,88350.16967338366,89490.35874495505,87970.10664952653,91048.07775000029,93200.49377773266,88895.66172226792,91048.07775000029,92124.28576386647,89971.8697361341,90893.4785559173,90714.8613853595,103281.60080468742,88985.61182812533,89129.08822499974,91114.77174999977,91048.07775000029,861.2182520878426,12.429233493622249,51.01923988418467,NaN,NaN,NaN,NaN,-405.3553336170322,-440.9244502808142,-35.569116663781955,22.023641885490903,25.38269320286781
1764554400,88571.50853336495,88571.50853336495,86502.1,86993.82,92106.44,90379.23,91242.83499999999,NaN,NaN,NaN,NaN,NaN,88532.25734356773,89129.37453530812,87935.14015182735,89726.4917270485,87338.02296008696,90850.74537500029,93636.82141112247,88064.66933887811,90850.74537500029,92243.78339306137,89457.70735693921,90740.55076941074,90376.58489578137,103252.8862636718,88968.05476562533,89141.21851249972,91056.58621874977,90850.74537500029,947.5175578933497,11.812148126438686,47.57230194973975,NaN,NaN,NaN,NaN,-512.7389224082251,-676.4927696740633,-163.75384726583823,15.830203308625562,22.126729310688216
1764558000,87782.66426668248,87782.66426668248,86203.68,86530.6,92106.44,90379.23,91242.83499999999,NaN,NaN,NaN,NaN,NaN,88331.06784268183,89114.88994313288,87547.24574223079,89898.71204358392,86763.42364177975,90624.88750000029,93983.9262043022,87265.84879569837,90624.88750000029,92304.40685215125,88945.36814784932,90575.4546608064,90026.9499052558,103224.03349804679,88951.10692187533,89150.83838749974,90992.09556249977,90624.88750000029,992.6223228068593,10.7396954216199,43.475110740556765,NaN,NaN,NaN,NaN,-581.2349595891513,-890.2975467522774,-309.06258716312607,6.562965934953294,14.805603709689928
1764561600,87156.63213334125,87156.63213334125,85722.62,86071.0775,92106.44,90379.23,91242.83499999999,NaN,NaN,NaN,NaN,NaN,88128.54997182568,89087.46800677667,87169.63193687468,90046.38604172767,86210.71390192368,90366.31087500029,94250.48574475509,86482.13600524548,90366.31087500029,92308.39830987768,88424.22344012289,90398.81241920615,89667.32514114163,103195.04192773427,88933.82329687533,89158.64692499973,90923.97603124977,90366.31087500029,1024.150166416459,9.790096128442713,39.551961470092955,NaN,NaN,NaN,NaN,-620.2056394878377,-1084.3196365229232,-464.1139970350855,6.688347196740591,9.693838813439822
1764565200,86613.85481667062,86613.85481667062,85632.65,85878.235,92106.44,90379.23,91242.83499999999,NaN,NaN,NaN,NaN,NaN,87959.3884207896,89040.78117394994,86877.99566762926,90122.17392711029,85796.60291446892,90087.43687500029,94396.37367307027,85778.50007693032,90087.43687500029,92241.90527403528,87932.9684759653,90221.53487335493,89322.86240103784,103166.00433007801,88915.52130468783,89165.98148749974,90854.38965624977,90087.43687500029,1021.0826414346135,9.41391305020133,35.88034021009647,NaN,NaN,NaN,NaN,-620.1950213129687,-1239.3577736762963,-619.1627523633276,5.0602214829776475,6.103844871557183
1764568800,86246.04490833532,86396.14,85983.15,86166.16,92106.44,90379.23,91242.83499999999,NaN,NaN,NaN,NaN,NaN,87810.30573294494,88956.65334889237,86663.9581169975,90103.00096483981,85517.61050105006,89823.9568750003,94406.63479346257,85241.27895653802,89823.9568750003,92115.29583423144,87532.61791576915,90062.50056459592,89035.88945548894,103137.01543554678,88897.55789843784,89172.95304999973,90789.12781249978,89823.9568750003,985.1413813321411,14.684986517200429,32.33981496462696,NaN,NaN,NaN,NaN,-563.6572287255267,-1323.734288270236,-760.0770595447093,5.993584334728134,5.914051004815465
1764572400,86206.10245416766,86621.68,86082,86391.4325,92106.44,90379.23,91242.83499999999,NaN,NaN,NaN,NaN,NaN,87662.99164163107,88834.04850497546,86491.93477828668,90005.10536831986,85320.87791494229,89579.47712500028,94343.26650609965,84815.68774390091,89579.47712500028,91961.37181554997,87197.5824344506,89918.53711108235,88795.48427771722,103108.20530664054,88880.13883593783,89180.27182499973,90726.57006249977,89579.47712500028,953.3227112369877,18.67238021493874,29.147903785825616,NaN,NaN,NaN,NaN,-477.3667501832715,-1356.7854972737987,-879.4187470905272,8.30194847073039,6.4519180961453975
1764576000,86298.76747708383,86927.11,86298.76747708383,86703.405,92106.44,90379.23,91242.83499999999,NaN,NaN,NaN,NaN,NaN,87548.34886094942,88697.69831169506,86398.99941020379,89847.04776244069,85249.64995945815,89345.73562500029,94191.59995525579,84499.8712947448,89345.73562500029,91768.66779012805,86922.80345987254,89792.45349888304,88605.2952524702,103079.77166210928,88864.28851562533,89189.06802499972,90669.34621874978,89345.73562500029,930.1098406426433,23.971832600334025,26.85400883218886,NaN,NaN,NaN,NaN,-370.3303471252817,-1342.3316809971293,-972.0013338718476,12.896363453604868,9.063965419687804
1764579600,86501.08623854192,86984,86501.08623854192,86800.2925,92106.44,90379.23,91242.83499999999,NaN,NaN,NaN,NaN,NaN,87496.91287625478,88624.93332173083,86368.89243077872,89752.95376720688,85240.87198530267,89097.64912500029,93931.32072631782,84263.97752368276,89097.64912500029,91514.48492565905,86680.81332434152,89675.11385186802,88441.20409315472,103051.74316406243,88848.94973437533,89195.51181249972,90616.45243749977,89097.64912500029,898.1672635580319,25.593420126850788,24.628666362375235,NaN,NaN,NaN,NaN,-268.7839900647243,-1307.981321452753,-1039.1973313880287,16.489458273777934,12.562590066037737
1764583200,86650.68936927096,86850.23,86570.33,86701.35,92106.44,90379.23,91242.83499999999,NaN,NaN,NaN,NaN,NaN,87454.98802803442,88566.84060904957,86343.13544701927,89678.69319006472,85231.28286600413,88849.25125000029,93639.17188315456,84059.33061684603,88849.25125000029,91244.21156657742,86454.29093342317,89558.49566159869,88283.03553923157,103024.1020214843,88835.23085937533,89199.00167499973,90563.43459374977,88849.25125000029,854.0053161610292,25.006843753112932,22.483141651074302,NaN,NaN,NaN,NaN,-187.88671533266415,-1274.0557255538588,-1086.1690102211946,18.38214713688225,15.922656288088357
1764586800,86676.01968463548,86717.59,86142.46,86414.505,92106.44,90379.23,91242.83499999999,NaN,NaN,NaN,NaN,NaN,87392.15481504,88497.41128622959,86286.89834385042,89602.66775741917,85181.64187266084,88592.0592500003,93324.55424139525,83859.56425860534,88592.0592500003,90958.30674569777,86225.81175430282,89435.20191016345,88113.16912657415,102996.38984374993,88822.73712500032,89200.36226249972,90504.02449999977,88592.0592500003,834.085650720955,23.3369479042005,20.694310144459525,NaN,NaN,NaN,NaN,-135.7359209284357,-1255.8389113817393,-1120.1029904533036,17.02439045873881,17.298665289799672
1764590400,86545.26234231774,86545.26234231774,84762.12,85646.1225,92106.44,90379.23,91242.83499999999,NaN,NaN,NaN,NaN,NaN,87122.3521344019,88317.84773094722,85926.85653785657,89513.34332749255,84731.36094131124,88288.22687500028,92957.56206345714,83618.89168654343,88288.22687500028,90622.89446922872,85953.55928077185,89286.61056074528,87888.89216052195,102967.88757421868,88808.74364062533,89196.00351249971,90432.93178124978,88288.22687500028,901.8754144064402,19.567478414618165,18.63569132917626,NaN,NaN,NaN,NaN,-134.75792296985355,-1288.5503941656207,-1153.7924711957671,15.093714792533374,16.833417462718153
1764594000,86095.69242115886,86159.66,85371.27,85738.3825,92106.44,90379.23,91242.83499999999,NaN,NaN,NaN,NaN,NaN,87004.52152292353,88209.91833039874,85799.12471544833,89415.31513787394,84593.72790797312,87990.23487500029,92509.33007301779,83471.13967698278,87990.23487500029,90249.78247400903,85730.68727599154,89147.46436228468,87693.39128229268,102939.46668359368,88795.48897656283,89192.4602624997,90360.46656249977,87990.23487500029,893.7693133774088,21.21302904073609,17.408455590124884,NaN,NaN,NaN,NaN,-110.67397641327148,-1292.1349417123565,-1181.460965299085,14.175722413173807,15.431275888148674
1764597600,85917.03746057943,86701.72,85912.3,86167.7975,92106.44,90379.23,91242.83499999999,NaN,NaN,NaN,NaN,NaN,86943.33058872483,88116.03803197756,85770.6231454721,89288.74547523029,84597.91570221937,87724.34462500029,92009.22123220198,83439.4680177986,87724.34462500029,89866.78292860114,85581.90632139944,89030.61468141076,87554.70093844789,102911.42721093741,88784.56006250033,89192.10947499971,90294.82321874978,87724.34462500029,898.7384695647363,28.541018405217102,18.198073085538176,NaN,NaN,NaN,NaN,-51.60149636368055,-1245.9628357536858,-1194.3613393900052,18.760161375545227,16.00986619375081
1764601200,86042.41748028972,86175.8,83762.32,85187.4625,92106.44,90379.23,91242.83499999999,NaN,NaN,NaN,NaN,NaN,86666.37308938646,87941.07046395815,85391.67571481476,89215.76783852985,84116.97834024306,87408.12162500029,91455.11860392388,83361.1246460767,87408.12162500029,89431.62011446209,85384.6231355385,88879.90283115936,87339.49744404353,102882.7095527343,88770.17301562533,89188.8920999997,90220.08371874978,87408.12162500029,1006.9342931672549,23.229165747161602,18.969496817933845,NaN,NaN,NaN,NaN,-63.544899696865286,-1273.7924640110868,-1210.2475643142216,24.144781595439017,19.026888461386026
1764604800,85614.93999014486,85614.93999014486,84029.94,84680.965,92106.44,90379.23,91242.83499999999,NaN,NaN,NaN,NaN,NaN,86491.68173537782,87823.82147443602,85159.54199631962,89155.96121349421,83827.40225726142,87069.08375000028,90826.68118258691,83311.48631741366,87069.08375000028,88947.8824662936,85190.28503370697,88715.23860248644,87097.8126764032,102853.88147070305,88751.36503125033,89181.87717499971,90137.48893749979,87069.08375000028,1048.2247000942266,21.049427593794192,19.62930249417352,NaN,NaN,NaN,NaN,-88.98955603040736,-1321.4845093522308,-1232.4949533218235,26.61215984637425,23.172367605786174
1764608400,85147.95249507243,85259.21,84446.89,84805.065,92106.44,90379.23,91242.83499999999,NaN,NaN,NaN,NaN,NaN,86427.32738406245,87771.91536405461,85082.73940407028,89116.50334404678,83738.15142407811,86746.94150000028,90099.11607227122,83394.76692772933,86746.94150000028,88423.02878613575,85070.8542138648,88561.89846121246,86889.38106945746,102825.15758789054,88731.77139062532,89173.67509999972,90051.66234374978,86746.94150000028,1031.374364373211,22.957008683770397,20.50196772718427,NaN,NaN,NaN,NaN,-81.11660079333865,-1333.8907043134968,-1252.7741035201582,27.7346710401206,26.163870827311296
1764612000,84976.50874753622,85543.85,84721.71,85099.21500000001,92106.44,90379.23,91242.83499999999,NaN,NaN,NaN,NaN,NaN,86373.6384986953,87715.5775446437,85031.6994527469,89057.5165905921,83689.76040679851,86439.49475000027,89150.54718001731,83728.44231998324,86439.49475000027,87795.02096500879,85083.96853499176,88426.10695292962,86726.63869950679,102796.2966933593,88712.42553125034,89167.00196249971,89968.76231249978,86439.49475000027,1016.4290526322673,27.432606024977872,21.762147005508204,NaN,NaN,NaN,NaN,-41.73645054258213,-1304.9446666983858,-1263.2082161558037,31.689033108500514,28.67862133166513
1764615600,85037.86187376812,85293.31,84599.68,85024.6425,92106.44,90379.23,91242.83499999999,NaN,NaN,NaN,NaN,NaN,86332.42691609936,87675.51099578789,84989.34283641083,89018.59507547642,83646.2587567223,86148.14212500027,88023.54049296753,84272.74375703302,86148.14212500027,87085.8413089839,85210.44294101665,88292.71619006964,86571.9117722789,102766.98861328117,88692.74256250032,89160.52858749969,89885.89856249979,86148.14212500027,993.3719774442485,27.00430859702132,23.01860383028106,NaN,NaN,NaN,NaN,-8.1084561356015,-1273.3437863253057,-1265.2353301897042,37.133103250748974,32.18560246645669
1764619200,85031.25218688406,85844.76,85020.04,85362.31749999999,92106.44,90379.23,91242.83499999999,NaN,NaN,NaN,NaN,NaN,86284.87320530711,87608.74099724898,84961.00541336524,88932.60878919085,83637.13762142338,85980.23437500028,87464.9816077486,84495.48714225195,85980.23437500028,86722.60799137443,85237.86075862612,88177.79859438063,86461.94865661717,102737.40501757806,88674.02855468783,89153.9875249997,89808.48956249979,85980.23437500028,981.3254076268023,32.16863679405236,24.26743599291334,NaN,NaN,NaN,NaN,46.47851656820467,-1207.1371844794485,-1253.6157010476531,43.44746633226547,37.423200897171654
1764622800,85196.78484344203,86529.67,85196.78484344203,86011.08,92106.44,90379.23,91242.83499999999,NaN,NaN,NaN,NaN,NaN,86268.24631594171,87564.50304185906,84971.98959002436,88860.75976777641,83675.732864107,85918.69637500029,87286.60981644348,84550.7829335571,85918.69637500029,86602.65309572188,85234.7396542787,88092.82923773825,86420.9605969247,102708.50717187492,88657.60913281282,89149.65671249971,89733.35056249979,85918.69637500029,1006.4368182647428,40.83005984261207,25.850127394890006,NaN,NaN,NaN,NaN,131.08757506773736,-1089.7562322129816,-1220.843807280719,52.882140167034834,44.48756991668309
1764626400,85603.93242172102,86854.39,85603.93242172102,86532.88,92106.44,90379.23,91242.83499999999,NaN,NaN,NaN,NaN,NaN,86270.30312937312,87544.98007463088,84995.62618411536,88819.65701988863,83720.9492388576,85895.6493750003,87204.59118794606,84586.70756205454,85895.6493750003,86550.12028147318,85241.17846852742,88031.65475782694,86431.13508811337,102680.9639746093,88642.06968750032,89147.38438749971,89659.44859374978,85895.6493750003,1023.8668725514738,46.72262684392532,27.4751841265751,NaN,NaN,NaN,NaN,221.67732342086993,-943.7471530046314,-1165.4244764255013,68.48722302235676,54.93894317388569
1764630000,86068.40621086051,86831.95,86068.40621086051,86488.82500000001,92106.44,90379.23,91242.83499999999,NaN,NaN,NaN,NaN,NaN,86272.66120307197,87539.69453814304,85005.6278680009,88806.72787321411,83738.59453292983,85893.56062500029,87198.57028908495,84588.55096091563,85893.56062500029,86546.06545704261,85241.05579295797,87971.15163006901,86436.37962555762,102653.8272402343,88624.94098437532,89144.8243499997,89585.48928124979,85893.56062500029,1005.2723665934744,46.30335885103146,28.954465464016575,NaN,NaN,NaN,NaN,274.64999638755353,-822.1119809410593,-1096.7619773286128,81.32518486368407,67.56484935102522
1764633600,86278.61560543027,86665.27,86181.51,86414.61499999999,90460.45,83762.32,87111.38500000001,NaN,NaN,NaN,NaN,NaN,86420.465,86420.465,86420.465,86420.465,86420.465,85910.73750000028,87233.56293345103,84587.91206654953,85910.73750000028,86572.15021672565,85249.3247832749,87910.11097790944,86434.4010232342,102627.12033203118,88604.00625781281,89141.0751374997,89519.31765624978,85910.73750000028,968.0214832653699,45.561679661765865,30.42266802892036,NaN,NaN,NaN,NaN,298.7176956655919,-723.3648577466229,-1022.0825534122148,86.65067750246858,78.82102846283648
1764637200,86346.61530271513,87350.2,86346.61530271513,86685.5475,90460.45,83762.32,87111.38500000001,NaN,NaN,NaN,NaN,NaN,86632.39658000441,86817.53030983244,86447.26285017638,87002.66403966046,86262.12912034836,85951.10312500029,87316.0955855545,84586.11066444607,85951.10312500029,86633.59935527739,85268.60689472318,87862.08888073653,86457.232521122,102600.75751171868,88583.51096093783,89140.0485124997,89467.29743749977,85951.10312500029,970.561712838191,48.78696028512475,32.240526056129234,NaN,NaN,NaN,NaN,324.75199883321966,-616.1425548706902,-940.8945537039099,85.14324264767784,84.37303500461017
1764640800,86516.08140135757,86850.56,86267.5,86540.36499999999,90460.45,83762.32,87111.38500000001,NaN,NaN,NaN,NaN,NaN,86605.45896923801,86760.67546087164,86450.24247760438,86915.89195250528,86295.02598597074,85969.81337500027,87356.17557266993,84583.45117733061,85969.81337500027,86662.9944738351,85276.63227616544,87810.25657168803,86464.79001920181,102573.98166406242,88562.29595312533,89137.46172499971,89413.85853124977,85969.81337500027,942.8830190640344,47.17407301208439,34.21242567023396,NaN,NaN,NaN,NaN,323.35850735230997,-536.6964195135224,-860.0549268658324,81.56032778693279,84.45141597902641
1764644400,86528.22320067878,87107.06,86229.11,86718.27249999999,90460.45,83762.32,87111.38500000001,NaN,NaN,NaN,NaN,NaN,86620.04013640493,86763.60131619143,86476.47895661843,86907.16249597793,86332.91777683194,85986.15537500028,87399.45561709958,84572.85513290098,85986.15537500028,86692.80549604993,85279.50525395063,87767.43366691595,86487.83388109256,102547.29442773429,88541.94150000034,89134.13828749972,89359.40353124977,85986.15537500028,938.244946273746,49.3824150769186,36.224524672818426,NaN,NaN,NaN,NaN,324.7287042323354,-454.1440465754131,-778.8727508077485,80.43027265869154,82.3779476977674
1764648000,86623.2478503394,87291.61,86623.2478503394,87041.0125,90460.45,83762.32,87111.38500000001,NaN,NaN,NaN,NaN,NaN,86667.85403582368,86849.75976333326,86485.9483083141,87031.66549084285,86304.04258080451,86003.03575000027,87457.66047548759,84548.41102451296,86003.03575000027,86730.34811274393,85275.72338725661,87738.94656233101,86538.12284644779,102520.7131230468,88523.53418750034,89131.2725749997,89308.21353124978,86003.03575000027,918.9676036585217,53.20422499869145,37.98618228663803,NaN,NaN,NaN,NaN,336.26204884292554,-358.54518975409155,-694.8072385970171,83.73273353623851,81.90777799395428
1764651600,86832.1301751697,87140.03,86831.49,86997.805,90460.45,83762.32,87111.38500000001,NaN,NaN,NaN,NaN,NaN,86702.01798967407,86900.53488509961,86503.50109424854,87099.05178052514,86304.984198823,86012.91137500027,87491.5365767274,84534.28617327314,86012.91137500027,86752.22397586385,85273.5987741367,87709.88218733764,86579.91213313435,102493.9170214843,88505.95148437533,89127.1430499997,89257.09881249978,86012.91137500027,875.3656319686269,52.63129345462673,40.08633426574267,NaN,NaN,NaN,NaN,329.44053681765354,-283.00656757495017,-612.4471043926037,87.71871054203535,83.96057224565514
1764655200,86914.96758758485,87212,86871.78,87055.0075,90460.45,83762.32,87111.38500000001,NaN,NaN,NaN,NaN,NaN,86768.97443108933,86993.27342040223,86544.67544177643,87217.57240971513,86320.37645246353,86030.59425000027,87549.63508867982,84511.55341132072,86030.59425000027,86790.11466934005,85271.07383066049,87684.20082704989,86623.10262103123,102466.92838671868,88487.97486718783,89122.21077499971,89207.68262499978,86030.59425000027,837.1409439708679,53.34755490459485,42.393343359371286,NaN,NaN,NaN,NaN,317.1292211796284,-216.03557791806816,-533.1647990976966,90.20050767913717,87.21731725247037
1764658800,86984.98754379243,87160.83,86915.41,87060.79250000001,90460.45,83762.32,87111.38500000001,NaN,NaN,NaN,NaN,NaN,86802.01950004224,87030.82835336057,86573.2106467239,87259.6372066789,86344.40179340557,86062.90862500027,87639.64334850867,84486.17390149187,86062.90862500027,86851.27598675447,85274.54126324608,87659.75344167539,86662.89261002839,102439.93733593743,88469.62010937533,89120.17008749972,89157.44590624978,86062.90862500027,794.875162258663,53.42425799651989,44.569575453139116,NaN,NaN,NaN,NaN,298.0182361284652,-160.64200393711508,-458.6602400655803,89.56571921487478,89.16164581201578
1764662400,87022.89002189622,87099.55,86356.3,86750.745,90460.45,83762.32,87111.38500000001,NaN,NaN,NaN,NaN,NaN,86786.00751489098,86987.38685556951,86584.62817421246,87188.76619624803,86383.24883353393,86118.13975000026,87709.92243636341,84526.35706363712,86118.13975000026,86914.03109318184,85322.24840681869,87624.10605180576,86670.8791909349,102412.62427539055,88451.63601562534,89120.41408749971,89104.96681249978,86118.13975000026,791.1876506687585,48.79390996826547,46.09538287765965,NaN,NaN,NaN,NaN,254.81224328570323,-140.14493595845124,-394.9571792441545,85.83879705149214,88.53500798183471
1764666000,86886.81751094811,87012.78,86478.71,86697.9375,90460.45,83762.32,87111.38500000001,NaN,NaN,NaN,NaN,NaN,86778.70896750924,86967.50458793029,86589.9133470882,87156.30020835134,86401.11772666714,86166.11750000025,87767.04055718478,84565.19444281573,86166.11750000025,86966.57902859252,85365.65597140799,87587.78571644083,86673.33903721355,102385.28008789057,88434.15476562534,89119.72024999972,89051.27731249979,86166.11750000025,772.822104192418,48.030350357837406,47.59724300343223,NaN,NaN,NaN,NaN,214.60458309115904,-126.70145038020564,-341.3060334713647,79.89722048742811,85.10057891793168
1764669600,86792.37750547405,87616.98,86783.37,87126.1975,90460.45,83762.32,87111.38500000001,NaN,NaN,NaN,NaN,NaN,86842.89060233608,87069.2244342261,86616.55677044606,87295.55826611612,86390.22293855603,86214.03750000025,87868.7639082711,84559.31109172941,86214.03750000025,87041.40070413568,85386.67429586482,87569.68421775688,86714.50798837595,102358.55262109368,88417.47982031284,89118.21361249972,89004.50921874978,86214.03750000025,783.2664181786737,54.279043814772706,49.17655779062654,NaN,NaN,NaN,NaN,208.59544843427,-80.56172292852716,-289.15717136279716,76.64498256427478,80.79366670106502
1764673200,86959.28750273702,87611.11,86959.28750273702,87335.845,90460.45,83762.32,87111.38500000001,NaN,NaN,NaN,NaN,NaN,86895.46088363552,87153.7986812789,86637.12308599213,87412.13647892229,86378.78528834875,86321.45662500025,87974.60004886024,84668.31320114026,86321.45662500025,87148.02833693025,85494.88491307026,87560.51405235464,86770.99317125086,102332.12382812492,88402.54957812533,89117.41163749972,88960.90390624978,86321.45662500025,773.8775666846958,57.004441508952695,50.33187076679373,NaN,NaN,NaN,NaN,209.90952556433976,-26.77026440737245,-236.6797899717122,79.25451637793388,78.59890647654561
1764676800,87147.56625136851,87574.47,87147.56625136851,87375.0925,90460.45,83762.32,87111.38500000001,NaN,NaN,NaN,NaN,NaN,86940.65840871955,87222.67822481254,86658.63859262656,87504.69804090552,86376.61877653358,86456.16300000026,87987.20418398568,84925.12181601484,86456.16300000026,87221.68359199297,85690.64240800755,87553.24261892897,86825.91129204624,102305.71783007807,88389.69878906282,89118.96017499972,88917.63628124978,86456.16300000026,749.0937225380384,57.515013582825944,51.10275553385806,NaN,NaN,NaN,NaN,204.39180769010497,18.809969640919007,-185.58183804918596,83.37856931139795,79.75935608453555
1764680400,87261.32937568426,87921.45,87060.29,87508.625,90460.45,83762.32,87111.38500000001,NaN,NaN,NaN,NaN,NaN,87009.7997893247,87331.23088711304,86688.36869153635,87652.66198490138,86366.937593748,86591.34100000028,87986.79973155905,85195.8822684415,86591.34100000028,87289.07036577965,85893.6116342209,87551.49290838273,86887.97617458749,102279.27311132808,88379.83161718783,89120.60923749972,88875.20612499978,86591.34100000028,757.0984566424644,59.28647552918871,52.03012101086929,NaN,NaN,NaN,NaN,200.43249910869815,64.95878583668673,-135.47371327201142,82.22931611037295,81.62080059990161
1764684000,87384.97718784213,89323.77,87384.97718784213,88511.525,90460.45,83762.32,87111.38500000001,NaN,NaN,NaN,NaN,NaN,87282.82576011702,87907.31569428982,86658.33582594422,88531.80562846262,86033.84589177142,86761.95650000026,88219.00824750893,85304.9047524916,86761.95650000026,87490.4823737546,86033.43062624593,87589.14122570105,87035.57152235226,102253.50310546868,88373.14364843784,89127.40246249973,88847.98181249978,86761.95650000026,841.5051963221365,69.55428596909326,53.74387860424982,NaN,NaN,NaN,NaN,252.68170141913606,180.37841350190865,-72.30328791722741,78.13564194191189,81.24784245456094
1764687600,87948.25109392106,91209.34,87948.25109392106,90169.02500000001,90460.45,83762.32,87111.38500000001,NaN,NaN,NaN,NaN,NaN,87885.48351086,89083.29719356922,86687.66982815077,90281.11087627844,85489.85614544155,87019.17562500027,88910.29282064759,85128.05842935294,87019.17562500027,87964.73422282393,86073.6170271766,87690.31313841866,87320.43092941114,102229.30251953118,88369.28434375033,89143.35298749972,88842.39006249976,87019.17562500027,1014.3326041619077,78.98656714000218,55.90099337959821,NaN,NaN,NaN,NaN,378.6214499191872,400.9735244817566,22.3520745625694,76.37934961288063,78.91476922172184
1764691200,89058.63804696054,91278.91,89058.63804696054,90759.74,90460.45,83762.32,87111.38500000001,90460.45,NaN,NaN,NaN,NaN,88178.1789656321,89558.6640280534,86797.6939032108,90939.1490904747,85417.2088407895,87289.04675000027,89641.56266932185,84936.53083067869,87289.04675000027,88465.30470966107,86112.78879033947,87810.68281926498,87633.09539037377,102205.45289453118,88366.61821093783,89162.53599999973,88843.34818749977,87289.04675000027,1100.4711290817336,81.21964339822561,58.33281983575115,NaN,NaN,NaN,NaN,475.2043540584875,616.3575171356788,141.15316307719127,80.86114682499736,78.45871279326332
1764694800,89909.18902348027,92015.68,89909.18902348027,91241.595,90460.45,83762.32,87111.38500000001,NaN,NaN,NaN,NaN,NaN,88478.81977864157,90054.02327954327,86903.61627773987,91629.22678044497,85328.41277683817,87550.57250000027,90389.34618064313,84711.79881935741,87550.57250000027,88969.9593403217,86131.18565967884,87945.22839498008,87961.1408094307,102181.7983886718,88366.31710156283,89186.75219999973,88850.34046874978,87550.57250000027,1172.3296896130184,82.82315801182536,60.72144433110164,NaN,NaN,NaN,NaN,540.2936437283543,816.5202177376341,276.22657400927983,85.05073078930518,80.76374240906108
1764698400,90575.39201174013,92241.49,90575.39201174013,91766.41249999999,90460.45,83762.32,87111.38500000001,NaN,NaN,NaN,NaN,NaN,88718.08992634914,90438.21103843197,86997.96881426632,92158.33215051479,85277.8477021835,87812.24912500028,91148.7531579406,84475.74509205995,87812.24912500028,89480.50114147045,86143.99710853011,88095.07875203968,88307.07459948245,102158.63344726556,88367.54514843783,89215.73436249973,88864.40249999978,87812.24912500028,1207.5988538020797,84.38680100948403,62.948771189015396,NaN,NaN,NaN,NaN,583.7415857395775,1005.9035561837518,422.16197044417424,89.32288762923162,85.07825508117809
1764702000,91170.90225587005,92337.21,91170.90225587005,92022.74250000001,90460.45,83762.32,87111.38500000001,NaN,NaN,NaN,NaN,NaN,88867.19426462779,90673.14638631232,87061.24214294326,92479.09850799685,85255.29002125873,88088.94500000027,91833.45796460826,84344.43203539228,88088.94500000027,89961.20148230427,86216.68851769627,88249.10478137147,88644.8625904386,102135.55908203119,88369.49602343784,89245.17208749973,88880.83181249977,88088.94500000027,1204.649488825499,85.100228287974,65.26798081996877,NaN,NaN,NaN,NaN,592.8828272194677,1163.2655044685089,570.3826772490412,90.99727012582997,88.45696284812227
1764705600,91596.82237793502,91960.37,90663.3,91401.50749999999,90460.45,83762.32,87111.38500000001,NaN,NaN,NaN,NaN,NaN,89063.36580435686,90920.74459092153,87205.98701779218,92778.1233774862,85348.60823122751,88338.28962500028,92263.41691561787,84413.1623343827,88338.28962500028,90300.85327030908,86375.72597969149,88372.72841739612,88895.466673126,102111.95770117182,88369.12914843783,89271.69983749975,88888.65121874979,88338.28962500028,1215.7061324808208,76.03250466245647,66.88833437410175,NaN,NaN,NaN,NaN,522.6866464147358,1223.740985267461,701.0543388527251,90.34163460958628,90.22059745488264
1764709200,91499.1649389675,91655.94,90970.3,91305.38,90460.45,83762.32,87111.38500000001,NaN,NaN,NaN,NaN,NaN,89144.62434498264,91015.74892732868,87273.49976263661,92886.87350967471,85402.37518029058,88569.28125000028,92619.91200046426,84518.65049953629,88569.28125000028,90594.59662523227,86543.96587476828,88487.73436181196,89114.54970284182,102088.10595312495,88368.45990625033,89297.45071249975,88894.74471874977,88569.28125000028,1177.844265875048,74.70602800638723,68.40846080337798,NaN,NaN,NaN,NaN,438.76293144208955,1249.508003155337,810.7450717132475,87.2817570124501,89.54022058262213
1764712800,91402.27246948375,92018.51,91402.27246948375,91769.30750000001,90460.45,83762.32,87111.38500000001,NaN,NaN,NaN,NaN,NaN,89247.48408217297,91149.37012514994,87345.598039196,93051.25616812691,85443.71199621903,88830.72837500027,92997.13263409045,84664.32411591009,88830.72837500027,90913.93050454535,86747.52624545518,88616.42350448601,89355.8913207653,102065.08795507807,88369.51886718784,89326.15293749973,88906.80612499977,88830.72837500027,1144.6503897411153,76.80888214518937,70.40953024458683,NaN,NaN,NaN,NaN,385.3758560517783,1292.4648917779705,907.0890357261922,85.80315817451857,87.80884993218501
1764716400,91585.78998474189,92020.56,91286.6,91654.58250000002,90460.45,83762.32,87111.38500000001,NaN,NaN,NaN,NaN,NaN,89284.13201263943,91194.34970465217,87373.91432062669,93104.5673966649,85463.69662861395,89077.54387500028,93298.63251954317,84856.45523045739,89077.54387500028,91188.08819727173,86966.99955272883,88735.56699450617,89564.86324615027,102043.1469414062,88371.84796093784,89352.81491249973,88915.44471874977,89077.54387500028,1115.3153619024636,75.14514139044803,72.34630103263045,NaN,NaN,NaN,NaN,316.1205932268555,1302.2397772597615,986.119184032906,86.9210674327516,86.66866087324011
1764720000,91620.18624237095,91762.15,91012.82,91430.46500000001,92337.21,86181.51,89259.36,NaN,NaN,NaN,NaN,NaN,91401.81166666666,91401.81264322916,91401.81069010416,91401.81361979166,91401.80971354166,89297.01650000027,93528.17142134436,85065.86157865619,89297.01650000027,91412.59396067233,87181.43903932822,88841.24926923141,89734.46340559116,102021.75445507807,88376.94028125034,89374.94006249974,88919.15493749977,89297.01650000027,1089.173550338001,71.87004191788105,73.60280089713818,NaN,NaN,NaN,NaN,232.8482566862299,1277.1795048906934,1044.3312482044635,87.05158408095188,86.59193656274071
1764723600,91525.32562118548,92482.67,91488.83,91977.7975,92337.21,86181.51,89259.36,NaN,NaN,NaN,NaN,NaN,91729.69991001609,92017.9474375523,91441.45238247988,92306.1949650885,91153.20485494367,89546.01612500027,93792.7456154513,85299.28663454924,89546.01612500027,91669.3808702258,87422.65137977475,88964.2511606341,89938.40286871923,102001.3838164062,88384.64147656284,89396.22154999973,88933.37124999978,89546.01612500027,1086.5329395995714,74.76287645484472,74.87126053613046,NaN,NaN,NaN,NaN,193.85699185369913,1286.6524880215875,1092.7954961678884,87.17916675695993,87.05060609022115
1764727200,91751.56156059273,93047.1,91751.56156059273,92573.395,92337.21,86181.51,89259.36,92337.21,NaN,NaN,NaN,NaN,92065.5934375307,92485.50059275962,91645.68628230177,92905.40774798855,91225.77912707285,89821.93550000027,94102.37532969704,85541.4956703035,89821.93550000027,91962.15541484865,87681.71558515189,89105.78621315825,90177.94760792657,101981.8635585937,88395.15110937534,89416.62887499972,88957.71890624976,89821.93550000027,1101.4619038715502,77.47720885674266,76.29713162712451,NaN,NaN,NaN,NaN,187.30255167989776,1326.9236857677606,1139.6211340878629,88.63870438767975,87.62315174186386
1764730800,92162.47828029637,93089.27,92162.47828029637,92791.455,92337.21,86181.51,89259.36,NaN,NaN,NaN,NaN,NaN,92147.21851319283,92590.51686475452,91703.92016163113,93033.81521631622,91260.62181006944,90108.46862500027,94378.4320074762,85838.50524252433,90108.46862500027,92243.45031623825,87973.4869337623,89250.3222440148,90415.53918902416,101963.06768554683,88407.32214843784,89438.10424999973,88982.37699999977,90108.46862500027,1088.9854621452703,78.393463438007,77.6619164777544,NaN,NaN,NaN,NaN,176.90201772484193,1360.7486562439153,1183.8466385190734,92.51857586755841,89.44548233739938
1764734400,92476.9666401482,93473.22,92476.9666401482,93028.6525,92337.21,86181.51,89259.36,NaN,NaN,NaN,NaN,NaN,92347.75292444261,92876.24201461251,91819.26383427272,93404.7311047824,91290.77474410282,90422.36400000026,94580.38026335134,86264.34773664919,90422.36400000026,92501.3721316758,88343.35586832472,89398.492057975,90653.09494456742,101945.49429687494,88419.67732031285,89459.49952499973,89009.18931249977,90422.36400000026,1082.3617405528798,79.37629570374808,78.36348860165832,NaN,NaN,NaN,NaN,165.45415493420705,1390.6643321868323,1225.2101772526253,92.9400379845099,91.3657727465827
1764738000,92752.8095700741,93669.28,92752.8095700741,93447.475,92337.21,86181.51,89259.36,NaN,NaN,NaN,NaN,NaN,92550.15024164604,93157.61310192115,91942.68738137094,93765.07596219625,91335.22452109584,90759.84087500027,94746.00763560235,86773.67411439819,90759.84087500027,92752.9242553013,88766.75749469924,89557.2757027603,90907.1294950613,101928.61196484369,88430.41751562533,89482.02747499972,89038.71015624978,90759.84087500027,1070.5123612223815,81.01815957936442,78.50860234732704,NaN,NaN,NaN,NaN,165.16374230760584,1431.6648551371327,1266.5011128295268,93.97395772243738,93.14419052483522
1764741600,93100.14228503706,93997.8,93100.14228503706,93576.565,92337.21,86181.51,89259.36,NaN,NaN,NaN,NaN,NaN,92784.1403262373,93465.65930501273,92102.62134746189,94147.17828378815,91421.10236868646,91082.35925000027,94879.66976645964,87285.0487335409,91082.35925000027,92981.01450822996,89183.70399177058,89714.89489088734,91149.80545005572,101910.88548828117,88440.45946093785,89506.00319999973,89071.21465624978,91082.35925000027,1058.1656007752788,81.50684432140213,78.52911669898252,NaN,NaN,NaN,NaN,153.01533433790564,1457.770280751909,1304.7549464140034,92.28004085419131,93.06467885371286
1764745200,93338.35364251853,93502.58,92904.01,93226.3475,92337.21,86181.51,89259.36,NaN,NaN,NaN,NaN,NaN,92835.46456074655,93489.59928647564,92181.32983501746,94143.73401220473,91527.19510928837,91376.88437500027,94867.536216637,87886.23253336354,91376.88437500027,93122.21029581864,89631.5584541819,89852.59891477412,91338.58200005065,101893.7166210937,88447.59220312534,89529.7682749997,89100.39915624978,91376.88437500027,1030.6219864341879,75.80496478269517,78.02781718261608,NaN,NaN,NaN,NaN,103.13436643569685,1433.6729044586245,1330.5385380229277,87.44847294750853,91.23415717471242
1764748800,93282.35057125927,93282.35057125927,92708.36,92941.29999999999,92337.21,86181.51,89259.36,NaN,NaN,NaN,NaN,NaN,92850.29349382308,93470.81869961032,92229.76828803583,94091.34390539756,91609.24308224859,91655.19475000027,94681.9810370667,88628.40846293385,91655.19475000027,93168.58789353349,90141.80160646705,89973.72444752807,91484.28363640969,101877.23235351557,88451.66612500034,89553.7499499997,89125.20937499977,91655.19475000027,998.0054567788368,71.42530724784335,77.10199619964173,NaN,NaN,NaN,NaN,36.142136798717274,1375.7162090213242,1339.574072222607,78.49074219801561,86.07308533323851
1764752400,93111.82528562963,93249.89,92736.96,92993.7175,92337.21,86181.51,89259.36,NaN,NaN,NaN,NaN,NaN,92867.30107013365,93451.66030577065,92282.94183449664,94036.01954140766,91698.58259885963,91929.44937500027,94333.63183945022,89525.26691055033,91929.44937500027,93131.54060722525,90727.3581427753,90092.155547625,91621.50489673608,101861.73118749994,88454.25545312534,89578.99827499971,89149.7922499998,91929.44937500027,963.3572098660622,71.74854867538463,76.1483047987425,NaN,NaN,NaN,NaN,-16.609404136731882,1318.812317051692,1335.4217211884238,71.88764465110587,79.27561993221002
1764756000,93052.77139281482,93443.5,92906.08,93139.3775,92337.21,86181.51,89259.36,NaN,NaN,NaN,NaN,NaN,92898.12196918961,93458.51924703662,92337.7246913426,94018.91652488362,91777.3274134956,92160.84200000027,94037.61234866916,90284.07165133137,92160.84200000027,93099.22717433471,91222.45682566582,90211.65444771815,91759.49331521461,101846.15935937494,88456.30288281283,89605.88791249972,89176.9115624998,92160.84200000027,932.9331234470576,72.67362209385814,75.90838461527119,NaN,NaN,NaN,NaN,-51.68145962813833,1270.819896653251,1322.5013562813892,69.94999447963632,73.44279377625261
1764759600,93096.07444640741,93106.71,92723.91,92972.31,92337.21,86181.51,89259.36,NaN,NaN,NaN,NaN,NaN,92900.86754700406,93439.67214572178,92362.06294828634,93978.4767444395,91823.25834956863,92301.00625000028,93968.91270553893,90633.09979446164,92301.00625000028,93134.9594777696,91467.05302223096,90319.9154497684,91869.74937746783,101830.10072656246,88457.96932812533,89631.5883374997,89203.09653124979,92301.00625000028,895.9712932008391,69.84855218757454,75.56142205678456,NaN,NaN,NaN,NaN,-93.67356701005929,1205.4093975188152,1299.0829645288745,69.0596300055199,70.29908971208738
1764763200,93034.1922232037,93161.21,92741.09,92982.68,92337.21,86181.51,89259.36,NaN,NaN,NaN,NaN,NaN,92905.10934254502,93425.00726895341,92385.21141613663,93944.9051953618,91865.31348972824,92412.15325000028,93945.23276900884,90879.07373099172,92412.15325000028,93178.69300950457,91645.61349049599,90424.33758899318,91970.92488860711,101814.08012304684,88459.36400000034,89655.93244999972,89228.0147187498,92412.15325000028,861.9819151150656,69.92669786782758,75.06983746554444,NaN,NaN,NaN,NaN,-126.26458546456297,1141.2522326981707,1267.5168181627337,67.76107593272123,68.92356680595917
1764766800,93008.43611160186,93306.78,92912.48,93094.5025,92337.21,86181.51,89259.36,NaN,NaN,NaN,NaN,NaN,92920.64245284373,93422.74170012597,92418.5432055615,93924.84094740821,91916.44395827925,92504.79862500027,93965.98955230472,91043.60769769583,92504.79862500027,93235.3940886525,91774.20316134805,90529.04993844443,92073.06830782465,101797.95140820308,88460.46096093784,89680.42543749971,89255.5363124998,92504.79862500027,828.5760640354183,70.80538581615042,74.75985492452318,NaN,NaN,NaN,NaN,-144.49246439778608,1086.901237665501,1231.393702063287,67.12532412277447,67.98201002033854
1764770400,93051.46930580093,93692.95,91739.46,92754.65250000001,92337.21,86181.51,89259.36,NaN,NaN,NaN,NaN,NaN,92878.71200730308,93329.5059842419,92427.91803036426,93780.29996118072,91977.12405342545,92554.21062500027,93978.5544461738,91129.86680382674,92554.21062500027,93266.38253558704,91842.0387144135,90616.32847027013,92135.03050711332,101781.6156816406,88462.22264062535,89704.05154999971,89278.2136249998,92554.21062500027,908.9270594614592,64.62524312483218,74.24236929644826,NaN,NaN,NaN,NaN,-181.25762641201686,1004.8216690482659,1186.0792954602828,62.06095169377422,65.64911724975666
1764774000,92903.06090290047,93031.12,91983.8,92442.3425,92337.21,86181.51,89259.36,NaN,NaN,NaN,NaN,NaN,92841.46591373015,93285.54084413029,92397.39098333001,93729.61577453042,91953.31605292988,92575.19062500028,93979.82790957399,91170.55334042657,92575.19062500028,93277.50926728714,91872.87198271342,90687.93686359287,92162.96796101211,101765.54644140623,88463.47459375035,89727.78638749971,89295.6459374998,92575.19062500028,918.8122694999258,59.48675031712007,73.15121742946793,NaN,NaN,NaN,NaN,-225.5436465334401,904.1497372934828,1129.6933838269229,50.43810319437367,59.874793003640804
1764777600,92672.70170145023,92777.37,91828.78,92326.2175,92337.21,86181.51,89259.36,NaN,NaN,92337.21,NaN,NaN,92811.11897473535,93259.5706713454,92362.6672781253,93708.02236795545,91914.21558151525,92621.42612500027,93925.78271857115,91317.0695314294,92621.42612500027,93273.60442178571,91969.24782821484,90752.18316305982,92177.80882819282,101749.4010097656,88464.06637500033,89753.1398749997,89309.1910312498,92621.42612500027,920.939250249931,57.65119942472536,71.73507389860956,NaN,NaN,NaN,NaN,-259.187920489981,805.7084832144465,1064.8964037044275,35.852513446691155,49.4505227782797
1764781200,92499.45960072512,93080.54,92232.94,92646.935,92337.21,86181.51,89259.36,92337.21,NaN,NaN,NaN,NaN,92800.87104895078,93236.24019891606,92365.5018989855,93671.60934888133,91930.13274902022,92688.50387500027,93844.82696347097,91532.18078652957,92688.50387500027,93266.66541923562,92110.34233076492,90826.48715666532,92220.45666199348,101732.89189062497,88466.65971093785,89781.08372499971,89324.08128124979,92688.50387500027,915.7007323749352,61.211080441657806,70.50776082744176,NaN,NaN,NaN,NaN,-255.9294561745304,744.9845834862645,1000.9140396607949,32.42964596414445,39.573420868403105
1764784800,92573.19730036256,93542.07,92411.74,92900.3,92337.21,86181.51,89259.36,NaN,NaN,NaN,NaN,NaN,92810.0482349278,93233.46883200525,92386.62763785035,93656.8894290827,91963.2070407729,92745.05350000029,93824.07100176718,91666.03599823339,92745.05350000029,93284.56225088373,92205.54474911685,90907.81315052157,92282.26060181225,101716.34998437499,88470.22062500034,89809.1848999997,89342.3880312498,92745.05350000029,931.0313943481542,63.79996121620151,69.39516550690271,NaN,NaN,NaN,NaN,-233.4268487212687,709.1304787592089,942.5573274804776,39.18914630510292,35.82376857197952
1764788400,92736.74865018128,93125.04,92565.12,92846.62749999999,92337.21,86181.51,89259.36,NaN,NaN,NaN,NaN,NaN,92811.051486214,93228.49578353681,92393.60718889118,93645.94008085963,91976.16289156837,92804.65575000028,93760.8498262355,91848.46167376506,92804.65575000028,93282.75278811788,92326.55871188268,90983.84508579524,92333.56668346567,101699.53220898435,88473.74665625034,89836.30201249971,89361.95803124979,92804.65575000028,904.5234376090002,62.843093699869115,68.0969465155102,NaN,NaN,NaN,NaN,-219.10439798550237,668.6768299985997,887.7812279841021,46.87045204294561,39.49641477073101
1764792000,92791.68807509064,93413.26,92791.68807509064,93077.39499999999,92337.21,86181.51,89259.36,NaN,NaN,NaN,NaN,NaN,92822.64918011722,93235.28499471968,92410.01336551477,93647.92080932214,91997.37755091231,92887.00225000028,93611.14355071295,92162.86094928761,92887.00225000028,93249.07290035661,92524.93159964395,91065.94508243073,92401.18743951425,101682.74538281247,88477.83846875033,89864.0878874997,89383.1975312498,92887.00225000028,884.3126152733112,65.25588705823938,66.93616385385572,NaN,NaN,NaN,NaN,-192.00823799902594,647.7709304853197,839.7791684843456,56.305850868150024,47.45514973873287
1764795600,92934.54153754532,93776.28,92871.07,93340.21750000001,92337.21,86181.51,89259.36,NaN,NaN,NaN,NaN,NaN,92840.53975006436,93256.46858668487,92424.61091344384,93672.39742330539,92008.68207682333,92955.12325000027,93572.83588377615,92337.41061622438,92955.12325000027,93263.9795668882,92646.26693311233,91155.13223606089,92486.55380864932,101666.22128124998,88482.74103906284,89894.1472999997,89402.9249687498,92955.12325000027,885.8052856109313,67.81891775105638,66.36573192302437,NaN,NaN,NaN,NaN,-155.84288917549907,644.9755570149719,800.8184461904709,65.36873651502707,56.18167980870758
1764799200,93137.37951877266,94177.34,93137.37951877266,93753.1125,92337.21,86181.51,89259.36,NaN,NaN,NaN,NaN,NaN,92873.95274879677,93313.75806899111,92434.14742860243,93753.56338918545,91994.34210840809,93014.10912500028,93696.65263377101,92331.56561622955,93014.10912500028,93355.38087938564,92672.83737061491,91257.0138150389,92601.69550786301,101650.15622460934,88490.99879687533,89928.76286249972,89428.97253124979,93014.10912500028,896.8163710121028,71.38965167243943,66.36318509620982,NaN,NaN,NaN,NaN,-105.95652201255712,668.3727936747746,774.3293156873317,76.55966494387086,66.07808410901599
1764802800,93445.24600938633,94119.85,93386.33,93696.7375,92337.21,86181.51,89259.36,NaN,NaN,NaN,NaN,NaN,92902.99355512384,93362.38620280965,92443.60090743804,93821.77885049545,91984.20825975224,93059.37325000027,93794.8673731128,92323.87912688774,93059.37325000027,93427.12031155653,92691.626188444,91352.68925366482,92701.24477987547,101634.24817968745,88501.25600000031,89963.16184999973,89455.7024374998,93059.37325000027,885.1523445112387,70.24362331558004,66.25569042765234,NaN,NaN,NaN,NaN,-79.79143092800382,674.5900270273269,754.3814579553307,80.49185661928544,74.14008602606113
1764806400,93570.99175469317,93570.99175469317,92676.44,93162.76000000001,94177.34,91012.82,92595.08,NaN,NaN,NaN,NaN,NaN,93136.73058489771,93136.73196596565,93136.72920382977,93136.73334703359,93136.72782276184,93066.07862500029,93802.77446998697,92329.3827800136,93066.07862500029,93434.42654749363,92697.73070250695,91423.67242018777,92743.2007089777,101618.10262499997,88515.20046875032,89993.81734999972,89473.7023124998,93066.07862500029,894.8055699032931,60.35972166150837,65.37612611105592,NaN,NaN,NaN,NaN,-100.16360841455298,629.1769474371395,729.3405558516924,73.75574953101354,76.93575703138995
1764810000,93366.87587734658,93759.86,92996.02,93249.185,94177.34,91012.82,92595.08,NaN,NaN,NaN,NaN,NaN,93215.47612603646,93312.50023793352,93118.4520141394,93409.52434983058,93021.42790224234,93056.16412500027,93777.23314301445,92335.09510698609,93056.16412500027,93416.69863400736,92695.62961599318,91495.26114880785,92789.19928088882,101601.91853320309,88533.70421875032,90022.52409999972,89493.0893437498,93056.16412500027,885.4508863387719,61.30865659161376,64.76613356848729,NaN,NaN,NaN,NaN,-108.8155697562579,593.3210936563701,702.136663412628,66.86550746276833,73.70437120435578
1764813600,93308.03043867329,94065.41,93118.26,93591.1225,94177.34,91012.82,92595.08,NaN,NaN,NaN,NaN,NaN,93333.46255025736,93525.6007777078,93141.32432280692,93717.73900515825,92949.18609535648,93056.89200000027,93780.08705528078,92333.69694471976,93056.89200000027,93418.48952764053,92695.29447236001,91577.45179003107,92862.10139171711,101585.99882226557,88554.65646875033,90053.03512499972,89519.40834374979,93056.89200000027,889.857965886003,64.88982510994231,64.40635694292406,NaN,NaN,NaN,NaN,-93.11375304566172,585.7444721055508,678.8582251512125,65.42142489922945,68.68089396433713
1764817200,93449.57646933664,94064.42,93393.93,93726.5375,94177.34,91012.82,92595.08,NaN,NaN,NaN,NaN,NaN,93432.77445304302,93671.47966711262,93194.06923897342,93910.18488118223,92955.36402490381,93081.90150000028,93859.36608019302,92304.43691980754,93081.90150000028,93470.63379009666,92693.1692099039,91661.72966101025,92940.6864924701,101570.57980078118,88576.99322656283,90087.0507999997,89547.0910312498,93081.90150000028,874.1888254655745,66.2231465528948,64.07905413840581,NaN,NaN,NaN,NaN,-75.93813363857339,583.9355581029959,659.8736917415692,73.13000092976962,68.47231109725581
1764820800,93588.05698466832,93594.29,93227.35,93429.83750000001,94177.34,91012.82,92595.08,NaN,NaN,NaN,NaN,NaN,93431.44297135911,93659.78618069156,93203.09976202666,93888.12939002401,92974.7565526942,93106.32837500029,93895.20264902395,92317.45410097663,93106.32837500029,93500.76551201212,92711.89123798846,91731.06722332357,92985.1547658819,101555.7463164062,88598.30800781283,90118.61096249972,89571.6924687498,93106.32837500029,847.4030165037477,60.77714660040912,63.80419010094702,NaN,NaN,NaN,NaN,-86.14262903761357,552.1954054445523,638.3380344821659,75.21136702146397,71.2542642834877
1764824400,93508.94724233416,93508.94724233416,92743.45,93105.815,94177.34,91012.82,92595.08,NaN,NaN,NaN,NaN,NaN,93380.00961589157,93618.65182142233,93141.3674103608,93857.2940269531,92902.72520483004,93111.93325000028,93899.11859831787,92324.74790168268,93111.93325000028,93505.52592415908,92718.34057584147,91784.97890084029,92996.12387807446,101541.00210937495,88617.75461718782,90148.06088749971,89594.9162812498,93111.93325000028,841.5526040630635,55.417264789833226,63.51351256328367,NaN,NaN,NaN,NaN,-114.52083508843975,495.18699062161613,609.7078257100559,68.01851174249194,72.11995989790852
1764828000,93307.38112116708,93359.8,92834.92,93075.28749999999,94177.34,91012.82,92595.08,NaN,NaN,NaN,NaN,NaN,93329.97769058072,93573.147408108,93086.80797305345,93816.31712563527,92843.63825552618,93108.72875000027,93895.96292237268,92321.49457762786,93108.72875000027,93502.34583618648,92715.11166381407,91835.57923806223,93003.32057097678,101525.66595507809,88634.81700781282,90177.22398749972,89617.7554999998,93108.72875000027,818.9331323442736,54.92580039980564,63.31884120436083,NaN,NaN,NaN,NaN,-133.81115704805507,442.44387939998705,576.2550364480421,55.28961091945587,66.17316322780393
1764831600,93191.33431058354,93444.36,92887.58,93225.8275,94177.34,91012.82,92595.08,NaN,NaN,NaN,NaN,NaN,93310.01891405266,93541.13724301847,93078.90058508686,93772.25557198428,92847.78225612105,93121.40462500029,93907.6077408008,92335.20150919977,93121.40462500029,93514.50618290054,92728.30306710003,91890.09877774607,93023.54847361526,101510.47183984371,88653.41964843782,90205.57591249971,89647.4321562498,93121.40462500029,800.2079086053969,56.9531725380694,63.01470492553309,NaN,NaN,NaN,NaN,-134.53385123058763,408.0877224098076,542.6215736403952,47.935072149344855,57.08106493709756
1764835200,93208.58090529178,99000,90990.23,93540.76749999999,94177.34,91012.82,92595.08,NaN,NaN,NaN,NaN,NaN,93310.95136161815,93544.38774856139,93077.51497467491,93777.82413550463,92844.07858773167,93149.30900000027,93953.25232050674,92345.3656794938,93149.30900000027,93551.28066025351,92747.33733974703,91954.83088450112,93070.56838510478,101496.08608789058,88674.19364062532,90235.69317499972,89707.6858437498,93149.30900000027,1315.1766294192973,60.91401116530609,62.80856563618342,NaN,NaN,NaN,NaN,-112.78257742193352,401.6433518629783,514.4259292849118,40.42427098499866,47.8829846845998
1764838800,93374.67420264588,93512.7,93319.19,93443.2225,94177.34,91012.82,92595.08,NaN,NaN,NaN,NaN,NaN,93310.98140790584,93544.39439444653,93077.56842136515,93777.80738098721,92844.15543482447,93166.74500000027,93980.2467423561,92353.24325764444,93166.74500000027,93573.4958711782,92759.99412882235,92013.19918314813,93104.44603191344,101481.82256445309,88694.12452343783,90264.0656624997,89785.2031249998,93166.74500000027,1237.0624058893463,59.10018074433769,62.54121471078832,NaN,NaN,NaN,NaN,-104.1520683371541,384.2358438634692,488.3879122006233,36.19203321164411,41.51712544866255
1764842400,93408.94835132294,93574.12,93182.61,93378.36499999999,94177.34,91012.82,92595.08,NaN,NaN,NaN,NaN,NaN,93310.98480961428,93544.39239541744,93077.57722381112,93777.7999812206,92844.16963800797,93197.93062500027,93993.47287476031,92402.38837524023,93197.93062500027,93595.70174988029,92800.15950012025,92066.73509753447,93129.34775628494,101467.53556054684,88716.73746875033,90291.73969999971,89865.0099374998,93197.93062500027,1176.6658054686782,57.866378207885454,62.01339265004874,NaN,NaN,NaN,NaN,-101.8744024197378,361.04490917595103,462.91931159568884,30.761037249925156,35.79244714885598
1764846000,93393.65667566146,93393.65667566146,92134.53,92923.16500000001,94177.34,91012.82,92595.08,NaN,NaN,NaN,NaN,NaN,93310.47530262021,93544.3005925251,93076.65001271531,93778.12588243,92842.82472281042,93221.97175000027,93951.00680759618,92492.93669240437,93221.97175000027,93586.48927879822,92857.45422120232,92100.32058390568,93110.60386934994,101452.63485156247,88739.56994531283,90319.13524999973,89944.91699999978,93221.97175000027,1182.5558676253058,49.97996497488282,60.739181737464925,NaN,NaN,NaN,NaN,-128.3765286042131,302.4486508404225,430.8251794446356,28.190832362643842,31.71463427473771
1764849600,93158.41083783074,93158.41083783074,92802.17,92995.54000000001,94177.34,91012.82,92595.08,NaN,NaN,NaN,NaN,NaN,93309.74956973855,93543.81713631064,93075.68200316645,93777.88470288273,92841.61443659436,93255.43787500027,93869.27117592127,92641.60457407926,93255.43787500027,93562.35452546077,92948.52122453976,92135.42722767408,93100.14351759086,101437.33378124998,88762.18525781283,90348.34082499972,90031.47278124977,93255.43787500027,1123.533365497123,51.120608721334534,59.29139295524315,NaN,NaN,NaN,NaN,-137.56678560846092,258.86669743405946,396.4334830425204,26.327763885022154,28.426544499197053
1764853200,93076.97541891538,93076.97541891538,91833.91,92562.27500000001,94177.34,91012.82,92595.08,NaN,NaN,NaN,NaN,NaN,93309.52992085772,93543.9498520205,93075.10998969495,93778.36978318327,92840.69005853217,93251.20487500027,93882.6789066411,92619.73084335944,93251.20487500027,93566.94189082069,92935.46785917986,92152.16635600058,93051.24637962805,101421.48088476561,88782.61182031283,90373.98989999972,90115.02328124977,93251.20487500027,1132.0713693127122,44.56846489783261,57.45745306826119,NaN,NaN,NaN,NaN,-167.379750940296,187.2087943671504,354.5885453074464,22.931536527682383,25.81671092511613
1764856800,92819.62520945769,92819.62520945769,92001.58,92368.395,94177.34,91012.82,92595.08,NaN,NaN,NaN,NaN,NaN,93309.46464228415,93544.00327427863,93074.92601028967,93778.54190627311,92840.38737829519,93224.60962500027,93950.6771371215,92498.54211287905,93224.60962500027,93587.64338106089,92861.57586893966,92160.64591066723,92989.16898148005,101405.2678300781,88803.16359375033,90397.49859999973,90192.55121874978,93224.60962500027,1109.640929323068,41.975777022851744,56.144314165500006,NaN,NaN,NaN,NaN,-192.89730165449606,113.46691823932633,306.3642198938224,20.622814387928873,23.294038266877806
1764860400,92594.01010472885,93138.62,92134.53,92585.98999999999,94177.34,91012.82,92595.08,NaN,NaN,NaN,NaN,NaN,93309.43936530047,93544.01086448353,93074.8678661174,93778.58236366659,92840.29636693434,93211.57775000027,93972.81859284772,92450.33690715283,93211.57775000027,93592.198171424,92830.95732857655,92177.32607103321,92952.51634680004,101389.24256640623,88829.40122656283,90421.13713749973,90269.98318749978,93211.57775000027,1102.1015772285627,45.787510251307545,55.035660855478135,NaN,NaN,NaN,NaN,-187.68587233923978,71.75687946977268,259.44275180901246,18.91843752483952,20.824262813483596
1764864000,92590.00005236443,93030.93,92590.00005236443,92786.96999999999,94177.34,91012.82,92595.08,NaN,NaN,NaN,NaN,NaN,93309.42443476578,93544.00860705096,93074.8402624806,93778.59277933613,92840.25609019543,93197.05650000027,93978.78631279599,92415.32668720455,93197.05650000027,93587.92140639812,92806.19159360242,92201.23367609073,92937.46667890913,101373.51728124998,88858.77489843783,90446.64831249973,90346.02774999979,93197.05650000027,1055.1614645693799,49.11266229639554,53.9087206545105,NaN,NaN,NaN,NaN,-164.11986181328834,54.292924542402034,218.41278635569037,19.853524716273554,19.79825887634732
1764867600,92688.4850261822,92929.83,92001.58,92371.7275,94177.34,91012.82,92595.08,NaN,NaN,NaN,NaN,NaN,93304.82302125433,93547.19800531483,93062.44803719383,93789.57298937533,92820.07305313332,93148.63200000026,94005.28615932375,92291.97784067677,93148.63200000026,93576.959079662,92720.30492033852,92207.9197084009,92886.03584446284,101357.24382812498,88888.44523437534,90472.89306249973,90415.67068749978,93148.63200000026,1046.0963599572813,43.21499509568543,52.265281264709834,NaN,NaN,NaN,NaN,-169.23674256332222,6.866858151537599,176.10360071485982,19.86739319605924,19.546451812390774
1764871200,92530.10626309109,92534.58,92002.64,92212.63500000001,94177.34,91012.82,92595.08,NaN,NaN,NaN,NaN,NaN,93304.80090498868,93547.221470485,93062.38033949235,93789.64203598133,92819.95977399602,93071.60812500028,93972.86523660069,92170.35101339986,93071.60812500028,93522.23668080049,92620.97956920006,92208.10462179696,92824.81758587531,101340.8820253906,88919.56299218783,90499.46827499973,90484.56174999979,93071.60812500028,1009.3709056746185,41.174893200716056,50.86512030758892,NaN,NaN,NaN,NaN,-175.3306491847807,-43.05971076611604,132.27093841866466,18.313644877859584,19.344854263397462
1764874800,92371.37063154555,92371.37063154555,91076.27,91917.47,94177.34,91012.82,92595.08,NaN,NaN,NaN,NaN,NaN,93304.56827192998,93547.69670075968,93061.43984310028,93790.82512958939,92818.31141427057,92982.64475000028,93966.94961540624,91998.33988459433,92982.64475000028,93474.79718270326,92490.4923172973,92196.70718564806,92742.33144170482,101324.21025195312,88948.89100781284,90523.96531249973,90553.34881249978,92982.64475000028,1029.780171808256,37.62590779406193,49.59430909360525,NaN,NaN,NaN,NaN,-190.00169908409373,-105.2311854364525,84.77051364764122,14.695147301358285,17.62539512509237
1764878400,92144.42031577278,92401.01,91868.82,92201.3425,94177.34,91012.82,92595.08,NaN,NaN,NaN,NaN,NaN,93304.56020814883,93547.70681152008,93061.41360477758,93790.85341489133,92818.26700140633,92934.57387500026,93971.49777408862,91897.6499759119,92934.57387500026,93453.03582454445,92416.11192545608,92196.88896268148,92693.15062882256,101307.65750195312,88979.66973437533,90550.75746249972,90635.2890624998,92934.57387500026,994.2380166790939,42.73781320151437,48.72373857944159,NaN,NaN,NaN,NaN,-171.8937827261846,-130.09671476008953,41.79706796609507,13.986075754984313,15.664955978067397
1764882000,92172.8814078864,92534.54,92134.53,92334.535,94177.34,91012.82,92595.08,NaN,NaN,NaN,NaN,NaN,93304.54738395107,93547.71795939252,93061.37680850961,93790.88853483398,92818.20623306815,92888.84137500028,93946.69704784642,91830.98570215414,92888.84137500028,93417.76921142335,92359.91353857721,92202.2868464979,92660.54920802051,101291.51970312498,89006.83417968782,90577.96878749972,90717.74096874979,92888.84137500028,951.7931583448725,45.01482516658605,47.870999481478485,NaN,NaN,NaN,NaN,-143.41415713242117,-137.4706284494314,5.943528682989772,14.49337288503088,14.391531980457827
1764885600,92253.7082039432,92534.53,92250.88,92392.70500000002,94177.34,91012.82,92595.08,NaN,NaN,NaN,NaN,NaN,93304.52772713402,93547.73253294975,93061.32292131828,93790.93733876549,92818.11811550254,92828.92050000027,93856.19217017842,91801.64882982212,92828.92050000027,93342.55633508934,92315.2846649112,92209.7542250666,92636.1997345641,101275.23825195311,89031.72144531283,90604.15841249973,90795.55231249979,92828.92050000027,904.0686470345241,46.02430946218672,46.80744935982711,NaN,NaN,NaN,NaN,-114.3875849669504,-137.04095252569823,-22.65336755874783,28.202160210189813,18.893869616735007
1764889200,92323.20660197161,92534.53,92172.2,92358.35500000001,94177.34,91012.82,92595.08,NaN,NaN,NaN,NaN,NaN,93304.50318806697,93547.752747471,93061.25362866295,93791.00230687502,92818.00406925892,92760.51137500028,93719.52700210051,91801.49574790004,92760.51137500028,93240.0191885504,92281.00356145015,92215.58170643654,92610.941122331,101258.11745898436,89058.33431250032,90630.95379999974,90885.18846874978,92760.51137500028,865.3730293892012,45.49316522716968,45.83551968002939,NaN,NaN,NaN,NaN,-92.18351597556112,-137.88276252819924,-45.699246552638115,40.271193968091005,27.65557568777057
1764892800,92340.78080098581,92340.78080098581,92267.67,92267.67,99000,90990.23,94995.11499999999,NaN,NaN,NaN,NaN,NaN,92292.04026699526,92292.04026699526,92292.04026699526,92292.04026699526,92292.04026699526,92702.40300000028,93632.5554992742,91772.25050072637,92702.40300000028,93167.47924963724,92237.32675036333,92217.6243846155,92579.73465666454,101240.08320703123,89085.09310156283,90655.12192499975,90980.02228124978,92702.40300000028,810.0381701471163,44.04791210054877,44.8484863866482,NaN,NaN,NaN,NaN,-78.80469699828254,-144.20511780049128,-65.40042080220874,51.81387525063571,40.095743142972175
1764896400,92304.2254004929,92534.54,92304.2254004929,92491.30500000001,99000,90990.23,94995.11499999999,NaN,NaN,NaN,NaN,NaN,92417.52227011105,92474.45880124507,92360.58573897702,92531.39533237909,92303.649207843,92671.67750000027,93586.97617872963,91756.3788212709,92671.67750000027,93129.32683936495,92214.02816063559,92228.35695776783,92571.69559696777,101222.05340820311,89108.66814062532,90673.36173749974,91076.10028124979,92671.67750000027,771.2404437080362,48.40128296595429,44.73572338601044,NaN,NaN,NaN,NaN,-51.41993361839566,-129.67533782520331,-78.25540420680765,56.89982729951124,49.66163217274599
1764900000,92397.76520024645,92668.25,92397.76520024645,92530.2625,99000,90990.23,94995.11499999999,NaN,NaN,NaN,NaN,NaN,92517.94382529653,92560.61908175828,92475.26856883478,92603.29433822003,92432.59331237304,92644.42625000027,93542.32411880374,91746.5283811968,92644.42625000027,93093.375184402,92195.47731559853,92240.19639079654,92567.92895178888,101204.16201367187,89134.05308593783,90685.78891249973,91168.9883749998,92644.42625000027,735.4721834255732,49.14360260438324,44.594508663371066,NaN,NaN,NaN,NaN,-28.360560354532268,-113.70610464997299,-85.34554429544072,63.29122455736217,57.334975702503044
1764903600,92464.01385012321,92464.01385012321,92134.53,92194.195,99000,90990.23,94995.11499999999,NaN,NaN,NaN,NaN,NaN,92419.64772971786,92547.67472160692,92291.62073782881,92675.70171349598,92163.59374593975,92592.84462500026,93469.49397317471,91716.1952768258,92592.84462500026,93031.16929908749,92154.51995091303,92238.39241468687,92533.9531379899,101185.87928320312,89158.28841406283,90696.59337499972,91258.60778124978,92592.84462500026,711.2050631808894,43.349852135718415,44.50746489464861,NaN,NaN,NaN,NaN,-33.089648188385226,-126.70760453092225,-93.61795634253703,64.22289349086385,61.471315115912425
1764907200,92329.10442506161,92485.13,92001.58,92271.72750000001,99000,90990.23,94995.11499999999,NaN,NaN,NaN,NaN,NaN,92335.99989145086,92459.00916849128,92212.99061441045,92582.01844553169,92089.98133737003,92529.39262500026,93299.66604440915,91759.11920559136,92529.39262500026,92914.52933470471,92144.2559152958,92239.69967293444,92510.11444362719,101167.42155859373,89183.55819531283,90708.56037499971,91344.9754062498,92529.39262500026,694.9439872393975,44.961973037210704,44.72076460995998,NaN,NaN,NaN,NaN,-28.517694731081875,-129.26507475638937,-100.74738002530749,60.891297144843115,62.80180506435638
1764910800,92300.41596253081,92300.41596253081,92001.58,92103.5525,99000,90990.23,94995.11499999999,NaN,NaN,NaN,NaN,NaN,92287.19407136594,92424.57262308087,92149.81551965102,92561.95117479579,92012.4369679361,92462.40912500027,93129.21114799511,91795.60710200542,92462.40912500027,92795.81013649769,92129.00811350284,92234.36056811348,92473.15426693381,101149.24576757812,89206.24195312531,90718.49907499972,91421.1313124998,92462.40912500027,666.6505569030696,42.159421935065424,44.46161544451411,NaN,NaN,NaN,NaN,-33.97117917626085,-143.21135399563354,-109.2401748193727,54.90923916992572,60.0078099352109
1764914400,92201.98423126541,92369.58,92035.25,92202.41500000001,99000,90990.23,94995.11499999999,NaN,NaN,NaN,NaN,NaN,92279.56502945596,92412.84341666172,92146.2866422502,92546.12180386749,92013.00825504443,92403.61162500027,92929.46399008171,91877.75925991882,92403.61162500027,92666.537807541,92140.68544245954,92233.10780073648,92448.54160630346,101131.09692773438,89229.51696875032,90727.74002499972,91492.00049999979,92403.61162500027,642.9133742671363,44.355195907106356,44.121796416707745,NaN,NaN,NaN,NaN,-28.303396616929035,-144.619420590534,-116.31602397360496,57.09237994883545,57.630972087868095
1764918000,92202.19961563271,92514.84,92202.19961563271,92514.84,99000,90990.23,94995.11499999999,NaN,NaN,NaN,NaN,NaN,92287.00725501687,92419.9526035275,92154.06190650623,92552.89795203814,92021.1165579956,92383.19537500027,92855.784652478,91910.60609752254,92383.19537500027,92619.49001373914,92146.9007362614,92244.15612227622,92454.56873300315,101113.23037500001,89253.95776562532,90737.91558749972,91567.32568749979,92383.19537500027,619.3224464171471,50.72181133549027,44.6579975766938,NaN,NaN,NaN,NaN,-2.2685648860972805,-119.15173008122656,-116.88316519512928,67.89164026723155,59.96441979533091
1764921600,92358.51980781635,92439.6,92013.61,92170.3175,99000,90990.23,94995.11499999999,NaN,NaN,NaN,NaN,NaN,92223.1219918255,92289.35990545257,92156.88407819842,92355.59781907964,92090.64616457134,92341.93425000027,92730.00758511783,91953.86091488271,92341.93425000027,92535.97091755904,92147.8975824415,92241.2604900301,92428.72771182105,101094.96582226563,89276.36190625033,90746.63034999972,91639.27196874979,92341.93425000027,610.8872716730649,44.654383835951194,44.90653262206774,NaN,NaN,NaN,NaN,-6.752534392339513,-125.32383318555367,-118.57129879321415,73.28060041581524,66.08820687729408
1764925200,92264.41865390819,92264.41865390819,91084.85,91582.80249999999,99000,90990.23,94995.11499999999,NaN,NaN,NaN,NaN,NaN,92119.36688442627,92349.41178372019,91889.32198513235,92579.45668301411,91659.27708583843,92292.96062500027,92789.50210684395,91796.41914315659,92292.96062500027,92541.23136592211,92044.68988407843,92215.43860806813,92351.82541983732,101076.06894531251,89297.19627343785,90750.33462499974,91700.4876562498,92292.96062500027,651.5073704041445,36.61147539830073,44.83407316522765,NaN,NaN,NaN,NaN,-45.62186345904385,-175.59862811701896,-129.9767646579751,63.511439942258725,68.22789354176851
1764928800,91923.61057695409,91923.61057695409,91191.56,91337.27500000001,99000,90990.23,94995.11499999999,NaN,NaN,NaN,NaN,NaN,91971.7125515754,92307.28723986246,91636.13786328834,92642.86192814952,91300.56317500128,92241.40462500027,92887.50855814652,91595.30069185402,92241.40462500027,92564.4565915734,91918.35265842715,92181.00081951644,92259.59356348847,101056.96810742188,89317.67407812535,90750.24901249973,91760.4490312498,92241.40462500027,657.2604565862836,33.866226662534885,44.200388412443395,NaN,NaN,NaN,NaN,-82.07685052493741,-232.57282781414688,-150.49597728920946,38.7042359195334,58.49875875920245
1764932400,91630.44278847706,91630.44278847706,91239.86,91449.9675,99000,90990.23,94995.11499999999,NaN,NaN,NaN,NaN,NaN,91946.70932048668,92293.09235362835,91600.32628734501,92639.47538677002,91253.94325420335,92184.60350000027,92895.99056036341,91473.21643963714,92184.60350000027,92540.29703018184,91828.9099698187,92152.33284620207,92185.99119408043,101038.32451171875,89339.58531250033,90750.95279999974,91819.59521874979,92184.60350000027,638.2120517213388,36.22976180315099,43.57288388648376,NaN,NaN,NaN,NaN,-92.05971085972368,-265.5706158638641,-173.5109050041404,23.483116500357568,41.899597454049896
1764936000,91540.20514423853,91554.62,91144.75,91375.23,99000,90990.23,94995.11499999999,NaN,NaN,NaN,NaN,NaN,91940.05926995385,92290.05188835507,91590.06665155264,92640.04450675628,91240.07403315142,92114.01650000027,92851.97955043965,91376.0534495609,92114.01650000027,92482.99802521996,91745.03497478059,92121.85822478238,92112.28563098221,101019.91731835938,89361.82732812534,90751.75729999975,91873.77293749979,92114.01650000027,621.9019051698142,35.32801171559298,42.80886261886992,NaN,NaN,NaN,NaN,-96.67855900165938,-294.3591037562146,-197.68054475455523,19.113353121973592,27.100235180621514
1764939600,91457.71757211926,91457.71757211926,90551.71,90878.1325,99000,90990.23,94995.11499999999,NaN,90990.23,NaN,NaN,NaN,91900.05881345437,92293.73936956128,91506.37825734745,92687.4199256682,91112.69770124053,92039.33675000026,92941.82224238495,91136.85125761558,92039.33675000026,92490.57949619261,91588.09400380791,92073.08466694778,92000.08989180201,101001.18522265626,89382.79355468784,90750.19526249974,91922.27703124979,92039.33675000026,642.1951670947743,29.98263614230072,41.700967684236424,NaN,NaN,NaN,NaN,-124.42689906542114,-353.21416858633165,-228.7872695209105,18.940185793082307,20.512218471804477
1764943200,91167.92503605963,91167.92503605963,90061.15,90353.815,99000,90990.23,94995.11499999999,NaN,NaN,NaN,NaN,NaN,91564.87143678236,92246.63597085343,90883.10690271128,92928.4005049245,90201.34236864021,91946.39575000027,93104.8940034702,90787.89749653035,91946.39575000027,92525.64487673523,91367.14662326532,92005.66232706748,91850.42853800183,100981.87225781252,89401.29524218783,90746.06219999972,91963.51212499979,91946.39575000027,675.3794434494076,25.58532302646914,40.38221132180217,NaN,NaN,NaN,NaN,-166.67126547213212,-437.12635136107565,-270.45508588894353,14.995722345866975,17.68308708697428
1764946800,90760.87001802982,91436.96,90328.68,90623.78,99000,90990.23,94995.11499999999,NaN,NaN,NaN,NaN,NaN,91069.88331980325,91618.26274327688,90521.50389632962,92166.6421667505,89973.124472856,91881.71125000025,93175.9589116823,90587.4635883182,91881.71125000025,92528.83508084128,91234.58741915923,91951.47086326091,91738.91503454711,100962.46620703128,89420.25788281285,90742.32188749973,92008.04946874978,91881.71125000025,706.3009117744508,31.181847166683667,39.15225162185426,NaN,NaN,NaN,NaN,-164.71780977397998,-476.3523481064185,-311.6345383324385,16.076277750384097,16.670728629777784
1764950400,90692.32500901491,90692.32500901491,88228.33,89595.01999999999,99000,90990.23,94995.11499999999,NaN,NaN,NaN,NaN,NaN,90748.60622644312,91547.63184966234,89949.5806032239,92346.65747288156,89150.55498000469,91751.39512500024,93373.89516734515,90128.89508265533,91751.39512500024,92562.6451461727,90940.14510382779,91859.06102548598,91544.01548595192,100942.24774218754,89436.84246875034,90732.97104999973,92043.60290624978,91751.39512500024,831.8504901487692,23.827688643097048,37.34397205319096,NaN,NaN,NaN,NaN,-217.67058904435123,-583.7227746378776,-366.05218559352636,21.56329617565002,17.545098757300355
1764954000,90143.67250450744,90143.67250450744,88749.06,88968.3975,99000,90990.23,94995.11499999999,NaN,NaN,NaN,NaN,NaN,90454.25232255679,91378.06744732182,89530.43719779175,92301.88257208686,88606.62207302671,91583.08825000026,93583.13882538486,89583.03767461567,91583.08825000026,92583.11353769255,90583.06296230797,91745.70167154535,91309.86839631993,100921.70798046878,89452.14267968785,90719.46088749974,92071.98365624978,91583.08825000026,872.0477768886745,20.635282321400396,35.72150278073968,NaN,NaN,NaN,NaN,-276.1020694066504,-711.1797723518393,-435.07770294518895,23.576411090227065,20.405328338753716
1764957600,89556.03500225372,89735.26,89170.83,89370.54250000001,99000,90990.23,94995.11499999999,NaN,NaN,NaN,NaN,NaN,90451.11394934834,91375.26185734004,89526.96604135663,92299.40976533174,88602.81813336493,91431.98012500026,93612.99904402035,89250.96120598017,91431.98012500026,92522.48958451032,90341.47066549021,91652.558174622,91133.56604210903,100901.60172070314,89469.28654687534,90708.18948749972,92100.03796874978,91431.98012500026,864.5345428251969,27.36140880607084,34.464319621372546,NaN,NaN,NaN,NaN,-268.6215877918267,-770.8546876849723,-502.2330998931456,25.265075784262766,23.468261016713274
1764961200,89463.28875112686,89511.64,89000,89255.82,99000,90990.23,94995.11499999999,NaN,NaN,NaN,NaN,NaN,90450.80680629035,91375.03455473289,89526.5790578478,92299.26230317543,88602.35130940526,91276.85337500027,93608.39509390209,88945.31165609845,91276.85337500027,92442.62423445118,90111.08251554935,91558.56844228388,90962.86185646275,100881.84775781252,89485.77685156284,90696.81052499972,92124.03765624978,91276.85337500027,839.3277897662543,26.667082419798106,33.357723941710596,NaN,NaN,NaN,NaN,-252.59393796195297,-817.9755223455868,-565.3815843836338,22.627343301038394,23.82294339184273
1764964800,89359.55437556343,89476.08,89359.55437556343,89415.075,99000,90990.23,94995.11499999999,NaN,NaN,NaN,NaN,NaN,90450.50656843983,91374.7680062946,89526.24513058506,92299.02944414938,88601.98369273028,91134.22362500026,93553.23458638422,88715.2126636163,91134.22362500026,92343.72910569224,89924.71814430828,91474.50987591982,90822.15396042069,100862.2517246094,89502.69721875034,90687.83104999973,92149.53743749978,91134.22362500026,795.1086619258073,29.34737779652464,32.2857369338119,NaN,NaN,NaN,NaN,-213.98896790184142,-832.8677942609356,-618.8788263590942,26.100856718713782,24.664425268004972
1764968400,89387.3146877817,89527.92,89240.09,89387.38749999998,99000,90990.23,94995.11499999999,NaN,NaN,NaN,NaN,NaN,90427.09175374884,91354.38974293726,89499.79376456043,92281.68773212568,88572.49577537201,90979.02775000027,93427.95084202847,88530.10465797207,90979.02775000027,92203.48929601436,89754.56620398618,91392.66193960923,90691.72064583699,100842.19742773441,89519.61100781285,90680.78182499974,92173.02196874979,90979.02775000027,758.8744717882498,29.147912885899657,30.744744187412568,NaN,NaN,NaN,NaN,-174.69921671389886,-837.2528472514678,-662.5536305375689,26.39288232481641,25.04036078152285
1764972000,89387.35109389084,89782.97,89387.35109389084,89589.6,99000,90990.23,94995.11499999999,NaN,NaN,NaN,NaN,NaN,90424.13683099268,91351.13902154811,89497.13464043725,92278.14121210354,88570.13244988181,90831.99462500025,93243.54711164997,88420.44213835054,90831.99462500025,92037.77086832511,89626.2183816754,91321.953628252,90591.5278598518,100822.46624414067,89536.00079687535,90674.66673749973,92186.49790624977,90831.99462500025,732.9276456683147,32.743268873060856,29.89395026149183,NaN,NaN,NaN,NaN,-121.97003589736062,-815.0161754092696,-693.046139511909,29.64526206011607,27.379667034548746
1764975600,89488.47554694542,89610.5,89124.7,89324.065,99000,90990.23,94995.11499999999,NaN,NaN,NaN,NaN,NaN,90419.08931304674,91346.80907209382,89491.36955399967,92274.5288311409,88563.6497949526,90688.48812500027,93100.30513964819,88276.67111035234,90688.48812500027,91894.39663232423,89482.5796176763,91243.60505459506,90476.30396350165,100802.84274218757,89551.38083593785,90666.93254999974,92175.93590624977,90688.48812500027,715.275670977721,30.550909000316068,29.461052661635783,NaN,NaN,NaN,NaN,-93.15399006663074,-809.4886270951974,-716.3346370285667,30.30083044410428,28.779658276345575
1764979200,89406.2702734727,89406.2702734727,89253.49,89253.49,92668.25,88228.33,90448.29000000001,NaN,NaN,NaN,NaN,NaN,89304.41675782423,89304.41773438673,89304.41578126173,89304.41871094923,89304.41480469923,90537.57625000026,92911.66097387321,88163.49152612731,90537.57625000026,91724.61861193673,89350.53388806379,91165.56132696389,90365.13905772877,100782.90479492195,89566.01917968785,90656.99994999974,92157.10778124977,90537.57625000026,675.097428298791,29.976417852723955,29.183209175220718,NaN,NaN,NaN,NaN,-68.18261018492524,-801.5628997597232,-733.380289574798,31.170925565463886,30.3723393565614
1764990000,89329.88013673635,89741.06,89329.88013673635,89626.35,92668.25,88228.33,90448.29000000001,NaN,NaN,NaN,NaN,NaN,89525.99324092048,89619.86617263588,89432.12030920507,89713.73910435129,89338.24737748966,90413.71612500027,92705.1181601062,88122.31408989434,90413.71612500027,91559.41714255323,89268.01510744731,91105.20009845549,90297.97641611706,100763.15856640632,89581.73875000035,90647.60247499975,92136.91721874979,90413.71612500027,661.7026119917339,36.7440983397673,29.219947499264737,NaN,NaN,NaN,NaN,-18.47564571763769,-756.4748467218451,-737.9992010042074,33.93824315064276,31.803333053403634
1764993600,89478.11506836818,89700.6,89478.11506836818,89699.1225,92668.25,88228.33,90448.29000000001,NaN,NaN,NaN,NaN,NaN,89616.18402958493,89657.91003137137,89574.45802779848,89699.63603315782,89532.73202601203,90288.55150000026,92444.96023439549,88132.14276560504,90288.55150000026,91366.75586719788,89210.34713280265,91050.05980047684,90243.53515101552,100743.21226757819,89597.77425000037,90637.85477499972,92111.07609374977,90288.55150000026,630.329920537455,38.00351312079576,29.41105474249351,NaN,NaN,NaN,NaN,25.020609288688547,-706.7234393933468,-731.7440486820353,39.23548495434876,34.78155122348513
1765000800,89588.61878418409,89759.12,89588.61878418409,89706.315,92668.25,88228.33,90448.29000000001,NaN,NaN,NaN,NaN,NaN,89682.16103069343,89697.34779768872,89666.97426369814,89712.53456468401,89651.78749670285,90148.12525000026,92058.03317300715,88238.21732699337,90148.12525000026,91103.0792115037,89193.17128849681,90997.36392594833,90194.69695546865,100722.95917968756,89613.71078125035,90627.93708749974,92082.12074999977,90148.12525000026,597.4850130573444,38.134616144001775,29.9933390283293,NaN,NaN,NaN,NaN,58.10177694186075,-659.1168275047094,-717.2186044465701,44.54540690051923,39.23971166850358
1765004400,89647.46689209205,89770.51,89647.46689209205,89724.205,92668.25,88228.33,90448.29000000001,NaN,NaN,NaN,NaN,NaN,89701.27378680176,89719.6270488274,89682.92052477611,89737.98031085305,89664.56726275047,90025.81962500027,91700.93245320527,88350.70679679526,90025.81962500027,90863.37603910276,89188.26321089777,90947.43612493075,90151.92495951695,100702.54114453131,89630.00714062536,90618.95491249973,92061.15446874977,90025.81962500027,563.5963055466729,38.483078104991236,30.914607248223735,NaN,NaN,NaN,NaN,83.47106389968496,-612.8797745719639,-696.3508384716489,46.075725672256794,43.28553917570826
1765008000,89685.83594604602,89685.83594604602,89382.47,89517.245,92668.25,88228.33,90448.29000000001,NaN,NaN,NaN,NaN,NaN,89700.6800280601,89721.60627536877,89679.75378075143,89742.53252267744,89658.82753344276,89922.54175000025,91449.0502513187,88396.03324868181,89922.54175000025,90685.79600065947,89159.28749934104,90891.35019846288,90094.22678137905,100681.97101562507,89645.96314843788,90609.31541249974,92038.80278124977,89922.54175000025,547.7490694361962,35.959688314150355,31.25588161589992,NaN,NaN,NaN,NaN,88.1371443500459,-586.1794080340915,-674.3165523841374,48.33104601525966,46.31739286267855
1765011600,89601.54047302301,89601.54047302301,89511.64,89511.64,92668.25,88228.33,90448.29000000001,NaN,NaN,NaN,NaN,NaN,89700.64524384086,89721.70098175347,89679.58950592825,89742.75671966608,89658.53376801564,89831.26000000026,91220.63856214935,88441.88143785116,89831.26000000026,90525.9492810748,89136.57071892571,90837.24391617022,90041.26434670822,100661.44878710943,89660.77500000037,90599.93807499975,92010.58193749978,89831.26000000026,515.0455982638257,35.89104874122039,32.117550194337305,NaN,NaN,NaN,NaN,92.23137571947245,-559.0273327347968,-651.2587084542693,51.20358474299181,48.53678547683608
1765015200,89556.5902365115,89556.5902365115,89540.75,89540.75,92668.25,88228.33,90448.29000000001,NaN,NaN,NaN,NaN,NaN,89700.17335700903,89722.8610010423,89677.48571297576,89745.54864507557,89654.79806894249,89735.79912500027,90913.40605952604,88558.1921904745,89735.79912500027,90324.60259226315,89146.99565773738,90786.40101749687,89995.76304246201,100641.19914843756,89675.19085156287,90590.66156249974,91984.15903124977,89735.79912500027,481.4673581386599,36.56824824470939,33.25561918885937,NaN,NaN,NaN,NaN,97.75777302741267,-529.0614921700035,-626.8192651974161,58.68477952822105,52.73980342882417
1765018800,89548.67011825574,89735.61,89548.67011825574,89692.755,92668.25,88228.33,90448.29000000001,NaN,NaN,NaN,NaN,NaN,89700.1016958621,89722.83443923524,89677.36895248896,89745.56718260839,89654.63620911582,89651.67537500025,90557.91745720318,88745.43329279733,89651.67537500025,90104.79641610172,89198.55433389879,90743.51293837935,89968.21685678365,100621.2379726563,89690.03019531288,90582.71877499975,91962.43765624976,89651.67537500025,460.9954039858985,40.12492487676223,34.16729890819447,NaN,NaN,NaN,NaN,111.51218337691921,-487.4290359762672,-598.9412193531864,70.74073926208449,60.20970117776577
1765022400,89620.71255912787,89719.01,89616.51,89649.2325,92668.25,88228.33,90448.29000000001,NaN,NaN,NaN,NaN,NaN,89700.05505143924,89722.81348415106,89677.29661872741,89745.57191686289,89654.53818601559,89590.23037500026,90301.099235679,88879.36151432153,89590.23037500026,89945.66480533962,89234.7959446609,90700.59998001154,89939.21827889423,100601.62983789065,89702.96050000036,90575.80596249975,91933.33059374976,89590.23037500026,435.3885894154772,39.44298190116141,35.079863156863276,NaN,NaN,NaN,NaN,116.97045689454262,-452.7281482350081,-569.6986051295507,79.07509484003465,69.50020454344673
1765026000,89634.97252956394,89674.91,89634.97252956394,89674.91,92668.25,88228.33,90448.29000000001,NaN,NaN,NaN,NaN,NaN,89699.93956690162,89722.76102236653,89677.11811143672,89745.58247783143,89654.29665597182,89556.28512500026,90177.20963649101,88935.3606135095,89556.28512500026,89866.74738074564,89245.82286925487,90660.37684354049,89915.1902535402,100582.52460937503,89714.43403906288,90569.46662499975,91897.09953124977,89556.28512500026,407.1420809169479,40.089912022587285,35.847187030153464,NaN,NaN,NaN,NaN,121.09232385589053,-418.3332003096875,-539.425524165578,83.91519308576194,77.91034239596036
1765029600,89654.94126478197,90160.27,89654.94126478197,89965.4,92668.25,88228.33,90448.29000000001,NaN,NaN,NaN,NaN,NaN,89700.28328461916,89724.73552361834,89675.83104561998,89749.18776261751,89651.3788066208,89523.36612500026,89955.54495520255,89091.18729479797,89523.36612500026,89739.45554010141,89307.27670989912,90633.12284967616,89919.75477594564,100563.98956640626,89726.38095312538,90563.45706249974,91861.77384374978,89523.36612500026,414.1554133670255,46.98942643338209,37.12158085497364,NaN,NaN,NaN,NaN,140.78420320026396,-363.4452701652481,-504.22947336551204,81.48335870290535,81.49121554290063
1765033200,89810.17063239097,89953.67,89640.99,89797.33,92668.25,88228.33,90448.29000000001,NaN,NaN,NaN,NaN,NaN,89701.87368229596,89729.07528041012,89674.6720841818,89756.27687852428,89647.47048606764,89533.48162500026,89981.0904199539,89085.87283004662,89533.48162500026,89757.28602247708,89309.67722752344,90600.34665949279,89908.62525085967,100545.54623046877,89736.62925781288,90555.77601249974,91821.38231249977,89533.48162500026,407.74502669795146,43.84337212538244,37.91444537299661,NaN,NaN,NaN,NaN,139.61768021350537,-329.70737309863034,-469.3250533121357,76.57307411714129,80.65720863526951
1765036800,89803.75031619548,89955.93,89480.39,89718.16,92668.25,88228.33,90448.29000000001,NaN,NaN,NaN,NaN,NaN,89702.91735617536,89729.53349134898,89676.30122100173,89756.1496265226,89649.68508582811,89570.96975000027,89942.03497609873,89199.9045239018,89570.96975000027,89756.5023630495,89385.43713695103,90565.75110421857,89891.31022805424,100527.33735351564,89746.85153125037,90546.68881249973,91774.76587499978,89570.96975000027,412.58752479095443,42.40318258167183,38.76103634309345,NaN,NaN,NaN,NaN,130.79383918097324,-305.83275433591916,-436.6265935168924,65.79298031857755,74.61647104620805
1765040400,89760.95515809774,89782.37,89672.41,89744.92249999999,92668.25,88228.33,90448.29000000001,NaN,NaN,NaN,NaN,NaN,89703.23913994053,89729.89530960369,89676.58297027738,89756.55147926684,89649.92680061422,89589.68875000026,89956.16588914926,89223.21161085127,89589.68875000026,89772.92731957475,89406.45018042577,90533.56174719038,89878.00225277658,100509.74210937502,89757.81080468788,90538.31709999975,91726.87034374978,89589.68875000026,390.9712730201714,43.08379885396864,39.697277843182356,NaN,NaN,NaN,NaN,124.09535892789734,-281.5073948570207,-405.60275378491804,55.392741277214945,65.91959857097793
1765044000,89752.93882904886,89780.79,89700.23,89740.51,92668.25,88228.33,90448.29000000001,NaN,NaN,NaN,NaN,NaN,89703.41667492919,89730.13281465643,89676.70053520195,89756.84895438368,89649.9843954747,89613.92325000027,89951.8758960818,89275.97060391874,89613.92325000027,89782.89957304102,89444.94692695951,90502.4616786731,89865.50295706962,100492.4126386719,89770.02821875038,90531.18653749974,91683.29737499976,89613.92325000027,368.7990392330161,42.99358977033415,40.14367008822284,NaN,NaN,NaN,NaN,116.80780494545132,-259.59299760310387,-376.4008025485552,49.085996041703545,56.75723921249867
1765047600,89746.72441452442,89763.37,89573.69,89668.53,92668.25,88228.33,90448.29000000001,NaN,NaN,NaN,NaN,NaN,89703.29491153036,89730.04363182925,89676.54619123148,89756.79235212813,89649.7974709326,89626.59600000027,89952.56816253868,89300.62383746186,89626.59600000027,89789.58208126947,89463.60991873106,90469.75847558789,89847.59632460875,100475.0460996094,89781.23003125036,90523.08644999974,91642.38774999978,89626.59600000027,356.00482214494303,41.468259474667974,40.391151970642284,NaN,NaN,NaN,NaN,104.95482796830089,-245.2072675881791,-350.16209555648,44.26403934261106,49.58092555384318
1765051200,89707.62720726221,89707.62720726221,89575.95,89575.95,92668.25,88228.33,90448.29000000001,NaN,NaN,NaN,NaN,NaN,89703.16462604082,89730.09477065431,89676.23448142732,89757.0249152678,89649.30433681383,89636.02412500027,89944.19802842304,89327.85022157751,89636.02412500027,89790.11107671166,89481.93717328888,90434.70716281974,89822.90120418977,100457.76643164066,89791.01275000037,90512.61023749974,91599.66565624977,89636.02412500027,339.9814210818908,39.52588991982415,40.49052866891531,NaN,NaN,NaN,NaN,89.30782778650212,-238.5273108233523,-327.8351386098544,35.89526013542402,43.081765173246204
1765054800,89641.78860363111,89770.5,89495.2,89588.9275,92668.25,88228.33,90448.29000000001,NaN,NaN,NaN,NaN,NaN,89702.850788969,89730.22079552774,89675.48078241025,89757.59080208649,89648.1107758515,89635.99050000028,89944.18480359983,89327.79619640073,89635.99050000028,89790.08765180004,89481.89334820051,90401.53933290525,89801.63086744524,100441.02832421879,89800.87239062539,90501.89878749974,91555.28503124978,89635.99050000028,335.3613195760417,39.95049387886328,40.595344081334744,NaN,NaN,NaN,NaN,78.63593141124846,-229.54022434579383,-308.1761557570423,29.399052884203098,36.51945078741273
1765058400,89615.35805181556,89615.35805181556,89382.48,89382.48,92668.25,88228.33,90448.29000000001,NaN,NaN,NaN,NaN,NaN,89702.12479314103,89732.49881883917,89671.75076744289,89762.87284453731,89641.37674174475,89638.91125000027,89936.13779132366,89341.68470867687,89638.91125000027,89787.52452066196,89490.29797933857,90361.57622181092,89763.52624313204,100423.95735156252,89810.44477343789,90490.54247499975,91510.41215624977,89638.91125000027,328.0410861645793,35.660953342805115,40.57400586909579,NaN,NaN,NaN,NaN,57.459354083332926,-236.35196315287612,-293.81131723620905,17.139688866032333,27.478000628553147
1765062000,89498.91902590779,89498.91902590779,89253.49,89317.98,92668.25,88228.33,90448.29000000001,NaN,NaN,NaN,NaN,NaN,89701.41858047315,89735.53706970088,89667.30009124543,89769.6555589286,89633.1816020177,89642.13575000028,89923.5455805214,89360.72591947915,89642.13575000028,89782.84066526084,89501.43083473972,90320.65087977912,89723.02203921095,100406.81162500002,89818.71805468788,90479.35718749974,91464.60340624978,89642.13575000028,322.14022471766526,34.417573998272445,40.46875767317094,NaN,NaN,NaN,NaN,39.73655376390303,-244.14062503133027,-283.8771787952333,11.218585323458333,19.252442357897923
1765065600,89408.4495129539,89408.4495129539,89244.11,89293.33,90160.27,89253.49,89706.88,NaN,NaN,NaN,NaN,NaN,89315.29650431797,89315.29650431797,89315.29650431797,89315.29650431797,89315.29650431797,89625.48475000027,89945.4311858027,89305.53831419782,89625.48475000027,89785.45796790149,89465.51153209904,90280.36378645444,89683.9591265554,100389.90329101564,89826.26832812538,90465.71283749974,91417.08874999978,89625.48475000027,310.8687453059676,33.9306681363679,40.28035909400369,NaN,NaN,NaN,NaN,27.560138700126515,-249.42700542007515,-276.98714412020166,4.161467560154562,10.83991391654841
1765069200,89350.88975647694,89542.57,89350.88975647694,89477.2975,90160.27,89253.49,89706.88,NaN,NaN,NaN,NaN,NaN,89388.02161356967,89458.80703701849,89317.23619012085,89529.5924604673,89246.45076667203,89614.39350000027,89938.70977625363,89290.0772237469,89614.39350000027,89776.55163812696,89452.23536187358,90248.8709909072,89665.17170595945,100372.65004296877,89834.04942968788,90450.87413749972,91376.12181249978,89614.39350000027,306.46669206982745,40.67601003372937,40.319722319501345,NaN,NaN,NaN,NaN,32.74906461201931,-236.05081335517752,-268.79987796719684,12.645702482729916,9.341918455447605
1765072800,89414.09362823848,89418.12,89414.09362823848,89418.12,90160.27,89253.49,89706.88,NaN,NaN,NaN,NaN,NaN,89399.66288874121,89456.06684477022,89343.2589327122,89512.47080079923,89286.85497668319,89599.98375000028,89932.19637526023,89267.77112474032,89599.98375000028,89766.09006263025,89433.8774373703,90216.29252067555,89642.71245996314,100354.82038671875,89841.60345312537,90435.9368874997,91338.31903124978,89599.98375000028,289.09077633351984,39.286543583911524,40.308548153983494,NaN,NaN,NaN,NaN,32.958650142646206,-227.6015652888891,-260.5602154315353,16.60617868785635,11.137782910246942
1765080000,89416.10681411924,89592.1,89416.10681411924,89592.1,90160.27,89253.49,89706.88,NaN,NaN,NaN,NaN,NaN,89429.48305667512,89504.12955838059,89354.83655496965,89578.77606008606,89280.19005326417,89593.37850000027,89920.66577135764,89266.0912286429,89593.37850000027,89757.02213567896,89429.73486432158,90191.81438260984,89638.11132723921,100336.68639257815,89849.18983593788,90425.35566249973,91304.14256249976,89593.37850000027,281.01237701546614,45.212009280091586,40.674412243805236,NaN,NaN,NaN,NaN,44.840742289351056,-204.5092875698465,-249.35002985919755,27.476550675282237,18.909477281956168
1765083600,89504.10340705962,89530.69,89504.10340705962,89526.05,90160.27,89253.49,89706.88,NaN,NaN,NaN,NaN,NaN,89466.67341376097,89539.3610412367,89393.98578628525,89612.04866871242,89321.29815880953,89593.81875000027,89920.71865231157,89266.91884768897,89593.81875000027,89757.26870115592,89430.36879884462,90165.70597544867,89627.92393385383,100318.66838476564,89857.42476562537,90418.7500874997,91265.13149999977,89593.81875000027,267.22553529581745,43.47717872116298,40.42353740721815,NaN,NaN,NaN,NaN,47.995701576245835,-189.35540288889024,-237.35110446513607,32.19509173539938,25.425940366179322
1765087200,89515.0767035298,90070.51,89515.0767035298,89907.56,90160.27,89253.49,89706.88,NaN,NaN,NaN,NaN,NaN,89769.51228479337,89909.2547917218,89629.76977786493,90048.99729865024,89490.0272709365,89613.61475000027,89965.22826604158,89262.00123395896,89613.61475000027,89789.42150802093,89437.80799197961,90155.58260386245,89653.34539441258,100300.58634375002,89866.33050781288,90414.21049999972,91227.72224999979,89613.61475000027,287.8118039511298,54.368605659796735,41.17533980253346,NaN,NaN,NaN,NaN,73.96811658594319,-144.89095873270708,-218.85907531865027,52.624604576685556,37.43208232912239
1765090800,89711.3183517649,89711.3183517649,89382.47,89511.73000000001,90160.27,89253.49,89706.88,NaN,NaN,NaN,NaN,NaN,89768.83275848597,89908.94028892498,89628.72522804695,90049.04781936399,89488.61769760794,89612.16375000027,89965.20466711377,89259.12283288677,89612.16375000027,89788.68420855702,89435.64329144351,90130.33348214235,89640.4712676478,100282.32879687502,89872.98291406287,90406.39578749971,91186.03603124978,89612.16375000027,304.76024652604883,44.73669744226691,41.3420194354331,NaN,NaN,NaN,NaN,63.1039427909937,-139.97914682990813,-203.08308962090183,50.75803574390634,45.192577351997095
1765098000,89611.52417588246,89611.52417588246,89154.44,89224.235,90160.27,89253.49,89706.88,NaN,89253.49,NaN,NaN,NaN,89766.30280414851,89909.90151510193,89622.70409319509,90053.50022605534,89479.10538224167,89588.73775000029,89977.635593056,89199.83990694459,89588.73775000029,89783.18667152814,89394.28882847245,90094.80020833285,89602.63160695253,100263.86031445314,89878.01441406287,90396.83589999971,91137.87153124978,89588.73775000029,315.6405271943635,39.2919912197196,41.07117603298674,NaN,NaN,NaN,NaN,36.4906866785787,-157.46973127267847,-193.96041795125717,40.09491284449346,47.825851055028444
1765101600,89417.87958794122,89417.87958794122,89414.31,89414.31,90160.27,89253.49,89706.88,NaN,NaN,89253.49,NaN,NaN,89765.58187742942,89909.9099633582,89621.25379150064,90054.23804928697,89476.92570557186,89576.99162500029,89972.01406939428,89181.96918060629,89576.99162500029,89774.50284719729,89379.48040280328,90068.11431780999,89585.51146086594,100245.35630664064,89882.98503906287,90388.47253749972,91088.79768749978,89576.99162500029,306.9265315334247,44.1330964082579,41.152569364267016,NaN,NaN,NaN,NaN,31.79555379489034,-154.21597570764425,-186.0115295025346,22.790237408883787,37.88106199909453
1765105200,89416.09479397061,89416.09479397061,89316.9,89316.9,90160.27,89253.49,89706.88,NaN,NaN,NaN,NaN,NaN,89763.62663305216,89910.39655450558,89616.85671159874,90057.166475959,89470.08679014532,89559.0911250003,89966.97952764119,89151.2027223594,89559.0911250003,89763.03532632075,89355.14692367984,90038.65493279783,89561.09223715085,100226.63673242189,89886.97078125036,90380.01552499972,91033.34503124977,89559.0911250003,292.08855027893827,42.27263330783817,41.21002463806489,NaN,NaN,NaN,NaN,22.665312969163097,-157.67988829108072,-180.3452012602438,17.907110446435667,26.930753566604306
1765108800,89366.4973969853,89665.94,89252.01,89431.16750000001,90160.27,89253.49,89706.88,NaN,NaN,NaN,NaN,NaN,89617.86172133875,89807.7305533176,89427.9928893599,89997.59938529645,89238.12405738105,89532.3795000003,89898.13134996474,89166.62765003587,89532.3795000003,89715.25542498252,89349.50357501808,90014.83189621753,89549.28089740986,100207.99980273438,89893.10277343787,90371.7727124997,90980.02540624978,89532.3795000003,300.7915109733003,45.191462884204924,41.61470842123493,NaN,NaN,NaN,NaN,24.690959418571595,-149.48150198702933,-174.17246140560093,25.43682979102765,22.044725882115703
1765112400,89398.83244849266,89398.83244849266,88739.43,89161.54000000001,90160.27,89253.49,89706.88,NaN,89253.49,NaN,NaN,NaN,89543.29608423724,89796.11938726115,89290.47278121334,90048.94269028505,89037.64947818943,89500.59000000029,89879.00347753915,89122.17652246142,89500.59000000029,89689.79673876973,89311.38326123085,89981.36946891488,89514.03172491805,100189.32786523437,89900.78900781287,90362.83504999973,90930.01015624977,89500.59000000029,328.71622447520866,40.04612780212222,41.621539415753425,NaN,NaN,NaN,NaN,9.047154410207298,-162.8635183928418,-171.9106728030491,26.551470968547843,23.29847040200372
1765116000,89280.18622424634,89280.18622424634,87973.88,88570.97,90160.27,89253.49,89706.88,NaN,NaN,NaN,NaN,NaN,89314.07596448326,89772.35122033702,88855.8007086295,90230.62647619078,88397.52545277574,89443.23050000028,89984.90165385994,88901.55934614062,89443.23050000028,89714.0660769301,89172.39492307046,89926.05968582018,89428.2988408346,100170.32761914063,89906.20858593787,90350.72441249972,90871.53246874976,89443.23050000028,398.54408160171766,31.568057678854757,41.32918972547126,NaN,NaN,NaN,NaN,-37.353867213774464,-218.60300682026718,-181.24913960649272,30.132839582289552,27.37371344728835
1765119600,88925.57811212317,89511.64,88483.51,88997.575,90160.27,89253.49,89706.88,NaN,NaN,NaN,NaN,NaN,89083.13954071593,89359.79249913958,88806.48658229227,89636.44545756324,88529.83362386862,89405.86312500028,89962.04700505642,88849.67924494414,89405.86312500028,89683.95506502835,89127.77118497221,89889.64852167036,89389.14212803145,100151.51950195312,89911.11499218785,90341.37406249972,90814.11312499977,89405.86312500028,443.5145043444524,41.24466322823028,41.81683895618253,NaN,NaN,NaN,NaN,-35.60162890551854,-225.75117573839088,-190.14954683287235,36.33871203151432,31.00767419411724
1765123200,88961.57655606158,89770.53,88961.57655606158,89606.89499999999,90160.27,89253.49,89706.88,NaN,NaN,89253.49,NaN,NaN,89148.0741601317,89434.81516131421,88861.33315894919,89721.55616249672,88574.59215776667,89399.1823750003,89942.18056607206,88856.18418392853,89399.1823750003,89670.68147053618,89127.68327946441,89878.56014827151,89408.93784366496,100133.62994335937,89917.71078906287,90335.28718749972,90762.61759374978,89399.1823750003,469.61728574402116,51.741176849399444,43.08901814997049,NaN,NaN,NaN,NaN,7.981872375233962,-180.1722063638299,-188.15407873906386,51.73063439901157,39.400728670938484
1765126800,89284.2357780308,91115.55,89284.2357780308,90315.17,90160.27,89253.49,89706.88,90160.27,NaN,NaN,NaN,NaN,89175.14520194037,89505.23618930792,88845.05421457281,89835.32717667548,88514.96322720525,89431.51437500029,90097.8195902162,88765.20915978438,89431.51437500029,89764.66698260824,89098.36176739234,89895.68210324126,89491.32258514996,100116.48242578123,89927.86636718786,90332.68052499973,90723.68424999979,89431.51437500029,566.8813526172488,60.56108189076102,44.50938042547276,NaN,NaN,NaN,NaN,81.79656434681513,-85.90837330554496,-167.7049376523601,67.07902843561403,51.716124955379975
1765130400,89799.7028890154,91603.87,89799.7028890154,91372.835,90160.27,89253.49,89706.88,NaN,NaN,NaN,NaN,NaN,89179.88086939233,89521.83376744662,88837.92797133805,89863.7866655009,88495.97507328377,89521.35862500027,90598.97057123159,88443.74667876895,89521.35862500027,90060.16459811594,88982.5526518846,89953.60966782003,89662.36916831814,100099.95130273436,89940.97268750037,90335.02951249972,90702.02199999978,89521.35862500027,655.2589067863447,69.51964100627902,46.66888738421329,NaN,NaN,NaN,NaN,192.80091548714194,73.29620670656732,-119.5047087805746,82.01557753040198,66.94174678834253
1765134000,90586.2689445077,91565,90586.2689445077,91391.72750000001,90160.27,89253.49,89706.88,NaN,NaN,NaN,NaN,NaN,89236.2725793988,89708.82212458903,88763.72303420858,90181.37166977926,88291.17348901836,89611.49862500027,90963.3453113526,88259.65193864793,89611.49862500027,90287.42196817644,88935.5752818241,90010.00644555257,89819.5835621074,100083.47720703125,89954.21908593786,90338.54079999973,90680.97749999978,89611.49862500027,678.3640602653417,69.65224777173992,48.41461870504532,NaN,NaN,NaN,NaN,254.56452652418696,198.7009493746591,-55.863577149527856,87.43832012296293,78.84430869632632
1765137600,90988.99822225385,91467.01,90988.99822225385,91450.64249999999,90160.27,89253.49,89706.88,NaN,NaN,NaN,NaN,NaN,89247.26213209894,89741.93199322194,88752.59227097595,90236.60185434493,88257.92240985295,89714.90675000027,91280.38323804007,88149.43026196047,89714.90675000027,90497.64499402017,88932.16850598037,90066.50197709953,89967.86164737036,100066.91993554687,89968.19321875036,90342.71218749972,90658.78768749977,89714.90675000027,664.0531829425416,70.0892603044779,50.3154816752821,NaN,NaN,NaN,NaN,284.20118346716885,299.3879021844332,15.186718717264355,94.5233549771029,87.99241754348928
1765141200,91219.82036112691,91339.69,90160.27,90749.98000000001,90160.27,89253.49,89706.88,NaN,NaN,NaN,NaN,NaN,89277.48358865522,89810.66093479938,88744.30624251105,90343.83828094354,88211.12889636689,89786.50675000026,91402.97684011,88170.03665989052,89786.50675000026,90594.74179505513,88978.2717049454,90093.30503682111,90038.96331579123,100049.5098046875,89980.15210156285,90343.04663749972,90623.90284374978,89786.50675000026,708.7902770180732,59.17544562386856,50.658827387001516,NaN,NaN,NaN,NaN,243.02547193374224,318.96855863444216,75.94308670069992,88.80382590585664,90.25516700197416
1765144800,90984.90018056346,90984.90018056346,89253.49,89779.39000000001,90160.27,89253.49,89706.88,NaN,NaN,90160.27,NaN,NaN,89303.3228419444,89844.01588049224,88762.62980339657,90384.70891904007,88221.93676484874,89810.80975000028,91411.42790473081,88210.19159526975,89810.80975000028,90611.11882736554,89010.50067263501,90080.99464322029,90015.3657416284,100031.44885546876,89990.71783593786,90338.53252499974,90578.10493749978,89810.80975000028,781.8345558427435,48.02058462278668,50.89339075703865,NaN,NaN,NaN,NaN,141.84439188138606,253.2485765524325,111.40418467104644,73.99811477901241,85.77509855399065
1765148400,90382.14509028173,90382.14509028173,89770.53,90060.265,90160.27,89253.49,89706.88,NaN,NaN,NaN,NaN,NaN,89304.7887554799,89846.00392921285,88763.57358174694,90387.2191029458,88222.35840801398,89839.95812500027,91436.44785762175,88243.46839237878,89839.95812500027,90638.202991311,89041.71325868953,90080.18171603518,90019.44749238944,100013.88944921875,90003.49997656286,90335.62659999974,90536.62868749977,89839.95812500027,769.6760225883855,50.904774456776714,51.72287527397129,NaN,NaN,NaN,NaN,87.89946933698349,221.27852134227578,133.3790520052923,61.23060945071498,74.67751671186134
1765152000,90221.20504514087,90421.04,90221.20504514087,90379.32999999999,91603.87,87973.88,89788.875,NaN,NaN,NaN,NaN,NaN,90340.52501504694,90340.52501504694,90340.52501504694,90340.52501504694,90340.52501504694,89888.01862500026,91488.68571809062,88287.3515319099,89888.01862500026,90688.35217154544,89087.68507845508,90091.9130212887,90052.1640839904,99996.76826171875,90016.76289062535,90333.98126249974,90504.83074999978,89888.01862500026,740.4688066892147,54.02553132206856,52.42947776781492,NaN,NaN,NaN,NaN,68.625993092004,219.1615433702973,150.5355502782933,57.82701880721436,64.35191434564724
1765155600,90300.26752257043,91800,90300.26752257043,91290.10750000001,91603.87,87973.88,89788.875,NaN,NaN,NaN,NaN,NaN,91078.97306454799,91273.32597169859,90884.62015739738,91467.6788788492,90690.26725024678,89972.91900000026,91678.48633210953,88267.35166789098,89972.91900000026,90825.7026660549,89120.13533394561,90138.90104006168,90164.70439453673,99980.63314062501,90032.99460937535,90336.55202499975,90483.51284374978,89972.91900000026,794.7019260278115,61.54071632230018,53.805769411705064,NaN,NaN,NaN,NaN,109.69955204449204,287.65999033390835,177.96043828941632,70.13857706846447,63.0654017754646
1765159200,90795.18751128521,91329.76,90795.18751128521,91143.39749999999,91603.87,87973.88,89788.875,NaN,NaN,NaN,NaN,NaN,91081.33382396324,91252.44632008797,90910.22132783852,91423.5588162127,90739.10883171379,90053.78637500026,91819.25158229347,88288.32116770705,90053.78637500026,90936.51897864685,89171.05377135366,90178.29305809848,90253.67649503339,99964.60816601562,90048.58271093786,90338.17951249976,90465.77687499978,90053.78637500026,776.1212519340236,59.84374756455307,54.852361174587074,NaN,NaN,NaN,NaN,118.70791047583441,326.34532638420933,207.63741590837492,78.59278285801771,68.85279291123219
1765162800,90969.2925056426,91339.69,90969.2925056426,91280.66500000001,91603.87,87973.88,89788.875,NaN,NaN,NaN,NaN,NaN,91087.78429545161,91256.13459486554,90919.43399603768,91424.48489427946,90751.08369662375,90122.44162500025,91964.9353227659,88279.9479272346,90122.44162500025,91043.68847388308,89201.19477611742,90221.52333032992,90347.039086394,99948.76413867188,90064.99459375037,90340.56086249975,90452.18024999977,90122.44162500025,747.1409835356933,60.9293106432317,56.34401709180918,NaN,NaN,NaN,NaN,124.99841067878614,363.8854292568576,238.88701857807146,85.31297153948832,78.0147771553235
1765166400,91124.9787528213,91206.18,91124.9787528213,91206.18,91603.87,87973.88,89788.875,NaN,NaN,NaN,NaN,NaN,91099.0883664203,91259.52046247403,90938.65627036657,91419.95255852776,90778.22417431284,90207.16412500026,92085.02872437444,88329.29952562608,90207.16412500026,91146.09642468735,89268.23182531317,90260.1373173758,90425.14280581272,99933.20804882812,90080.25707031287,90341.77428749975,90434.93262499978,90207.16412500026,704.8942166530511,59.98175045536614,58.3735665758457,NaN,NaN,NaN,NaN,115.45720506256703,383.2085249062802,267.7513198437132,83.78682032657775,82.56419157469459
1765170000,91165.57937641065,91433.04,91085.23,91289.20499999999,91603.87,87973.88,89788.875,NaN,NaN,NaN,NaN,NaN,91213.04710171984,91335.05636953442,91091.03783390527,91457.06563734899,90969.0285660907,90310.41262500024,92187.82227679709,88433.0029732034,90310.41262500024,91249.11745089866,89371.70779910183,90300.49291277282,90503.6939143752,99917.863765625,90093.64385156287,90342.55207499977,90416.21056249978,90310.41262500024,679.388201177833,60.71513300749802,59.76431441722197,NaN,NaN,NaN,NaN,106.28192861750324,400.6037306155922,294.321801998089,83.50859505086449,84.20279563897685
1765173600,91227.39218820533,91550,91227.39218820533,91491.67499999999,91603.87,87973.88,89788.875,NaN,NaN,NaN,NaN,NaN,91215.16910987075,91338.3636202952,91091.9745994463,91461.55813071966,90968.78008902185,90414.28087500024,92311.64449962384,88516.91725037665,90414.28087500024,91362.96268731204,89465.59906268844,90347.20593580134,90593.51037670473,99902.705328125,90105.42564843786,90345.80798749976,90405.20990624977,90414.28087500024,653.9038876504645,62.51906192019328,60.53416335085011,NaN,NaN,NaN,NaN,105.19745548112235,425.8186213494919,320.62116586836953,83.997149623543,83.76418833366175
1765177200,91359.53359410266,91736.25,91359.53359410266,91617.255,91603.87,87973.88,89788.875,91603.87,NaN,NaN,NaN,NaN,91225.72271561075,91361.26174219116,91090.18368903035,91496.80076877156,90954.64466244995,90529.29862500024,92425.51928328564,88633.07796671485,90529.29862500024,91477.40895414294,89581.18829585754,90397.01178145618,90686.57806973156,99887.34146679686,90115.19228906286,90350.76634999976,90397.76765624978,90529.29862500024,634.1047818109558,63.63445690974886,60.753690137920664,NaN,NaN,NaN,NaN,104.09428453628652,450.7390215387277,346.64473700244116,87.57341031748523,85.02638499729757
1765180800,91488.39429705133,91868.82,91488.39429705133,91868.82,91603.87,87973.88,89788.875,NaN,NaN,NaN,NaN,NaN,91226.58566236748,91363.6437046238,91089.52762011116,91500.70174688012,90952.46957785483,90651.18125000024,92562.70326061887,88739.65923938161,90651.18125000024,91606.94225530955,89695.42024469093,90454.72975081085,90794.05460884688,99872.08149414061,90125.73116406285,90356.01641249975,90397.15953124978,90651.18125000024,615.9848476065073,65.82827001257468,60.49002078122749,NaN,NaN,NaN,NaN,110.84004065669035,485.19478782330407,374.3547471666137,93.57198675834759,88.38084889979193
1765184400,91678.60714852567,92217.57,91678.60714852567,92023.44,91603.87,87973.88,89788.875,NaN,NaN,NaN,NaN,NaN,91446.62356977124,91805.95183552073,91087.29530402175,92165.28010127021,90727.96703827227,90794.27625000026,92666.39384396112,88922.15865603939,90794.27625000026,91730.33504698069,89858.21745301982,90516.24779979866,90905.81691713353,99857.10916796874,90135.96192187535,90361.71527499973,90394.93574999979,90794.27625000026,610.4832764542095,67.1403857468811,60.31060206516616,NaN,NaN,NaN,NaN,115.71229822784346,518.995119951418,403.28282172357456,95.42476312396941,92.19005339993407
1765188000,91851.02357426283,92265.69,91851.02357426283,92094.36499999999,91603.87,87973.88,89788.875,NaN,NaN,NaN,NaN,NaN,91656.76442696653,92072.13138261966,91241.39747131341,92487.49833827278,90826.03051566028,90970.44600000026,92622.75020252155,89318.14179747897,90970.44600000026,91796.59810126091,90144.2938987396,90578.13474882617,91013.86674284867,99842.32925585935,90145.81342187535,90366.75806249975,90391.93362499979,90970.44600000026,596.49635854585,67.75206734371474,60.14365971082593,NaN,NaN,NaN,NaN,113.54992030403093,545.2202221036132,431.67030179958226,95.92095943032434,94.97256977088045
1765191600,91972.69428713141,92237.72,91972.69428713141,92155.755,91603.87,87973.88,89788.875,NaN,NaN,NaN,NaN,NaN,91660.88433401314,92076.69924175157,91245.06942627471,92492.51414949,90829.25451853628,91128.35500000024,92588.80549800672,89667.90450199376,91128.35500000024,91858.58024900348,90398.129750997,90640.00220965651,91117.67476622606,99827.63913867188,90156.35821875035,90372.65581249975,90388.97174999978,91128.35500000024,572.8198838546172,68.30208498906642,60.79556252262578,NaN,NaN,NaN,NaN,106.224419897789,564.4508266718185,458.2264067740295,94.70440674457973,95.35004309962449
1765195200,92064.22464356571,92176.63,91846.14,91977.02,91603.87,87973.88,89788.875,NaN,NaN,NaN,NaN,NaN,91669.6574833217,92083.57239319124,91255.74257345217,92497.48730306077,90841.82766358263,91246.86125000026,92572.68894697941,89921.03355302112,91246.86125000026,91909.77509848983,90583.9474015107,90692.43427986605,91195.79706020551,99812.92377539062,90167.30724218785,90378.08297499975,90384.20506249978,91246.86125000026,555.5106064364306,64.83487551810657,61.996583300862916,NaN,NaN,NaN,NaN,80.48046571781401,558.826988921297,478.346523203483,93.03114687858319,94.55217101782908
1765198800,92020.62232178287,92020.62232178287,91471.69,91713.3325,91603.87,87973.88,89788.875,NaN,NaN,NaN,NaN,NaN,91671.04805412288,92080.65849392595,91261.4376143198,92490.26893372902,90851.82717451673,91316.76937500025,92584.90969321285,90048.62905678766,91316.76937500025,91950.83953410655,90682.69921589395,90732.46950418504,91242.84573655047,99798.11943749999,90178.45839062534,90381.86722499975,90377.27584374978,91316.76937500025,555.0407289611759,59.99611766907115,62.645964958883944,NaN,NaN,NaN,NaN,38.93682080883025,527.0175492145208,488.0807284056906,85.92139763333797,91.21898375216695
1765202400,91866.97741089144,91866.97741089144,90754.46,91175.755,91603.87,87973.88,89788.875,NaN,NaN,91603.87,NaN,NaN,91660.14303054215,92069.4933234444,91250.7927376399,92478.84361634665,90841.44244473765,91306.91537500024,92576.22219423106,90037.60855576943,91306.91537500024,91941.56878461565,90672.26196538484,90749.85324911895,91236.74657868224,99782.68368554686,90188.55746093785,90382.61056249974,90360.83146874979,91306.91537500024,594.8604919561946,51.549448997110524,62.469101935672654,NaN,NaN,NaN,NaN,-27.899742478222947,453.20605030791194,481.1057927861349,68.65278131145966,82.53510860779359
1765206000,91521.36620544572,91521.36620544572,89644.4,90325.4475,91603.87,87973.88,89788.875,NaN,NaN,NaN,NaN,NaN,91122.36760480257,91775.32822445215,90469.40698515298,92428.28884410174,89816.44636550339,91253.60137500026,92591.87918232084,89915.32356767968,91253.60137500026,91922.74027866055,90584.46247133997,90733.20988640841,91153.90120789295,99766.2007675781,90196.56995312535,90379.38863749974,90333.27128124979,91253.60137500026,686.4394714911614,41.57823623889543,61.04321050114374,NaN,NaN,NaN,NaN,-126.97984275875649,322.38098933768924,449.36083209644573,47.83630964288054,67.47016286255938
1765209600,90923.40685272287,90923.40685272287,89641.04,89900.40999999999,91603.87,87973.88,89788.875,NaN,NaN,NaN,NaN,NaN,91111.01916013207,91768.4429020001,90453.59541826404,92425.86664386812,89796.17167639601,91176.08975000026,92633.97027323054,89718.20922676998,91176.08975000026,91905.0300116154,90447.14948838513,90700.55106733357,91039.94746172086,99749.27846093746,90203.03303125035,90374.50312499974,90304.5989687498,91176.08975000026,729.0057130077122,37.65714238098799,59.458452988031944,NaN,NaN,NaN,NaN,-213.64647414811543,182.30273941130145,395.9492135594169,26.80265317316436,47.76391470916818
1765213200,90411.90842636142,90411.90842636142,89900.26,89965.2175,91603.87,87973.88,89788.875,NaN,NaN,NaN,NaN,NaN,90741.11090112381,91458.87326870028,90023.34853354735,92176.63563627674,89305.58616597089,91136.85162500026,92678.33970979122,89595.36354020929,91136.85162500026,91907.59566739574,90366.10758260477,90671.71445684989,90942.24473792805,99732.6352832031,90208.81853125035,90369.38308749974,90275.7675937498,91136.85162500026,713.4801925329774,38.607827898979146,57.86406136344249,NaN,NaN,NaN,NaN,-256.241668634499,75.64712776629312,331.8887964007921,16.071577475144036,30.236846763729645
1765216800,90188.56296318071,90421.04,90188.56296318071,90355.80500000001,91603.87,87973.88,89788.875,NaN,NaN,NaN,NaN,NaN,90739.49990754841,91456.35162000117,90022.64819509565,92173.20333245392,89305.7964826429,91165.67237500026,92623.86623263467,89707.47851736585,91165.67237500026,91894.76930381746,90436.57544618305,90659.32585069892,90888.93203448005,99716.41949804683,90215.56821875036,90366.69823749973,90253.9207499998,91165.67237500026,695.0760716377644,44.136908192855124,56.732286916120266,NaN,NaN,NaN,NaN,-247.60628468183887,22.380940548493527,269.9872252303324,16.488706430698826,19.787645693002403
1765220400,90272.18398159035,90290.57,90110.56,90185.15000000001,91603.87,87973.88,89788.875,NaN,NaN,NaN,NaN,NaN,90715.17735285238,91424.78669954895,90005.56800615581,92134.39604624551,89295.95865945924,91171.91662500026,92612.08088523004,89731.75236477048,91171.91662500026,91891.99875511514,90451.83449488538,90640.73071929897,90824.95184952732,99699.86048046872,90222.30484375035,90362.92164999973,90228.7049374998,91171.91662500026,662.9452808064962,42.342577251378934,55.4199615049689,NaN,NaN,NaN,NaN,-242.5660881376944,-33.220384941785596,209.3457031959088,20.1049346262045,17.555072844015783
1765224000,90228.66699079517,90457.52,90228.66699079517,90439.28,91603.87,87973.88,89788.875,NaN,NaN,NaN,NaN,NaN,90714.82917711193,91424.15848713706,90005.4998670868,92133.48779716219,89296.17055706166,91174.91412500026,92608.70271808238,89741.12553191814,91174.91412500026,91891.80842154131,90458.0198284592,90632.83069109116,90789.89077229757,99683.63907226559,90230.87954687535,90359.87926249973,90202.76043749982,91174.91412500026,635.0470464631746,45.87154639779513,54.23085325336904,NaN,NaN,NaN,NaN,-212.3818573365083,-56.131618474726565,156.25023886178172,26.125578648582064,20.906406568495125
1765227600,90333.97349539759,91207.89,90333.97349539759,91018.51999999999,91603.87,87973.88,89788.875,NaN,NaN,NaN,NaN,NaN,90715.080578719,91423.7909761093,90006.3701813287,92132.5013734996,89297.6597839384,91161.33475000024,92595.64645032883,89727.02304967165,91161.33475000024,91878.49060016454,90444.17889983594,90647.95576202877,90810.67524754324,99668.23839843746,90242.63892187536,90358.75881249971,90188.3629687498,91161.33475000024,652.1091506159775,52.94152042979376,53.46707207622939,NaN,NaN,NaN,NaN,-146.7883183425019,-27.23515906634566,119.55315927615624,34.542129426780804,26.924214233855782
1765231200,90676.24674769878,91076.27,90676.24674769878,90992.87,91603.87,87973.88,89788.875,NaN,NaN,NaN,NaN,NaN,90715.29800824034,91423.65382727151,90006.94218920916,92132.00964630269,89298.58637017799,91153.80837500026,92589.99610431037,89717.62064569014,91153.80837500026,91871.90223965532,90435.71451034519,90661.48181057666,90827.23840685749,99652.6977070312,90254.93487500036,90356.44458749972,90180.98881249981,91153.80837500026,634.1030150220665,52.613798604721,52.5231812613827,NaN,NaN,NaN,NaN,-100.70753906471796,-6.33126455474121,94.37627450997675,44.80025908216322,35.155989052508694
1765234800,90834.55837384939,90834.55837384939,90692.04,90695.515,91603.87,87973.88,89788.875,NaN,NaN,NaN,NaN,NaN,90715.31556856829,91423.42686082568,90007.20427631089,92131.53815308308,89299.0929840535,91124.55087500026,92572.99805437731,89676.10369562321,91124.55087500026,91848.77446468879,90400.32728531174,90662.816445456,90815.26355168862,99636.51122265619,90265.60815625035,90352.74336249972,90172.96681249981,91124.55087500026,610.2977996633475,48.83936715358901,51.21596564757612,NaN,NaN,NaN,NaN,-86.38265564173574,-13.602045042192913,72.78061059954283,48.05447075483068,42.465619754591565
1765242000,90765.0366869247,90765.0366869247,90117.77,90356.45000000001,92265.69,89641.04,90953.36499999999,NaN,NaN,NaN,NaN,NaN,90413.08556230825,90413.08653887075,90413.08458574575,90413.08751543325,90413.08360918325,91082.06437500025,92567.81063488353,89596.31811511697,91082.06437500025,91824.93750494189,90339.19124505861,90650.80207504597,90773.55322880784,99620.04598828117,90274.77454687536,90348.12047499971,90159.2978437498,91082.06437500025,612.9384344677292,44.88526338738655,49.582622507838394,NaN,NaN,NaN,NaN,-95.1776377985738,-46.191436648674426,48.98620114989937,39.743978570144456,44.19956946904612
1765245600,90560.74334346235,90560.74334346235,90117.77,90279.1225,92265.69,89641.04,90953.36499999999,NaN,NaN,NaN,NaN,NaN,90322.05914041006,90338.15789051626,90305.96039030385,90354.25664062247,90289.86164019765,91031.56025000026,92553.92714579139,89509.19335420913,91031.56025000026,91792.74369789581,90270.3768021047,90636.22640543632,90728.6049807344,99603.36414843742,90283.39611718785,90342.62491249971,90145.5964999998,91031.56025000026,600.7980708244877,44.01014556166073,47.847483977309416,NaN,NaN,NaN,NaN,-101.08225142447658,-77.36661313069635,23.715638293780227,30.963944328572666,39.5874645511826
1765249200,90419.93292173118,90419.93292173118,90030.17,90030.17,92265.69,89641.04,90953.36499999999,NaN,NaN,NaN,NaN,NaN,90321.05401880943,90341.53202812452,90300.57600949434,90362.01003743961,90280.09800017925,90958.48500000025,92525.15547163357,89391.81452836693,90958.48500000025,91741.82023581691,90175.14976418359,90612.45948757607,90665.11089157673,99586.80109179679,90291.83935156286,90333.96564999972,90134.9969687498,90958.48500000025,585.7241316035369,41.22354155265017,46.16096012263396,NaN,NaN,NaN,NaN,-115.58802810261051,-120.7693968344829,-5.1813687318724,23.022956621737176,31.243626506818092
1765256400,90225.0514608656,90225.0514608656,89640.99,89884.72499999999,92265.69,89641.04,90953.36499999999,NaN,NaN,NaN,NaN,NaN,90306.88001840509,90383.89887384186,90229.86116296833,90460.91772927862,90152.84230753157,90871.85850000025,92474.43027362283,89269.28672637767,90871.85850000025,91673.14438681155,90070.57261318895,90583.92088022015,90594.1667196152,99570.5207402343,90301.38536718786,90325.04273749972,90129.1333437498,90871.85850000025,585.6053694079692,39.644224352230566,44.70725345714535,NaN,NaN,NaN,NaN,-127.85537503184118,-165.00058752167388,-37.1452124898327,17.489147677436666,23.825349542582163
1765260000,90054.88823043279,90054.88823043279,90030.17,90030.17,92265.69,89641.04,90953.36499999999,NaN,NaN,NaN,NaN,NaN,90305.2819790702,90384.7997003825,90225.76425775791,90464.3174216948,90146.24653644561,90779.92600000025,92353.88006892693,89205.97193107358,90779.92600000025,91566.9030344636,89992.94896553691,90562.2051594272,90542.89429055927,99555.22598046866,90311.42671093786,90317.40186249971,90121.71321874979,90779.92600000025,555.9309309097424,42.03571788371961,44.027701234760286,NaN,NaN,NaN,NaN,-119.22131447309121,-186.17185558119672,-66.95054110810551,15.999771624198445,18.837291974457425
1765263600,90042.5291152164,90421.04,90042.5291152164,90320.45499999999,92265.69,89641.04,90953.36499999999,NaN,NaN,NaN,NaN,NaN,90302.19050551091,90379.67913659614,90224.70187442568,90457.16776768137,90147.21324334045,90694.77675000024,92171.69487174177,89217.8586282587,90694.77675000024,91433.235810871,89956.31768912947,90552.7247610183,90522.67253687207,99540.83991601554,90321.70419531285,90310.39028749973,90130.7811562498,90694.77675000024,544.1408644161891,46.584818723754374,44.385314269393064,NaN,NaN,NaN,NaN,-88.4241884309907,-177.48077664684388,-89.05658821585318,25.003364330739824,19.497427877458307
1765267200,90181.4920576082,90608.3,90181.4920576082,90581.63,92265.69,89641.04,90953.36499999999,NaN,NaN,NaN,NaN,NaN,90365.41771995762,90462.13251863443,90268.70292128081,90558.84731731124,90171.988122604,90619.14000000025,91949.2506908931,89289.0293091074,90619.14000000025,91284.19534544667,89954.08465455382,90553.8582998019,90528.03230624733,99526.58648828116,90331.30980468784,90304.80732499973,90150.9465624998,90619.14000000025,535.7599414144477,50.359602216462136,45.292632829069795,NaN,NaN,NaN,NaN,-47.00631413274847,-147.81448088178877,-100.8081667490403,41.36416009732134,27.455765350753197
1765270800,90381.5610288041,90412,90290.57,90351.285,92265.69,89641.04,90953.36499999999,NaN,NaN,NaN,NaN,NaN,90364.70794335532,90459.0133692155,90270.40251749512,90553.3187950757,90176.09709163493,90528.91650000025,91659.73277984891,89398.1002201516,90528.91650000025,91094.32463992458,89963.50836007592,90545.91424882927,90511.96436931576,99512.49684960928,90340.25470312535,90299.13573749973,90163.2058437498,90528.91650000025,518.2813741705584,47.19202081081648,45.9057894656296,NaN,NaN,NaN,NaN,-32.36327521750374,-141.26226077091997,-108.89898555341622,49.575595124130196,38.64770651739711
1765274400,90366.42301440205,90366.42301440205,90030.18,90148.13500000001,92265.69,89641.04,90953.36499999999,NaN,NaN,NaN,NaN,NaN,90356.32037365051,90456.0792302769,90256.56151702412,90555.83808690328,90156.80266039773,90437.47225000025,91362.0777962464,89512.8667037541,90437.47225000025,90899.77502312332,89975.16947687718,90530.31506260067,90478.88897210524,99498.24455273428,90350.33199218786,90292.31679999972,90174.3597812498,90437.47225000025,505.2786341870943,44.53167990108163,45.933987444788634,NaN,NaN,NaN,NaN,-33.460512883810026,-150.72462665817875,-117.26411377436872,45.9097581211311,45.61650444752754
1765278000,90257.27900720102,90278.19,90019.7,90148.945,92265.69,89641.04,90953.36499999999,NaN,NaN,NaN,NaN,NaN,90328.5230870613,90445.18343429918,90211.86273982342,90561.84378153706,90095.20239258555,90359.25287500027,91081.40801964216,89637.09773035838,90359.25287500027,90720.3304473212,89998.17530267933,90515.35937387124,90448.89406555022,99484.27609570303,90359.80430468786,90285.7529124997,90183.5331562498,90359.25287500027,487.6508746023023,44.54510326902685,46.091310731763485,NaN,NaN,NaN,NaN,-31.273417970545253,-156.3558862375503,-125.08246826700504,36.705065203055085,44.06347281610545
1765281600,90203.11200360052,90645.63,90203.11200360052,90513.32,92265.69,89641.04,90953.36499999999,NaN,NaN,NaN,NaN,NaN,90347.46316473822,90463.97015814952,90230.95617132692,90580.47715156082,90114.44917791562,90326.13112500026,90949.45451090751,89702.80773909301,90326.13112500026,90637.79281795389,90014.46943204664,90515.27939842531,90454.75096868203,99470.52160742178,90370.10896093785,90282.0799624997,90197.60731249981,90326.13112500026,488.29616927356625,50.36424998208066,46.41221813064102,NaN,NaN,NaN,NaN,-3.8692707624878864,-129.9190567201149,-126.04978595762701,40.152105005637765,40.92230944327465
1765285200,90358.21600180026,90772.05,89929.42,90427.4975,92265.69,89641.04,90953.36499999999,NaN,NaN,NaN,NaN,NaN,90356.61383556548,90453.82619844151,90259.40147268945,90551.03856131755,90162.18910981342,90331.23362500026,90956.11988371493,89706.34736628558,90331.23362500026,90643.67675435758,90018.79049564293,90511.83697103609,90452.27338062003,99456.64210351554,90380.06155468787,90277.97669999971,90208.0810312498,90331.23362500026,513.605728611169,49.058468032845035,46.13485724514469,NaN,NaN,NaN,NaN,9.182131752801695,-114.57212126662489,-123.75425301942659,47.62945691524275,41.49554237464519
1765288800,90392.85675090013,90551.29,90211.8,90348.9825,92265.69,89641.04,90953.36499999999,NaN,NaN,NaN,NaN,NaN,90361.95017730824,90438.85574197414,90285.04461264235,90515.76130664004,90208.13904797645,90353.66225000026,90946.46227427982,89760.86222572069,90353.66225000026,90650.06226214004,90057.26223786047,90505.45052119154,90442.88330056366,99442.77399609366,90388.79136718786,90275.46313749971,90220.89249999981,90353.66225000026,501.16889085322765,47.83654390017099,45.79362476624825,NaN,NaN,NaN,NaN,12.998755509994723,-107.50580863193318,-120.5045641419279,56.5959455307682,48.12583581721623
1765292400,90370.91962545007,92842.18,90370.91962545007,91607.93999999999,92265.69,89641.04,90953.36499999999,NaN,NaN,NaN,NaN,NaN,90605.0540996541,91103.39116461387,90106.71703469432,91601.72822957365,89608.37996973454,90435.79837500026,91216.11316195269,89655.48358804783,90435.79837500026,90825.95576847647,90045.64098152405,90548.68540271344,90548.79754596695,99429.58625195305,90401.57457031286,90289.9004749997,90250.3231249998,90435.79837500026,643.4566486494253,63.52470879501967,46.84257774063616,NaN,NaN,NaN,NaN,96.15186870216897,-0.3147282642166829,-96.46659696638565,58.51994260245999,54.24844834949031
1765296000,90989.42981272502,95738.76,90989.42981272502,93950.16249999999,92265.69,89641.04,90953.36499999999,92265.69,NaN,NaN,NaN,NaN,93462.19238973253,93997.03438702929,92927.35039243578,94531.87638432604,92392.50839513903,90615.51625000025,92332.65583692187,88898.37666307863,90615.51625000025,91474.08604346107,89756.94645653943,90682.07666143056,90858.01254178814,99417.93348046867,90420.89156250036,90323.44208749969,90304.3707812498,90615.51625000025,936.7333299798216,77.23950292015999,49.15359485011998,NaN,NaN,NaN,NaN,293.58482490857864,270.5144341693376,-23.070390739241006,63.809880540325445,59.64192289118454
1765299600,92469.79615636251,94593.87,92469.79615636251,94005.235,92265.69,89641.04,90953.36499999999,NaN,NaN,NaN,NaN,NaN,93476.21328839812,93997.18741343284,92955.23916336341,94518.16153846755,92434.2650383287,90806.52050000025,93056.77237165837,88556.26862834212,90806.52050000025,91931.6464358293,89681.39456417119,90812.39659627642,91144.12367435286,99406.3069902343,90440.14680468786,90358.49916249968,90358.19718749981,90806.52050000025,1021.5433666696545,77.45416149570667,51.54245313112325,NaN,NaN,NaN,NaN,405.6667019383831,484.01298668373784,78.34628474535477,67.89450297602156,63.40810870626899
1765303200,93237.51557818125,94288.04,93237.51557818125,94030.08,92265.69,89641.04,90953.36499999999,NaN,NaN,NaN,NaN,NaN,93476.44281758527,93997.34048514554,92955.54515002499,94518.23815270582,92434.64748246472,90986.06050000025,93629.16267216945,88342.95832783106,90986.06050000025,92307.61158608485,89664.50941391566,90938.58025916755,91406.48334032077,99394.50471289054,90460.72813281286,90395.99656249968,90412.24424999981,90986.06050000025,1023.6134420374466,77.55699541574998,54.13769983563038,NaN,NaN,NaN,NaN,455.5230139603205,647.7500521957554,192.22703823543492,71.40592653817161,67.70343668483953
1765306800,93633.79778909063,94115.81,93633.79778909063,93905.5,92265.69,89641.04,90953.36499999999,NaN,NaN,NaN,NaN,NaN,93476.9963923234,93997.75799626512,92956.23478838168,94518.51960020684,92435.47318443996,91130.40950000024,94064.18816110233,88196.63083889816,91130.40950000024,92597.29883055128,89663.5201694492,91054.93005292569,91633.66667301889,99382.6641152343,90481.82524218786,90435.16867499967,90464.51043749982,91130.40950000024,984.9276398140121,75.69268628405966,56.71258997361817,NaN,NaN,NaN,NaN,453.18981357742854,758.7143052072206,305.52449162979207,70.66421997110366,69.98821649509894
1765310400,93769.64889454532,93769.64889454532,92999.92,93459.8675,92265.69,89641.04,90953.36499999999,NaN,NaN,NaN,NaN,NaN,93472.11967027,93973.92777185774,92970.31156868226,94475.73587344548,92468.50346709452,91253.75937500024,94356.6109598535,88150.90779014699,91253.75937500024,92805.18516742687,89702.33358257361,91149.24132535998,91799.68493001717,99370.78196289056,90500.66089062535,90473.07683749968,90513.79321874982,91253.75937500024,979.2599512558685,69.27759329579051,58.65843821733752,NaN,NaN,NaN,NaN,396.74581634872914,801.4567620657035,404.7109457169744,67.06447203579087,69.71153951502204
1765314000,93614.75819727266,93614.75819727266,92388.01,92820.9625,92265.69,89641.04,90953.36499999999,NaN,NaN,NaN,NaN,NaN,93470.57207676637,93972.46497720528,92968.67917632747,94474.35787764419,92466.78627588856,91360.03175000024,94524.11304753856,88195.95045246193,91360.03175000024,92942.07239876941,89777.99110123108,91214.79901848311,91892.52834547016,99359.21327734369,90516.76810156285,90506.35084999967,90555.15974999982,91360.03175000024,996.9376831142112,61.261205959294045,59.70675159130464,NaN,NaN,NaN,NaN,296.10664416233567,774.844250919894,478.7376067575583,59.66294507350805,65.7972123601342
1765317600,93217.86034863633,93265.61,92668.26,92966.935,92265.69,89641.04,90953.36499999999,NaN,NaN,NaN,NaN,NaN,93466.52570350234,93968.41633014409,92964.63507686059,94470.30695678583,92462.74445021884,91490.55600000024,94693.40730520645,88287.70469479404,91490.55600000024,93091.98165260335,89889.13034739713,91283.51023344455,91990.20167770014,99348.86171093743,90532.73264062536,90539.22836249968,90597.98706249983,91490.55600000024,968.3957057489107,62.33361216340807,60.5620380160865,NaN,NaN,NaN,NaN,222.45662571441676,756.8083889005793,534.3517631861625,54.27756566724157,60.33499425884683
1765321200,93092.39767431817,93308.02,92677.29,92873.9025,92265.69,89641.04,90953.36499999999,NaN,NaN,NaN,NaN,NaN,93465.79439839488,93967.70115249614,92963.88764429362,94469.6079065974,92461.98089019235,91620.29500000025,94826.56119818355,88414.02880181694,91620.29500000025,93223.42809909189,90017.1619009086,91345.8785576232,92070.53811609103,99339.22543164057,90548.94878906285,90570.0808499997,90637.75140624982,91620.29500000025,944.2767267668463,61.1713355152781,61.560560494976606,NaN,NaN,NaN,NaN,153.82397724181556,726.631734738432,572.8077574966164,50.91536502712298,54.951958589290875
1765324800,92983.15008715908,92983.15008715908,92134.53,92334.535,95738.76,89640.99,92689.875,NaN,NaN,NaN,NaN,NaN,92484.07169571969,92484.07169571969,92484.07169571969,92484.07169571969,92484.07169571969,91735.51325000024,94869.7388649614,88601.28763503907,91735.51325000024,93302.62605748081,90168.40044251966,91384.64939850073,92094.53783281003,99329.38912890622,90565.23553125034,90597.7520624997,90671.31768749983,91735.51325000024,937.4441096520061,54.792477681680424,62.293474622162236,NaN,NaN,NaN,NaN,63.09930297055905,651.6818862098153,588.5825832392562,48.12429926061599,51.10574331832685
1765328400,92658.84254357955,92658.84254357955,92026.67,92147.17,95738.76,89640.99,92689.875,NaN,NaN,NaN,NaN,NaN,92297.52689082679,92358.5560771989,92236.49770445468,92419.585263571,92175.46851808258,91848.63550000024,94868.73358754526,88828.53741245522,91848.63550000024,93358.68454377275,90338.58645622773,91414.55216718696,92099.32257528185,99319.76665624997,90581.64046093784,90624.9811624997,90702.22093749982,91848.63550000024,915.638997789688,52.73524094039792,62.878484455831604,NaN,NaN,NaN,NaN,-14.396126604090114,570.5874249841436,584.9835515882337,43.42058076591607,47.48674835121835
1765332000,92403.00627178978,92403.00627178978,92267.67,92334.34,95738.76,89640.99,92689.875,NaN,NaN,NaN,NaN,NaN,92297.6141516722,92358.59900656958,92236.62929677482,92419.58386146696,92175.64444187743,91963.84400000024,94871.37196750537,89056.31603249512,91963.84400000024,93417.60798375281,90510.08001624768,91450.62227827767,92120.68779571078,99309.3141132812,90598.25382812534,90654.58033749968,90731.83268749982,91963.84400000024,868.5102316468376,54.57024156514931,63.178912426050786,NaN,NaN,NaN,NaN,-55.60252302000629,515.4803978132259,571.0829208332322,40.32463240230391,43.956504142945334
1765335600,92368.67313589489,92534.54,92129.46,92420.5,95738.76,89640.99,92689.875,NaN,NaN,NaN,NaN,NaN,92317.11575898381,92375.84751307507,92258.38400489255,92434.57926716634,92199.65225080129,92068.84625000024,94881.52796879063,89256.16453120984,92068.84625000024,93475.18710939543,90662.50539060505,91488.65669873738,92147.94345064617,99298.92763867181,90615.68378906284,90688.45222499968,90764.62231249982,92068.84625000024,835.4080722434911,55.42809694397533,63.63388591970295,NaN,NaN,NaN,NaN,-78.22304192200795,473.30411843072216,551.5271603527301,39.84512024641473,41.196777804878245
1765342800,92394.58656794744,94015.08,92394.58656794744,92945.57999999999,95738.76,89640.99,92689.875,NaN,NaN,NaN,NaN,NaN,93035.41530178765,93280.31593135255,92790.51467222275,93525.21656091746,92545.61404265785,92187.04375000024,94937.80107008704,89436.28642991345,92187.04375000024,93562.42241004364,90811.66508995685,91545.79094584571,92220.45586422378,99288.99586132806,90634.60038281283,90724.4882124997,90804.96506249982,92187.04375000024,891.4855979441392,60.342829050802145,64.52719200189088,NaN,NaN,NaN,NaN,-59.819352748798906,476.7529694167315,536.5723221655304,43.1081052237388,41.09261929081915
1765346400,92670.08328397371,92670.08328397371,92668.26,92668.26,95738.76,89640.99,92689.875,NaN,NaN,NaN,NaN,NaN,93035.38459678569,93280.29794505125,92790.47124852013,93525.21129331681,92545.55790025457,92302.89250000023,94926.87685222531,89678.90814777516,92302.89250000023,93614.88467611278,90990.90032388769,91589.80934012627,92261.16533111253,99278.99416601557,90651.83000781284,90756.99052499967,90841.50678124982,92302.89250000023,847.6166266624143,56.78170193005837,64.04554865439364,NaN,NaN,NaN,NaN,-67.73818956431546,451.89958521013614,519.6377747744516,41.091873336226456,41.348366268793335
1765350000,92669.17164198685,92698.16,92549.91,92627.99250000002,95738.76,89640.99,92689.875,NaN,NaN,NaN,NaN,NaN,93035.14430531097,93280.18688419691,92790.10172642503,93525.22946308285,92545.05914753908,92426.88537500025,94859.23793450947,89994.53281549102,92426.88537500025,93643.06165475486,91210.70909524563,91630.52240521937,92294.51325555684,99268.50133593744,90669.41974218783,90794.19317499967,90877.60031249982,92426.88537500025,797.661867615099,56.26249680583575,62.54719107479906,NaN,NaN,NaN,NaN,-76.45783141817355,424.06548550173466,500.5233169199082,35.578869421517176,39.926282660494145
1765353600,92648.58207099343,92802.17,92648.58207099343,92751.08499999999,95738.76,89640.99,92689.875,NaN,NaN,NaN,NaN,NaN,93034.69469071698,93279.83027170405,92789.5591097299,93524.96585269112,92544.42352874283,92556.99237500023,94755.13847044171,90358.84627955875,92556.99237500023,93656.06542272097,91457.9193272795,91674.46603638724,92336.01977777894,99257.50124804683,90686.03549218783,90834.54377499966,90916.13224999982,92556.99237500023,753.1272699283045,57.540600300839365,61.124793846594244,NaN,NaN,NaN,NaN,-74.6227878965343,407.24483204924036,481.86761994577466,30.268800749952334,35.64651450256533
1765357200,92699.83353549671,92802.17,92511.02,92689.3475,95738.76,89640.99,92689.875,NaN,NaN,NaN,NaN,NaN,93030.71729931791,93277.4664391273,92783.96815950853,93524.21557893668,92537.21901969914,92665.79375000023,94653.92843373184,90677.65906626862,92665.79375000023,93659.86109186604,91671.72640813442,91714.2653094701,92368.14047979904,99246.70142382807,90698.05425781284,90873.96518749968,90955.04971874981,92665.79375000023,720.1288935048536,56.646497961280986,59.631186885560744,NaN,NaN,NaN,NaN,-77.8938064485713,384.50036188506056,462.39416833363185,29.05924463308701,31.635638268185513
1765360800,92694.59051774835,93205.08,92228.66,92697.4425,95738.76,89640.99,92689.875,NaN,NaN,NaN,NaN,NaN,93028.40327638263,93275.751578372,92781.05497439325,93523.09988036138,92533.70667240387,92779.29100000023,94482.04151776619,91076.54048223427,92779.29100000023,93630.66625888321,91927.91574111725,91752.82127772617,92398.07702709004,99235.72534570309,90706.34367968784,90911.95632499967,90993.90615624982,92779.29100000023,738.4354011116496,56.74141357580652,58.27752454925695,NaN,NaN,NaN,NaN,-79.55965084020374,362.94460478337714,442.5042556235809,32.49618863862301,30.608078007220783
1765364400,92696.01650887418,92696.01650887418,91835.23,92182.42499999999,95738.76,89640.99,92689.875,NaN,NaN,NaN,NaN,NaN,93011.06663480356,93281.70237290517,92740.43089670195,93552.33811100679,92469.79515860033,92870.96312500024,94195.99676045773,91545.92948954276,92870.96312500024,93533.47994272898,92208.4463072715,91769.66848252121,92378.47229735459,99224.40501367183,90713.05968750032,90947.74523749968,91028.90546874981,92870.96312500024,747.2766224608182,49.34018126306932,56.853423689776875,NaN,NaN,NaN,NaN,-113.33456197608803,300.83605315347086,414.1706151295589,27.12723199190783,29.56088842120595
1765368000,92439.22075443709,92439.22075443709,91880.38,92108.4075,95738.76,89640.99,92689.875,NaN,NaN,NaN,NaN,NaN,93001.46243227809,93285.50762630334,92717.41723825283,93569.5528203286,92433.37204422758,92895.98650000025,94141.16206645335,91650.81093354714,92895.98650000025,93518.5742832268,92273.39871677369,91782.9523655596,92353.92095214053,99212.89506054683,90720.02868750032,90981.47568749968,91063.78581249982,92895.98650000025,733.8169176019802,48.36379564873741,55.93218009616568,NaN,NaN,NaN,NaN,-137.0623753035852,242.84264600007737,379.9050213036626,20.731175512209106,26.784865380913317
1765371600,92273.81412721855,92273.81412721855,92010.92,92091.51,95738.76,89640.99,92689.875,NaN,NaN,NaN,NaN,NaN,92994.4535773208,93287.9278396906,92700.97931495101,93581.4021020604,92407.50505258121,92803.05387500025,93995.9894894195,91610.11826058099,92803.05387500025,93399.52168220987,92206.58606779062,91795.05266494941,92330.06541103685,99201.02705273432,90726.20274218783,91011.87783749968,91098.76306249981,92803.05387500025,700.1795754317351,48.129639285468116,54.91761060488425,NaN,NaN,NaN,NaN,-149.29135335096652,193.29082961495442,342.58218296592094,13.405394866619163,20.421267456912034
1765375200,92182.66206360927,92182.66206360927,91683.89,91933.895,95738.76,89640.99,92689.875,NaN,NaN,NaN,NaN,NaN,92829.71682848824,93299.18136941828,92360.25228755819,93768.64591034832,91890.78774662815,92699.48687500025,93814.04078788575,91584.93296211475,92699.48687500025,93256.76383144301,92142.20991855749,91800.49746240237,92294.0499191244,99189.07382031245,90731.13921093782,91038.88291249968,91129.4705312498,92699.48687500025,685.7933245872734,45.897435787431895,53.826617767180956,NaN,NaN,NaN,NaN,-162.31201789301934,139.69216059964674,302.0041784926661,11.67102120286196,15.269197193896744
1765378800,92058.27853180464,92164.25,91722.79,91926.99250000001,95738.76,89640.99,92689.875,NaN,NaN,NaN,NaN,NaN,92709.66721120532,93241.98493024636,92177.34949216429,93774.30264928739,91645.03177312325,92594.33250000025,93575.78782421263,91612.87717578787,92594.33250000025,93085.06016210644,92103.60483789406,91805.45805211208,92260.68106284036,99177.44429101558,90735.66191406283,91066.07374999969,91160.83143749982,92594.33250000025,668.3409442596114,45.79726196544145,53.18410235887817,NaN,NaN,NaN,NaN,-165.1582698622434,95.5563411648618,260.7146110271052,10.969793669480453,12.015403246320526
1765382400,91992.63551590232,92573.36,91992.63551590232,92242.47,95738.76,89640.99,92689.875,NaN,NaN,NaN,NaN,NaN,92705.82680534336,93237.39583575458,92174.25777493214,93768.9648661658,91642.68874452091,92511.18100000024,93296.37350301366,91725.98849698683,92511.18100000024,92903.77725150695,92118.58474849354,91822.59577555867,92259.02551167306,99166.12491406243,90741.33411718783,91095.21302499968,91193.96106249982,92511.18100000024,666.7714125267815,51.055239076582076,53.064102225748464,NaN,NaN,NaN,NaN,-140.5282243438699,85.05433059726784,225.58255494113774,15.037920547016952,12.55957847311979
1765386000,92117.55275795117,92636.73,92117.55275795117,92395.045,95738.76,89640.99,92689.875,NaN,NaN,NaN,NaN,NaN,92660.41652668852,93165.7855191717,92155.04753420535,93671.15451165487,91649.67854172218,92457.93987500024,93112.0691407145,91803.81060928598,92457.93987500024,92785.00450785737,92130.87524214311,91845.04476475246,92271.39091970278,99154.60179882808,90746.18754687533,91123.76051249968,91229.8234999998,92457.93987500024,656.2289717783561,53.40918996903866,52.981169968883414,NaN,NaN,NaN,NaN,-110.04348028073969,88.02820459021314,198.07168487095282,21.63183467099074,15.879849629162715
1765389600,92256.29887897559,93045.33,92095.49,92522.295,95738.76,89640.99,92689.875,NaN,NaN,NaN,NaN,NaN,92659.73367128738,93163.54433079789,92155.92301177687,93667.35499030839,91652.11235226637,92443.00650000024,93076.6186090099,91809.39439099056,92443.00650000024,92759.81255450507,92126.2004454954,91871.60359750726,92294.20038154798,99143.29933789057,90749.83722656283,91153.67016249968,91262.5076874998,92443.00650000024,677.2011880799018,55.338421499679264,52.97476458000512,NaN,NaN,NaN,NaN,-78.85255623667928,99.50598957510374,178.35854581178302,30.143975108563968,22.271243442190553
1765393200,92389.2969394878,93167.32,91868.82,92661.595,95738.76,89640.99,92689.875,NaN,NaN,NaN,NaN,NaN,92657.34425041164,93154.91769674736,92159.77080407592,93652.49114308308,91662.1973577402,92427.73950000023,93023.71596881244,91831.76303118802,92427.73950000023,92725.72773440633,92129.75126559412,91902.58365250698,92327.59989231634,99132.14699023432,90754.06342968784,91183.38677499969,91301.88099999979,92427.73950000023,721.5796746456232,57.41714567854494,52.76578719627246,NaN,NaN,NaN,NaN,-47.90536826558659,118.47683547979977,166.38220374538636,43.58105043313236,31.78562007089569
1765396800,92525.4459697439,94489.37,92392.25,93033.94249999999,95738.76,89640.99,92689.875,NaN,NaN,NaN,NaN,NaN,92810.06366714418,93324.6812040597,92295.44613022865,93839.29874097522,91780.82859331313,92435.74150000022,93059.13219153201,91812.35080846843,92435.74150000022,92747.43684576612,92124.04615423433,91946.95066613416,92391.81285665122,99121.34573437493,90759.74971875033,91213.35142499967,91349.5023437498,92435.74150000022,819.8325550280784,62.44836918557485,53.17054914309506,NaN,NaN,NaN,NaN,-3.7515190412463824,161.69280494382838,165.44432398507476,49.45301232384916,41.05934595518183
1765400400,92779.69423487195,92779.69423487195,91958.24,92442.3975,95738.76,89640.99,92689.875,NaN,NaN,NaN,NaN,NaN,92809.2229212816,93323.66080852397,92294.78503403923,93838.09869576634,91780.34714679686,92441.13462500022,93062.79363156305,91819.4756184374,92441.13462500022,92751.96412828163,92130.30512171882,91966.37995373674,92396.41146059202,99110.1757617187,90763.66177343784,91240.57438749967,91387.35343749981,92441.13462500022,838.108979668929,51.947454251940506,52.86233181781683,NaN,NaN,NaN,NaN,-15.13942518665678,146.52004250175378,161.65946768841056,46.47699899812289,46.50368725170147
1765404000,92611.04586743598,92668.26,92162.75,92463.345,95738.76,89640.99,92689.875,NaN,NaN,NaN,NaN,NaN,92798.99309829419,93310.10928534393,92287.87691124444,93821.22547239368,91776.7607241947,92456.94337500022,93063.80075045007,91850.08599955037,92456.94337500022,92760.37206272515,92153.5146872753,91985.8687790804,92402.49632781092,99098.86847851556,90767.67089062533,91267.61607499966,91426.6839999998,92456.94337500022,814.3519096925766,52.253633295957165,52.484691317468105,NaN,NaN,NaN,NaN,-21.620508449220495,134.63383212688495,156.25434057610545,34.31397360404166,43.41466164200457
1765407600,92537.19543371799,92537.19543371799,92498.21,92515.455,95738.76,89640.99,92689.875,NaN,NaN,NaN,NaN,NaN,92798.35136186193,93309.06256234401,92287.64016137985,93819.7737628261,91776.92896089777,92465.99912500022,93070.66949159928,91861.32875840116,92465.99912500022,92768.33430829975,92163.6639417007,92006.63686617528,92412.76529800992,99087.4830195312,90771.24467968782,91294.88938749966,91465.2375937498,92465.99912500022,761.4589471229634,53.054983070954414,52.22815453958764,NaN,NaN,NaN,NaN,-22.648345634803405,127.9439085326012,150.5922541674046,28.153560175086074,36.314844259083536