time,open,high,low,close,Plot,Plot,Mid Price,Breakout Up,Breakout Down,Fake Breakout,Breakout midPrice Up,Breakout midPrice Down,VWAP,Upper Band #1,Lower Band #1,Upper Band #2,Lower Band #2,Basis,Upper,Lower,Basis,Upper,Lower,EMA,EMA,MA,MA,MA,MA,MA,ATR,RSI,RSI-based MA,Regular Bullish,Regular Bullish Label,Regular Bearish,Regular Bearish Label,Histogram,MACD,Signal,%K,%D
1763431200,0.7961626538089912,0.79636,0.79589,0.7960625,0.79658,0.7932,0.79489,NaN,NaN,NaN,NaN,NaN,0.7961334500321354,0.7962593825678632,0.7960075174964076,0.796385315103591,0.7958815849606798,0.7955913749999903,0.7969771117186939,0.7942056382812868,0.7955913749999903,0.7962842433593421,0.7948985066406385,0.7951371335136328,0.7955792015596279,0.7980712753906202,0.8024918125000126,0.8007310874999917,0.7946566562499966,0.7955913749999903,0.0008326208451200879,59.786936810578574,62.800993462919145,NaN,NaN,NaN,NaN,-0.000034192718058622166,0.0005319207728470277,0.0005661134909056498,69.7353166337824,74.42627447414658
1763434800,0.7961125769044957,0.7961125769044957,0.79538,0.7956424999999999,0.79658,0.7932,0.79489,NaN,NaN,NaN,NaN,NaN,0.7960381268727464,0.7962464329483249,0.795829820797168,0.7964547390239033,0.7956215147215896,0.7956778749999904,0.7968298887817191,0.7945258612182617,0.7956778749999904,0.7962538818908548,0.7951018681091261,0.7951569518072158,0.7955849559632981,0.7980647421874953,0.8024811328125125,0.8006564374999915,0.7946312499999966,0.7956778749999904,0.000825474849361202,53.43420562232723,62.08846291266381,NaN,NaN,NaN,NaN,-0.00007747245366422379,0.0004692729238253701,0.0005467453774895939,53.965706504370736,66.66685637909833
1763438400,0.7958775384522478,0.7958775384522478,0.79399,0.7948375,0.79658,0.7932,0.79489,NaN,NaN,NaN,NaN,NaN,0.7957442130579425,0.7962731757858081,0.7952152503300769,0.7968021385136738,0.7946862876022113,0.7957153749999903,0.7966935867633461,0.7947371632366346,0.7957153749999903,0.7962044808816682,0.7952262691183125,0.7951444242853642,0.7955170054211801,0.7980574355468703,0.8024620156250124,0.8005794999999916,0.7945935624999966,0.7957153749999903,0.0009013365352816784,43.82282420751826,60.660530562482556,NaN,NaN,NaN,NaN,-0.0001568959120511117,0.0003506254874257042,0.0005075213994768159,41.604640796622,55.10188797825836
1763442000,0.795357519226124,0.795357519226124,0.79411,0.7944325,0.79658,0.7932,0.79489,NaN,NaN,NaN,NaN,NaN,0.7956200635507099,0.7962291880418597,0.7950109390595601,0.7968383125330095,0.7944018145684103,0.7957084999999904,0.7967201748818397,0.7946968251181411,0.7957084999999904,0.7962143374409151,0.7952026625590657,0.7951165056859382,0.7954184140192546,0.7980497539062452,0.8024436328125125,0.8005006624999916,0.7945500937499965,0.7957084999999904,0.0009260638703418431,39.931267391245875,59.12704975483401,NaN,NaN,NaN,NaN,-0.00022892538367986164,0.00022136466987698888,0.0004502900535568505,26.959596979023726,40.84331476000548
1763445600,0.794895009613062,0.794895009613062,0.79388,0.7944125,0.79658,0.7932,0.79489,NaN,NaN,NaN,NaN,NaN,0.7954592203171226,0.7961615899936766,0.7947568506405686,0.7968639596702306,0.7940544809640145,0.7956788749999903,0.7967999977647867,0.794557752235194,0.7956788749999903,0.7962394363823885,0.7951183136175922,0.7950888976198229,0.7953269672902314,0.7980423164062451,0.8024270546875124,0.8004219374999917,0.7945094374999966,0.7956788749999903,0.0009324171376789972,39.7435737391143,57.6654496111609,NaN,NaN,NaN,NaN,-0.00026745297590200905,0.00011597383367933922,0.0003834268095813483,22.573355772101337,30.37919784924901
1763449200,0.794653754806531,0.79512,0.79378,0.79457,0.79658,0.7932,0.79489,NaN,NaN,NaN,NaN,NaN,0.7953332460615862,0.7960649774729853,0.794601514650187,0.7967967088843845,0.7938697832387879,0.7956313749999904,0.7968515240702313,0.7944112259297494,0.7956313749999904,0.7962414495351109,0.7950213004648699,0.7950685486935554,0.7952581520820285,0.7980347871093701,0.8024106328125125,0.8003442749999917,0.7944695937499965,0.7956313749999904,0.0009615301992733551,42.05350424176171,56.26947730534761,NaN,NaN,NaN,NaN,-0.00027102534434345283,0.000044645129152032226,0.00031567047349548505,21.128432488281735,23.553795079802256
1763452800,0.7946118774032656,0.79548,0.79421,0.7950225000000001,0.79658,0.7932,0.79489,NaN,NaN,NaN,NaN,NaN,0.7952740459222665,0.7959693547007045,0.7945787371438284,0.7966646634791426,0.7938834283653904,0.7956133749999904,0.7968580539760566,0.7943686960239242,0.7956133749999904,0.7962357144880234,0.7949910355119574,0.7950667428624355,0.7952367291654805,0.7980278261718701,0.8023952265625125,0.8002717749999917,0.7944304687499966,0.7956133749999904,0.000983563756468115,48.19772846249653,55.18321853705934,NaN,NaN,NaN,NaN,-0.0002330572538488579,0.000024348906184412655,0.00025740616003327055,30.014214015270543,24.572000758551194
1763456400,0.7948171887016329,0.79638,0.7948171887016329,0.795795,0.79658,0.7932,0.79489,NaN,NaN,NaN,NaN,NaN,0.7953115131327626,0.7959824975084953,0.79464052875703,0.7966534818842279,0.7939695443812973,0.7956184999999903,0.7968652822851281,0.7943717177148526,0.7956184999999903,0.7962418911425593,0.7949951088574214,0.7950953019658694,0.7952874810595277,0.7980213945312451,0.8023820859375125,0.8002059249999917,0.7943986562499965,0.7956184999999903,0.0010249385808894715,56.64869922904244,54.507686764513366,NaN,NaN,NaN,NaN,-0.0001500899214627629,0.00006979375820481692,0.00021988367966757982,47.00929152148765,32.7173126750133
1763460000,0.7953060943508165,0.79755,0.7953060943508165,0.796915,0.79658,0.7932,0.79489,0.79658,NaN,NaN,NaN,NaN,0.7954086104458995,0.796137158365292,0.794680062526507,0.7968657062846844,0.7939515146071146,0.7956767499999904,0.7970455515986343,0.7943079484013464,0.7956767499999904,0.7963611507993124,0.7949923492006684,0.7951666626730902,0.7954354373268434,0.79801584570312,0.8023740468750125,0.8001446624999917,0.7943812187499966,0.7956767499999904,0.00111200765719619,65.44940568490638,54.30017542177012,NaN,NaN,NaN,NaN,-0.00002074849723219537,0.00019394805812733562,0.000214696555359531,65.55274694467464,47.52541749381093
1763463600,0.7961105471754082,0.79747,0.7961105471754082,0.7971550000000001,0.79658,0.7932,0.79489,NaN,NaN,NaN,NaN,NaN,0.7955196451161461,0.7963234855744933,0.794715804657799,0.7971273260328404,0.7939119641994519,0.7957564999999904,0.7972672931909768,0.7942457068090041,0.7957564999999904,0.7965118965954836,0.7950011034044973,0.7952446366859102,0.7955917612062213,0.7980103535156199,0.8023677421875126,0.8000839874999918,0.7943641249999964,0.7957564999999904,0.0011296823120101637,66.99560365443625,54.354902006270564,NaN,NaN,NaN,NaN,0.00007476676402885956,0.00030815501039560544,0.0002333882463667459,80.96270144209744,64.50824663608657
1763467200,0.7966327735877041,0.79698,0.79621,0.7965975,0.79658,0.7932,0.79489,NaN,NaN,NaN,NaN,NaN,0.795605554382931,0.796429964726088,0.7947811440397741,0.7972543750692449,0.7939567336966171,0.7958129999999904,0.7973604104386565,0.7942655895613244,0.7958129999999904,0.7965867052193235,0.7950392947806574,0.7952976901492078,0.7956831920056557,0.798004312499995,0.8023595390625126,0.8000204874999918,0.7943402187499965,0.7958129999999904,0.0011164907182951583,60.25050115774205,54.43241379305176,NaN,NaN,NaN,NaN,0.00009300837836204851,0.0003496487193193065,0.000256640340957258,82.47126436781684,76.32890425152964
1763470800,0.7966151367938521,0.79676,0.7955,0.7962525,0.79658,0.7932,0.79489,NaN,NaN,0.79658,NaN,NaN,0.7956785225791997,0.7964708883509091,0.7948861568074903,0.7972632541226184,0.7940937910357809,0.7958442499999905,0.7974006313209107,0.7942878686790703,0.7958442499999905,0.7966224406604505,0.7950660593395305,0.7953351336727683,0.7957349472778689,0.7979979453124949,0.8023525781250125,0.7999555249999918,0.7943066874999964,0.7958442499999905,0.0011267413812740784,56.46208183771687,54.05810728538851,NaN,NaN,NaN,NaN,0.00007520938092720467,0.00035065206711626384,0.00027544268618905917,76.61361626878926,80.01586069290117
1763474400,0.7964338183969261,0.79718,0.79612,0.7965975000000001,0.79658,0.7932,0.79489,0.79658,NaN,NaN,NaN,NaN,0.7957888656151975,0.7965940440802435,0.7949836871501514,0.7973992225452895,0.7941785086851054,0.7958822499999905,0.7974728520293716,0.7942916479706094,0.7958822499999905,0.7966775510146811,0.7950869489852999,0.7953846382346206,0.795813361161699,0.79799188867187,0.8023474609375125,0.7998916749999918,0.7942753749999965,0.7958822499999905,0.0011219741397544979,59.22326080104313,53.799568509072735,NaN,NaN,NaN,NaN,0.00007961664975760115,0.0003749634983860606,0.00029534684862845943,71.68435013262659,76.92307692307755
1763478000,0.796515659198463,0.79856,0.79639,0.79754,0.79658,0.7932,0.79489,NaN,NaN,NaN,NaN,NaN,0.7960092296345962,0.796953917821927,0.7950645414472653,0.7978986060092579,0.7941198532599345,0.7959508749999905,0.7976957333762728,0.7942060166237083,0.7959508749999905,0.7968233041881316,0.7950784458118494,0.7954691622254197,0.7959703283288173,0.7979864121093699,0.8023436171875125,0.7998332374999919,0.7942739374999965,0.7959508749999905,0.0011968331297720343,65.63517846989006,54.1167693792728,NaN,NaN,NaN,NaN,0.0001356609314429171,0.0004649230129321058,0.0003292620814891887,72.99313008445971,73.76369882862518
1763481600,0.7970278295992315,0.79996,0.7970278295992315,0.79915,0.79658,0.7932,0.79489,NaN,NaN,NaN,NaN,NaN,0.7962567519078364,0.7974478033927308,0.795065700422942,0.7986388548776252,0.7938746489380476,0.7960852499999904,0.798313889117601,0.7938566108823798,0.7960852499999904,0.7971995695587957,0.7949709304411852,0.7956135088048151,0.7962593893898339,0.797981835937495,0.8023446406250125,0.7997844124999918,0.7943210312499965,0.7960852499999904,0.0013207857919860704,73.34553711633646,55.08524082968408,NaN,NaN,NaN,NaN,0.00026342145044991767,0.0006585388945515858,0.0003951174441016681,80.09634658673865,74.9246089346083
1763485200,0.7980889147996157,0.80008,0.7980889147996157,0.79968,0.79658,0.7932,0.79489,NaN,NaN,NaN,NaN,NaN,0.7964649393363734,0.7978461309696445,0.7950837477031023,0.7992273226029156,0.7937025560698312,0.7962527499999904,0.7989780155496696,0.7935274844503112,0.7962527499999904,0.79761538277483,0.7948901172251508,0.7957729790477635,0.796570353990758,0.7979778398437449,0.8023471406250126,0.7997391374999918,0.7943791562499964,0.7962527499999904,0.0013686643211573701,75.3094655361866,56.64775939495975,NaN,NaN,NaN,NaN,0.0003599114324217369,0.0008450067346288392,0.00048509530220710234,86.40169513346551,79.83039060155461
1763488800,0.7988844573998078,0.79983,0.79865,0.7992999999999999,0.79658,0.7932,0.79489,NaN,NaN,NaN,NaN,NaN,0.7966433363783197,0.798144247926733,0.7951424248299065,0.7996451594751462,0.7936415132814932,0.7964248749999905,0.7994472029526073,0.7934025470473737,0.7964248749999905,0.797936038976299,0.794913711023682,0.79591129359491,0.7968185036279618,0.79797359179687,0.8023492890625125,0.7996901124999919,0.7944277812499966,0.7964248749999905,0.001355188298217563,71.25561950287329,58.60724477319939,NaN,NaN,NaN,NaN,0.000372849098262747,0.000951156675035536,0.000578307576772789,89.38768171777797,85.29524114599401
1763492400,0.7990922286999038,0.7992,0.79862,0.7989725000000001,0.79658,0.7932,0.79489,NaN,NaN,NaN,NaN,NaN,0.7967240454314368,0.7982574601384658,0.7951906307244079,0.7997908748454947,0.7936572160173789,0.7965669999999905,0.7997817094060816,0.7933522905938993,0.7965669999999905,0.7981743547030361,0.7949596452969449,0.7960313409049135,0.7970143214799653,0.79796902539062,0.8023481406250126,0.7996400999999917,0.7944691562499966,0.7965669999999905,0.0013069605626305873,67.86502324923994,60.6025130487704,NaN,NaN,NaN,NaN,0.00033524020604432407,0.0009973578343281941,0.0006621176282838701,87.89682539682481,87.89540074935609
1763496000,0.799032364349952,0.7998,0.799032364349952,0.7994300000000001,0.79658,0.7932,0.79489,NaN,NaN,NaN,NaN,NaN,0.7968039053448267,0.7983821045535763,0.7952257061360771,0.7999603037623259,0.7936475069273276,0.7967257499999905,0.8001686318329194,0.7932828681670615,0.7967257499999905,0.7984471909164549,0.795004309083526,0.7961646216537404,0.7972339286181503,0.79796441210937,0.8023452968750127,0.7995948624999919,0.7945184062499966,0.7967257499999905,0.0012727133795855361,70.01173057836796,62.76452425157424,NaN,NaN,NaN,NaN,0.00031725401661472326,0.0010586851490522742,0.0007414311324375509,86.5740740740742,87.95286039622566
1763499600,0.799231182174976,0.8,0.799231182174976,0.7997574999999999,0.79658,0.7932,0.79489,NaN,NaN,NaN,NaN,NaN,0.7968595754705212,0.7984714919607427,0.7952476589802997,0.8000834084509643,0.7936357424900782,0.7969061249999905,0.8005797197997967,0.7932325302001842,0.7969061249999905,0.7987429223998936,0.7950693276000873,0.7963055188437898,0.7974633441983184,0.79795995507812,0.8023391640625126,0.7995549874999918,0.7945712812499965,0.7969061249999905,0.0012367208399739998,71.48046147915275,64.86644976853073,NaN,NaN,NaN,NaN,0.0003034904405349012,0.0011207941831061774,0.0008173037425712762,88.86971237482322,87.78020394857407
1763503200,0.799494341087488,0.7997,0.79909,0.7994325,0.80008,0.79378,0.79693,NaN,NaN,NaN,NaN,NaN,0.7994075,0.7994075,0.7994075,0.7994075,0.7994075,0.7970746249999905,0.8008845991801113,0.7932646508198696,0.7970746249999905,0.7989796120900509,0.7951696379099301,0.796428145555798,0.7976423583621076,0.79795528320312,0.8023297265625124,0.7995116874999917,0.7946233749999965,0.7970746249999905,0.0011960622085472807,67.92514596066752,66.2755510184001,NaN,NaN,NaN,NaN,0.00025076228435363186,0.001130756598013316,0.0008799943136596842,90.6283973300429,88.69072792631344
1763506800,0.799463420543744,0.80036,0.799463420543744,0.799965,0.80008,0.79378,0.79693,NaN,NaN,NaN,NaN,NaN,0.7996241682513356,0.7998813645917288,0.7993669719109425,0.8001385609321219,0.7991097755705494,0.7972907499999905,0.8012391319870287,0.7933423680129523,0.7972907499999905,0.7992649409935095,0.7953165590064715,0.7965668457300804,0.797853507601916,0.7979504921874949,0.8023247265625125,0.7994726374999918,0.7947002187499965,0.7972907499999905,0.0011768791936510442,70.51301395575737,67.26585921316544,NaN,NaN,NaN,NaN,0.00023052809006386904,0.0011681544262395205,0.0009376263361756514,91.46230492951726,90.32013821146113
1763510400,0.799714210271872,0.8003,0.79948,0.79997,0.80008,0.79378,0.79693,NaN,NaN,NaN,NaN,NaN,0.7997875776612633,0.8000118285759089,0.7995633267466177,0.8002360794905545,0.7993390758319721,0.7975473749999905,0.8014917740356968,0.7936029759642842,0.7975473749999905,0.7995195745178437,0.7955751754821373,0.7967003027602734,0.7980459160017418,0.7979455351562449,0.8023185000000126,0.7994366874999917,0.7947968437499965,0.7975473749999905,0.0011513878226759727,70.53705142348603,67.62926248020686,NaN,NaN,NaN,NaN,0.00019753195366309004,0.001184541278254514,0.000987009324591424,90.6187536364114,90.90315196532384
1763514000,0.7998421051359359,0.80046,0.79978,0.8001325,0.80008,0.79378,0.79693,0.80008,NaN,NaN,NaN,NaN,0.799895876023433,0.8001384281467684,0.7996533239000977,0.8003809802701037,0.7994107717767623,0.7978323749999905,0.801657223853587,0.794007526146394,0.7978323749999905,0.7997447994267887,0.7959199505731923,0.7968348987304588,0.7982356054561289,0.7979407050781198,0.8023132421875125,0.7994019749999919,0.7949057812499964,0.7978323749999905,0.0011177172639133964,71.35435789167911,67.94060206858134,NaN,NaN,NaN,NaN,0.00016786765795291083,0.0011968438970325623,0.0010289762390796515,92.51891618076515,91.53332491556459
1763517600,0.799987302567968,0.801,0.799987302567968,0.8004875,0.80008,0.79378,0.79693,NaN,NaN,NaN,NaN,NaN,0.8000248778475921,0.800350914531929,0.7996988411632553,0.8006769512162658,0.7993728044789185,0.7981361249999904,0.8017873222355741,0.7944849277644067,0.7981361249999904,0.7999617236177823,0.7963105263821986,0.796978137995931,0.7984403231419354,0.7979357773437448,0.8023087968750126,0.7993696499999917,0.7950170624999965,0.7981361249999904,0.0011102158473504414,73.10932925565024,68.8590897898605,NaN,NaN,NaN,NaN,0.00015374904277450476,0.0012211625425477823,0.0010674134997732776,92.01810141438312,91.7185904105199
1763521200,0.800237401283984,0.80038,0.79984,0.80013,0.80008,0.79378,0.79693,NaN,NaN,NaN,NaN,NaN,0.8000428277051029,0.8003375101230603,0.7997481452871456,0.8006321925410177,0.7994534628691882,0.7984141249999904,0.8017717675142563,0.7950564824857246,0.7984141249999904,0.8000929462571233,0.7967353037428575,0.7971017404274631,0.7985939301290321,0.7979308632812447,0.8023020937500125,0.7993371999999919,0.7951140312499965,0.7984141249999904,0.00107716471539684,68.55442412200921,69.72282852445281,NaN,NaN,NaN,NaN,0.00010429376948219203,0.0011977807116260175,0.0010934869421438255,88.75037558290478,91.09579772601768
1763524800,0.8001837006419921,0.80059,0.79982,0.8001075,0.80008,0.79378,0.79693,NaN,NaN,NaN,NaN,NaN,0.8000576226138566,0.8003380323355919,0.7997772128921213,0.8006184420573271,0.7994968031703861,0.7986683749999905,0.8017160086315261,0.795620741368455,0.7986683749999905,0.8001921918157584,0.7971445581842227,0.7972196133518763,0.7987315273900292,0.7979263261718698,0.8022958515625126,0.7993058374999918,0.7952054687499965,0.7986683749999905,0.0010552243785827836,68.26615168902003,70.36874930216544,NaN,NaN,NaN,NaN,0.00005642390139782888,0.0011640168188911115,0.0011075929174932826,84.49795418715354,88.42214372814715
1763528400,0.800145600320996,0.800145600320996,0.79858,0.7995225,0.80008,0.79378,0.79693,NaN,NaN,0.80008,NaN,NaN,0.7999457139942082,0.8002981207643421,0.7995933072240743,0.8006505275344761,0.7992409004539404,0.7988547499999905,0.8016194882000924,0.7960900117998886,0.7988547499999905,0.8002371191000415,0.7974723808999395,0.7973099226321949,0.7988034339909356,0.7979215585937448,0.8022881171875126,0.7992724874999918,0.7952873749999966,0.7988547499999905,0.001091679803040875,61.07513800999187,70.04303212645843,NaN,NaN,NaN,NaN,-0.00002396888521260165,0.0010776318109775307,0.0011016006961901323,75.20525164084013,82.81786047029948
1763532000,0.799834050160498,0.799834050160498,0.79922,0.79948,0.80008,0.79378,0.79693,NaN,NaN,NaN,NaN,NaN,0.7998844862226797,0.8002443903473335,0.7995245820980259,0.8006042944719873,0.7991646779733721,0.7989829999999905,0.8016104791274208,0.7963555208725601,0.7989829999999905,0.8002967395637056,0.7976692604362753,0.7973950237054421,0.7988649399917596,0.7979168632812448,0.8022803671875126,0.7992362624999919,0.7953713437499965,0.7989829999999905,0.0010575634000020968,60.575906073766156,69.13091562341769,NaN,NaN,NaN,NaN,-0.00008585637180570757,0.000994280231432998,0.0010801366032387055,63.74313952585692,74.48211511795019
1763535600,0.799657025080249,0.80004,0.79884,0.799485,0.80008,0.79378,0.79693,NaN,NaN,NaN,NaN,NaN,0.7998270717842929,0.8001925541410045,0.7994615894275813,0.8005580364977162,0.7990961070708696,0.7990994999999905,0.8015957855535629,0.7966032144464181,0.7990994999999905,0.8003476427767767,0.7978513572232043,0.7974769835601306,0.7989213090834177,0.7979120683593698,0.8022736328125125,0.7992020749999917,0.7954512812499965,0.7990994999999905,0.0010677374428590884,60.61669251812998,68.08143183641366,NaN,NaN,NaN,NaN,-0.0001296738274741869,0.0009180443188959719,0.0010477181463701588,49.32873318678157,62.75904145115953
1763539200,0.7995710125401245,0.80029,0.799,0.79971,0.80008,0.79378,0.79693,NaN,NaN,NaN,NaN,NaN,0.7998059641260594,0.8001508411982392,0.7994610870538796,0.800495718270419,0.7991162099816999,0.7992551249999904,0.8014815809848663,0.7970286690151145,0.7992551249999904,0.8003683529924284,0.7981418970075524,0.7975645528322823,0.7989930082576525,0.7979075839843699,0.8022674765625126,0.7991675624999918,0.7955333749999965,0.7992551249999904,0.001083613339797718,62.49695241694742,67.45581275884751,NaN,NaN,NaN,NaN,-0.00014553291547966547,0.000865802002020577,0.0010113349175002425,43.958901297833854,52.34359133682411
1763542800,0.7996405062700622,0.80152,0.7996405062700622,0.80071,0.80008,0.79378,0.79693,0.80008,NaN,NaN,NaN,NaN,0.7999034019631508,0.8003216475472961,0.7994851563790055,0.8007398931314413,0.7990669107948603,0.7994779999999905,0.8013160952273828,0.7976399047725982,0.7994779999999905,0.8003970476136866,0.7985589523862944,0.7976879037016046,0.7991490984160478,0.7979041191406199,0.8022652109375127,0.7991361874999918,0.7956294374999965,0.7994779999999905,0.0011404619390934373,69.47277191282045,67.57065194910327,NaN,NaN,NaN,NaN,-0.00009324649226704956,0.0008947768021664304,0.00098802329443348,52.179962894249684,48.489199126288376
1763546400,0.8001752531350311,0.803,0.8001752531350311,0.8021375,0.80008,0.79378,0.79693,NaN,NaN,NaN,NaN,NaN,0.8001218638339634,0.8008393047985135,0.7994044228694134,0.8015567457630636,0.7986869819048633,0.7997549999999906,0.8014363120068023,0.7980736879931788,0.7997549999999906,0.8005956560033964,0.7989143439965847,0.7978623976740907,0.7994207712873161,0.7979020683593697,0.8022675078125125,0.7991120374999917,0.7957434687499966,0.7997549999999906,0.0012607680052274003,76.26094491296807,68.0170244015747,NaN,NaN,NaN,NaN,0.000026505855374827194,0.001021155613652014,0.0009946497582771867,66.54320660241241,54.227356931498655
1763550000,0.8011563765675156,0.80306,0.8011563765675156,0.8022524999999999,0.80008,0.79378,0.79693,NaN,NaN,NaN,NaN,NaN,0.8002745355041057,0.8011482549688627,0.7994008160393486,0.8020219744336197,0.7985270965745916,0.7999906249999904,0.8016850245256636,0.7982962254743172,0.7999906249999904,0.8008378247628269,0.7991434252371539,0.7980345585496166,0.7996782011702874,0.7979002539062447,0.8022692343750126,0.7990869124999918,0.7958659374999966,0.7999906249999904,0.001306686250031472,76.71024535976522,68.39058039304702,NaN,NaN,NaN,NaN,0.00009844582550537018,0.0011177070401588995,0.0010192612146535294,78.30361711992424,65.67559553886211
1763553600,0.8017044382837577,0.80219,0.80112,0.8017475,0.80008,0.79378,0.79693,NaN,NaN,NaN,NaN,NaN,0.8003801350057326,0.8012989096924907,0.7994613603189744,0.8022176843792489,0.7985425856322163,0.8001204999999905,0.8019314421760357,0.7983095578239452,0.8001204999999905,0.8010259710880131,0.7992150289119678,0.7981801640966905,0.7998663192457158,0.7978980449218698,0.8022689921875126,0.7990580999999918,0.7959854999999966,0.8001204999999905,0.0012942443750292147,70.4082884332032,68.56794771251386,NaN,NaN,NaN,NaN,0.0000968553820652157,0.001140330442235049,0.0010434750601698334,77.72166558931129,74.189496437216
1763557200,0.8017259691418788,0.8027,0.80088,0.802025,0.80008,0.79378,0.79693,NaN,NaN,NaN,NaN,NaN,0.8005111594608302,0.80148463222686,0.7995376866948004,0.8024581049928897,0.7985642139287706,0.8002377499999905,0.8022154095546199,0.7982600904453612,0.8002377499999905,0.8012265797773052,0.7992489202226759,0.7983309419752516,0.8000625629506507,0.7978959999999948,0.8022697734375127,0.7990305249999917,0.7961108749999966,0.8002377499999905,0.0013317983482414087,71.78021857243782,68.65846232799103,NaN,NaN,NaN,NaN,0.00009897744252289299,0.0011671968633234497,0.0010682194208005568,76.52529761904687,77.51686010942747
1763560800,0.8018754845709394,0.8038,0.8018754845709394,0.8030425,0.80008,0.79378,0.79693,NaN,NaN,NaN,NaN,NaN,0.8008192559870546,0.8020311350128267,0.7996073769612825,0.8032430140385989,0.7983954979355103,0.8004248749999905,0.8026983137504513,0.7981514362495297,0.8004248749999905,0.8015615943752209,0.7992881556247601,0.7985157089566143,0.8003334663187733,0.7978949394531198,0.8022736718750126,0.7990070499999917,0.7962490624999965,0.8004248749999905,0.0013741352825856353,76.14699642393946,69.05917268516627,NaN,NaN,NaN,NaN,0.0001503146681973151,0.0012561127560472007,0.0011057980878498856,77.69631739189924,77.31442686675247
1763564400,0.8024589922854697,0.80508,0.8024589922854697,0.804205,0.80008,0.79378,0.79693,NaN,NaN,NaN,NaN,NaN,0.8011712372450511,0.8026769876188058,0.7996654868712965,0.8041827379925605,0.7981597364975418,0.8006864999999905,0.8033940308980932,0.7979789691018878,0.8006864999999905,0.8020402654490418,0.7993327345509392,0.7987388184092961,0.8006854239261576,0.7978948925781199,0.8022801640625128,0.7989895749999917,0.7964058749999966,0.8006864999999905,0.0014631975991531137,79.9620745558217,69.67400958974788,NaN,NaN,NaN,NaN,0.00023871878749193122,0.0014041965722147998,0.0011654777847228685,82.97476290471973,79.06545930522195
1763568000,0.8033319961427348,0.80542,0.8033319961427348,0.804735,0.80008,0.79378,0.79693,NaN,NaN,NaN,NaN,NaN,0.8014589232565897,0.8031749385431907,0.7997429079699888,0.8048909538297916,0.7980268926833879,0.8009517499999905,0.8041158620894324,0.7977876379105486,0.8009517499999905,0.8025338060447115,0.7993696939552696,0.7989739627854021,0.8010535672055978,0.7978954316406199,0.8022863203125127,0.7989735749999918,0.7965741249999965,0.8009517499999905,0.001507826617589696,81.42105354559348,70.26770418188669,NaN,NaN,NaN,NaN,0.00030481266681912055,0.0015464936182467692,0.0012416809514276487,87.33744913418207,82.66950981026702
1763571600,0.8040334980713674,0.80557,0.8040334980713674,0.8048175,0.80008,0.79378,0.79693,NaN,NaN,NaN,NaN,NaN,0.8017133348971817,0.8035863036468299,0.7998403661475334,0.8054592723964782,0.7979673973978851,0.8012047499999906,0.8047344989024325,0.7976750010975486,0.8012047499999906,0.8029696244512116,0.7994398755487696,0.7992031211075432,0.8013957429141798,0.7978964199218698,0.8022934218750126,0.7989570374999917,0.7967360624999965,0.8012047499999906,0.0015098748540927633,81.6450862348966,71.20275147566436,NaN,NaN,NaN,NaN,0.0003242050353033752,0.0016469372455568676,0.0013227322102534924,88.5861541808,86.29945540656728
1763575200,0.8044254990356836,0.80544,0.8044254990356836,0.80504,0.80008,0.79378,0.79693,NaN,NaN,NaN,NaN,NaN,0.8018798127193278,0.8038401190000667,0.799919506438589,0.8058004252808055,0.7979592001578502,0.8014851249999906,0.8052875375567498,0.7976827124432314,0.8014851249999906,0.8033863312783701,0.799583918721611,0.7994320183190121,0.8017270390128908,0.7978979199218699,0.8023028671875126,0.7989442374999918,0.7968946874999965,0.8014851249999906,0.0014744910048230255,82.26617472973403,72.20275312142965,NaN,NaN,NaN,NaN,0.0003215047656284964,0.001724613167289113,0.0014031084016606166,90.54591354399302,88.82317228632503
1763578800,0.8047327495178418,0.80672,0.8047327495178418,0.8059400000000001,0.80008,0.79378,0.79693,NaN,NaN,NaN,NaN,NaN,0.8021607572761925,0.8043029474407549,0.8000185671116301,0.8064451376053173,0.7978763769470677,0.8017838749999905,0.8059801067919912,0.7975876432079898,0.8017838749999905,0.8038819908959908,0.7996857591039902,0.799687233286894,0.8021100354662644,0.79790024804687,0.8023154453125126,0.7989419874999917,0.7970692499999965,0.8017838749999905,0.001511116681775538,84.5443429345173,73.87912490175289,NaN,NaN,NaN,NaN,0.0003476025038012293,0.0018376115314121533,0.001490009027610924,90.58462778588716,89.90556517022674
1763582400,0.805336374758921,0.80648,0.805336374758921,0.806195,0.80008,0.79378,0.79693,NaN,NaN,NaN,NaN,NaN,0.8022978485899075,0.8045189587063566,0.8000767384734584,0.8067400688228057,0.7978556283570093,0.8020951249999906,0.8066177825430587,0.7975724674569225,0.8020951249999906,0.8043564537715246,0.7998337962284565,0.7999424398246628,0.8024813958784222,0.79790250976562,0.8023261875000125,0.7989436749999916,0.7972724374999964,0.8020951249999906,0.0014848672931543588,85.12732449468656,75.63279764610435,NaN,NaN,NaN,NaN,0.0003484275392419832,0.001925543451663403,0.0015771159124214197,91.95227530748578,91.02760554578866
1763586000,0.8057656873794605,0.80666,0.80545,0.8059275,0.80008,0.79378,0.79693,NaN,NaN,NaN,NaN,NaN,0.8024019630056682,0.8046759391492131,0.8001279868621234,0.806949915292758,0.7978540107185785,0.8023848749999904,0.80710564307864,0.7976641069213409,0.8023848749999904,0.8047452590393152,0.8000244909606657,0.8001771480668329,0.8027946780712929,0.7979060937499951,0.8023335546875126,0.7989465749999916,0.7974851874999964,0.8023848749999904,0.0014652339150719076,81.64810564608146,77.13504144095802,NaN,NaN,NaN,NaN,0.00029923001831658777,0.0019511534353171545,0.0016519234170005667,91.05784741765574,91.19825017034289
1763589600,0.8058465936897303,0.8058465936897303,0.80516,0.8054075,0.80672,0.79858,0.80265,NaN,NaN,NaN,NaN,NaN,0.8054713645632434,0.8054713645632434,0.8054713645632434,0.8054713645632434,0.8054713645632434,0.8026308749999906,0.8074424062792077,0.7978193437207736,0.8026308749999906,0.8050366406395992,0.800225109360382,0.8003822599073492,0.803032207337539,0.7979113359374951,0.8023375468750127,0.7989497874999916,0.7976712499999964,0.8026308749999906,0.0014153957782810592,75.21280570208869,78.04331667561097,NaN,NaN,NaN,NaN,0.00020446237764704589,0.001907501389059374,0.001703039011412328,88.17751937151093,90.39588069888414
1763593200,0.8056270468448652,0.80567,0.8051,0.805425,0.80672,0.79858,0.80265,NaN,NaN,NaN,NaN,NaN,0.8054417094577648,0.8054775748084692,0.8054058441070605,0.8055134401591735,0.8053699787563562,0.8028956249999906,0.8077102916292905,0.7980809583706906,0.8028956249999906,0.8053029583146405,0.8004882916853406,0.8005800144207865,0.8032497339432173,0.7979172324218701,0.8023420234375127,0.7989555124999916,0.7978309374999963,0.8028956249999906,0.001355010365546695,75.28340991636529,78.45836224729274,NaN,NaN,NaN,NaN,0.00011993612826657722,0.0018529591717455496,0.0017330230434789724,83.80271104252219,87.67935927722961
1763596800,0.8055260234224326,0.80614,0.80536,0.8055775,0.80672,0.79858,0.80265,NaN,NaN,NaN,NaN,NaN,0.8055523460983275,0.805679723556202,0.805424968640453,0.8058071010140765,0.8052975911825785,0.8031691249999906,0.8079404527241133,0.7983977972758679,0.8031691249999906,0.805554788862052,0.8007834611379292,0.8007759942474223,0.8034613490392885,0.797924101562495,0.8023492265625126,0.7989618749999914,0.7979859374999964,0.8031691249999906,0.0013139381965790742,75.92691427665861,78.43450291612778,NaN,NaN,NaN,NaN,0.00005460201612150642,0.0018012755636308553,0.0017466735475093489,80.70344033487753,84.22789024963689
1763600400,0.8055517617112162,0.8063,0.80524,0.8057974999999999,0.80672,0.79858,0.80265,NaN,NaN,NaN,NaN,NaN,0.8056287384250782,0.8057779096513733,0.8054795671987831,0.8059270808776684,0.805330395972488,0.8034828749999905,0.8080756854959844,0.7988900645039966,0.8034828749999905,0.8057792802479875,0.8011864697519935,0.800972916041641,0.8036737263993531,0.797931429687495,0.8023574765625126,0.7989706374999915,0.7981350937499964,0.8034828749999905,0.0012957997539662874,76.86277605302448,78.4453979656463,NaN,NaN,NaN,NaN,0.000008905329168306135,0.0017578052089697316,0.0017488998798014254,81.61784980790425,82.04133372843467
1763604000,0.8056746308556081,0.8068,0.8056746308556081,0.8064749999999999,0.80672,0.79858,0.80265,NaN,NaN,NaN,NaN,NaN,0.805773391025077,0.8060834565839089,0.805463325466245,0.8063935221427408,0.805153259907413,0.8038326249999905,0.8082133291387605,0.7994519208612205,0.8038326249999905,0.8060229770693755,0.8016422729306055,0.801188684040008,0.8039283876357756,0.79793850585937,0.8023656562500125,0.7989816749999913,0.7982912812499964,0.8038326249999905,0.0012836261389966865,79.5051592418414,79.0951744519776,NaN,NaN,NaN,NaN,0.000007088779875540595,0.0017577608546458512,0.0017506720747703106,86.383515364679,82.90160183582026
1763607600,0.806074815427804,0.80729,0.806074815427804,0.8068474999999999,0.80672,0.79858,0.80265,0.80672,NaN,NaN,NaN,NaN,0.8059333226994656,0.8063902634812457,0.8054763819176856,0.8068472042630257,0.8050194411359055,0.8042007499999905,0.8082856037690738,0.8001158962309072,0.8042007499999905,0.8062431768845322,0.8021583231154488,0.8014105983913802,0.8041937614870687,0.79794538476562,0.8023732734375126,0.7989901374999914,0.7984526874999964,0.8042007499999905,0.0012787374556537758,80.80327480384888,79.73967846850697,NaN,NaN,NaN,NaN,0.000013390133056744719,0.0017674097410912415,0.0017540196080344968,90.180475259141,86.06061347724142
1763611200,0.806461157713902,0.80707,0.80644,0.8068,0.80672,0.79858,0.80265,NaN,NaN,NaN,NaN,NaN,0.8060195788066701,0.8065215726962052,0.805517584917135,0.8070235665857403,0.8050155910275999,0.8045552499999905,0.808229648224783,0.800880851775198,0.8045552499999905,0.8063924491123868,0.8027180508875942,0.8016219474740711,0.8044306922609715,0.79795205273437,0.8023801875000126,0.7989973124999914,0.7986130937499964,0.8045552499999905,0.0012323990659642138,80.10650613423716,80.0225005906711,NaN,NaN,NaN,NaN,-0.0000023846347326466743,0.0017510388146186884,0.001753423449351335,92.06494909302137,89.54297990561379
1763614800,0.806630578856951,0.80709,0.80636,0.8067300000000001,0.80672,0.79858,0.80265,NaN,NaN,NaN,NaN,NaN,0.8061198795970597,0.8066462948856461,0.8055934643084732,0.8071727101742325,0.8050670490198868,0.8048562499999905,0.8081920432061347,0.8015204567938463,0.8048562499999905,0.8065241466030626,0.8031883533969184,0.8018222632594016,0.8046397202372468,0.797958734374995,0.8023865234375126,0.7990052874999912,0.7987721874999963,0.8048562499999905,0.001196513418395342,79.02503860981619,79.9555694516707,NaN,NaN,NaN,NaN,-0.000032599810437858876,0.0017126736863040115,0.0017452734967418704,89.17872201788593,90.47471545668277
1763618400,0.8066802894284755,0.80703,0.806,0.8065625000000001,0.80672,0.79858,0.80265,NaN,NaN,0.80672,NaN,NaN,0.8061796228713719,0.8066873724342998,0.805671873308444,0.8071951219972276,0.8051641237455162,0.8050774999999906,0.8082454090207923,0.8019095909791888,0.8050774999999906,0.8066614545103915,0.8034935454895896,0.8020081548962879,0.8048145183974972,0.7979652851562451,0.8023924609375126,0.7990105124999913,0.7989316562499964,0.8050774999999906,0.0011846196027956728,76.36823235341173,79.59465365222913,NaN,NaN,NaN,NaN,-0.00007642994528872125,0.001649736065130969,0.0017261660104196902,84.45624008389602,88.56663706493445
1763622000,0.8066213947142378,0.80688,0.80606,0.8063675,0.80672,0.79858,0.80265,NaN,NaN,NaN,NaN,NaN,0.8062183223602042,0.8066950677299451,0.8057415769904632,0.8071718130996861,0.8052648316207223,0.8052832499999905,0.8082163388692961,0.8023501611306848,0.8052832499999905,0.8067497944346432,0.8038167055653377,0.8021791096062374,0.8049556985431793,0.7979713066406201,0.8023973984375126,0.7990099874999913,0.7990857812499963,0.8052832499999905,0.001158575345453128,73.27948722361725,78.99711086570917,NaN,NaN,NaN,NaN,-0.00012807681112127732,0.0015660699965180935,0.0016941468076393709,77.10232308142743,83.5790950610698
1763625600,0.806494447357119,0.80685,0.80571,0.8061799999999999,0.80672,0.79858,0.80265,NaN,NaN,NaN,NaN,NaN,0.8062214118817838,0.8066715119209918,0.8057713118425757,0.8071216119601999,0.8053212118033676,0.8055048749999905,0.8079680165412052,0.8030417334587757,0.8055048749999905,0.8067364457705979,0.804273304229383,0.8023360072687379,0.8050669986756175,0.7979767636718702,0.8024010390625126,0.7990078374999914,0.7992323437499964,0.8055048749999905,0.001157248535063613,70.33381217123078,78.14479925438752,NaN,NaN,NaN,NaN,-0.00018114509301005296,0.0014677154413768045,0.0016488605343868575,67.34984032558891,76.30280116363745
1763629200,0.8063372236785594,0.8063372236785594,0.8055,0.8058025,0.80672,0.79858,0.80265,NaN,NaN,NaN,NaN,NaN,0.8061950776463741,0.8066369685486998,0.8057531867440484,0.8070788594510255,0.8053112958417227,0.8056937499999904,0.8075699646239956,0.8038175353759853,0.8056937499999904,0.806631857311993,0.8047556426879878,0.8024719481601599,0.8051338624323795,0.7979821894531202,0.8024035234375126,0.7990046249999914,0.7993741249999964,0.8056937499999904,0.0011343896167418858,64.69516873974808,76.7270010976183,NaN,NaN,NaN,NaN,-0.00024403485373431064,0.0013438169672189693,0.00158785182095328,52.15568961016991,65.53595100572875
1763632800,0.8060698618392796,0.8066,0.80547,0.8060075000000001,0.80672,0.79858,0.80265,NaN,NaN,NaN,NaN,NaN,0.8061839020849538,0.8066130176221273,0.8057547865477803,0.8070421331593008,0.8053256710106068,0.8058419999999906,0.8072724305518657,0.8044115694481155,0.8058419999999906,0.8065572152759282,0.8051267847240531,0.8026105972519183,0.8052132840294359,0.7979882265624952,0.8024070390625125,0.7990032374999911,0.7995141562499964,0.8058419999999906,0.0011340760726888913,66.27629775850369,75.38049918789095,NaN,NaN,NaN,NaN,-0.0002720537479726124,0.0012477846359875144,0.0015198383839601268,43.36999579245853,54.29184190940578
1763636400,0.8060386809196398,0.80726,0.8060386809196398,0.8068299999999999,0.80672,0.79858,0.80265,0.80672,NaN,NaN,NaN,NaN,0.8062141030675565,0.8066482964767521,0.8057799096583609,0.8070824898859477,0.8053457162491653,0.8059732499999905,0.8072525077202395,0.8046939922797416,0.8059732499999905,0.806612878860115,0.8053336211398661,0.8027760640263528,0.8053602582085782,0.7979950898437453,0.8024134843750126,0.7990057124999912,0.7996584062499964,0.8059732499999905,0.001142534924639676,71.74406038361492,74.67306738342906,NaN,NaN,NaN,NaN,-0.00023671998899374175,0.0012239383977179497,0.0014606583867116914,50.83713850837186,48.787607970333426
1763640000,0.8064343404598199,0.80768,0.8064343404598199,0.8074049999999999,0.80672,0.79858,0.80265,NaN,NaN,NaN,NaN,NaN,0.8062690204982559,0.8067458628386589,0.8057921781578529,0.8072227051790619,0.8053153358174499,0.8061067499999904,0.8073984699060426,0.8048150300939383,0.8061067499999904,0.8067526099530165,0.8054608900469644,0.8029575909272801,0.8055461438259801,0.7980023183593702,0.8024223750000126,0.7990114374999913,0.7998118749999963,0.8061067499999904,0.0011499009686068474,74.81791115227887,74.64486062987122,NaN,NaN,NaN,NaN,-0.00017878560741146693,0.0012371763774473576,0.0014159619848588246,69.92495840855244,54.71069756979427
1763643600,0.80691967022991,0.8078,0.80525,0.8067625,0.80672,0.79858,0.80265,NaN,NaN,NaN,NaN,NaN,0.8063548301482755,0.8067913583523444,0.8059183019442065,0.8072278865564133,0.8054817737401376,0.8062039999999906,0.8073805536811562,0.805027446318825,0.8062039999999906,0.8067922768405734,0.8056157231594078,0.8031068030477789,0.8056567216599819,0.7980092656249952,0.8024293828125126,0.7990150124999913,0.7999609374999963,0.8062039999999906,0.0012499080422777827,66.15743703189548,73.99300542383764,NaN,NaN,NaN,NaN,-0.00018701312657700515,0.001182195576637568,0.0013692087032145732,75.93639177042428,65.56616289578285
1763647200,0.806841085114955,0.80734,0.80526,0.8063725,0.80672,0.79858,0.80265,NaN,NaN,0.80672,NaN,NaN,0.8063494930385297,0.806746386986972,0.8059525990900873,0.8071432809354143,0.805555705141645,0.8062706249999906,0.8073200163724049,0.8052212336275762,0.8062706249999906,0.8067953206861977,0.8057459293137834,0.8032348695949248,0.8057217924181654,0.7980163300781202,0.8024360468750127,0.7990149999999914,0.8001054374999963,0.8062706249999906,0.0013092003249722246,61.503583923387495,72.96276754146115,NaN,NaN,NaN,NaN,-0.00021973814235389205,0.001094536025272208,0.0013142741676261,64.35067425710784,70.07067481202819
1763650800,0.8066067925574776,0.80754,0.80631,0.8067025,0.80672,0.79858,0.80265,NaN,NaN,NaN,NaN,NaN,0.8063961426254576,0.806801208418405,0.8059910768325101,0.8072062742113524,0.8055860110395627,0.8063087499999906,0.8073627181279297,0.8052547818720515,0.8063087499999906,0.8068357340639601,0.805781765936021,0.8033708551010063,0.8058109476528776,0.7980239980468703,0.8024419296875125,0.7990182124999913,0.8002653124999963,0.8063087499999906,0.0013035431589027845,63.82260806805356,72.03132697110608,NaN,NaN,NaN,NaN,-0.00021965266938518604,0.0010397083308946176,0.0012593610002798036,53.55724060457752,64.61476887736988
1763654400,0.8066546462787387,0.8066546462787387,0.80499,0.8058675,0.80672,0.79858,0.80265,NaN,NaN,NaN,NaN,NaN,0.8063491094181642,0.8067666442293052,0.8059315746070231,0.8071841790404463,0.8055140397958821,0.8062923749999905,0.8073629490295623,0.8052218009704187,0.8062923749999905,0.8068276620147764,0.8057570879852046,0.8034687627441041,0.8058160887753433,0.7980315312499954,0.8024419687500124,0.7990198374999913,0.8004125624999963,0.8062923749999905,0.0013327543618383004,54.823331250622466,70.2683392574476,NaN,NaN,NaN,NaN,-0.0002728536438327926,0.0009182939454888128,0.0011911475893216054,44.1422745236153,54.01672979510022
1763658000,0.8062610731393693,0.8062610731393693,0.8049,0.8055075,0.80672,0.79858,0.80265,NaN,NaN,NaN,NaN,NaN,0.8062722827323212,0.8067332151994661,0.8058113502651764,0.8071941476666109,0.8053504177980315,0.8062713749999906,0.8073853515492055,0.8051573984507756,0.8062713749999906,0.8068283632745981,0.8057143867253831,0.8035487132247274,0.8057880352503121,0.7980391523437455,0.8024378125000127,0.7990184124999914,0.8005492812499965,0.8062713749999906,0.0013347771316619499,51.454661056585834,68.17200970407166,NaN,NaN,NaN,NaN,-0.0003257293692395442,0.0007839858777721753,0.0011097152470117195,36.378939394304844,44.692818174165886
1763661600,0.8058842865696847,0.8063,0.80517,0.8056175,0.80672,0.79858,0.80265,NaN,NaN,NaN,NaN,NaN,0.8062437072167651,0.8067101647169655,0.8057772497165646,0.807176622217166,0.8053107922163641,0.8062818749999906,0.8073666594265408,0.8051970905734404,0.8062818749999906,0.8068242672132657,0.8057394827867155,0.8036298421178754,0.8057725320457383,0.7980465273437454,0.8024325078125125,0.7990169374999913,0.8006819374999964,0.8062818749999906,0.0013201501936860938,52.41676480563553,66.19417103774298,NaN,NaN,NaN,NaN,-0.0003448926968347688,0.0006785993759682585,0.0010234920728030273,25.639137726511663,35.386783881477264
1763665200,0.8057508932848423,0.8057508932848423,0.80488,0.8052549999999999,0.80672,0.79858,0.80265,NaN,NaN,NaN,NaN,NaN,0.8062087893447489,0.8067001842763591,0.8057173944131387,0.8071915792079694,0.8052259994815285,0.8062733749999905,0.8073871594283192,0.8051595905716619,0.8062733749999905,0.8068302672141549,0.8057164827858262,0.8036935737995273,0.8057254836779439,0.7980538339843705,0.8024259218750125,0.7990126624999913,0.8008036249999962,0.8062733749999905,0.0012880604144829618,48.972276821029375,64.04754519568678,NaN,NaN,NaN,NaN,-0.0003712889392341037,0.0005593808987603976,0.0009306698379945013,19.510706975279955,27.176261365365487
1763668800,0.8055029466424211,0.80613,0.80524,0.8057075,0.80672,0.79858,0.80265,NaN,NaN,NaN,NaN,NaN,0.8061932423632258,0.8066851597080315,0.8057013250184201,0.8071770770528371,0.8052094076736144,0.8062798749999907,0.8073787568188774,0.8051809931811039,0.8062798749999907,0.806829315909434,0.8057304340905473,0.8037725512975851,0.8057238487981309,0.7980618007812456,0.8024215468750124,0.7990132124999912,0.8009326874999964,0.8062798749999907,0.001259627527734183,53.114103683344496,62.38653600496769,NaN,NaN,NaN,NaN,-0.0003479772592555712,0.0004956982639250374,0.0008436755231806085,21.974295386552754,22.374713362781453
1763672400,0.8056052233212105,0.8064,0.8056052233212105,0.8060075,0.80672,0.79858,0.80265,NaN,NaN,NaN,NaN,NaN,0.8061893945134078,0.8066770097567771,0.8057017792700384,0.8071646250001465,0.805214164026669,0.8062903749999906,0.8073745340067052,0.8052062159932759,0.8062903749999906,0.806832454503348,0.8057482954966332,0.8038601963447386,0.805749635271028,0.7980703222656207,0.8024156718750124,0.7990176499999913,0.8010616249999962,0.8062903749999906,0.0012264238956667033,55.68242352501663,61.12960288363906,NaN,NaN,NaN,NaN,-0.0003036707364879904,0.0004640871025706206,0.000767757839058611,26.598173515980548,22.694391959271083
1763676000,0.8058063616606053,0.80618,0.80556,0.8058375,0.8078,0.80488,0.8063400000000001,NaN,NaN,NaN,NaN,NaN,0.8058591666666666,0.8058591815678278,0.8058591517655054,0.805859196468989,0.8058591368643442,0.8062584999999907,0.8073564702018114,0.8051605297981699,0.8062584999999907,0.8068074851009011,0.8057095148990803,0.8039377376645528,0.8057576229736618,0.7980795292968706,0.8024076875000125,0.7990214249999913,0.8011877187499964,0.8062584999999907,0.0011831079031190783,53.88124461494037,59.95441948676118,NaN,NaN,NaN,NaN,-0.0002778298490940823,0.0004204705276910081,0.0006983003767850904,33.24771689497663,27.27339526583664
1763679600,0.8058219308303026,0.80606,0.80536,0.805685,0.8078,0.80488,0.8063400000000001,NaN,NaN,NaN,NaN,NaN,0.80578550921587,0.8058640943820404,0.8057069240496996,0.8059426795482109,0.8056283388835291,0.8062003749999906,0.8072905221240201,0.8051102278759612,0.8062003749999906,0.8067454485620054,0.8056553014379759,0.804006257756139,0.8057510208851472,0.7980887949218707,0.8024012265625124,0.7990207624999914,0.8013142812499963,0.8062003749999906,0.0011486001957534324,52.248500377870656,59.06537174662708,NaN,NaN,NaN,NaN,-0.0002631674466887742,0.00036934106842412273,0.0006325085151128969,32.990867579907714,30.94558599695496
1763683200,0.8057534654151512,0.80615,0.80502,0.8054524999999999,0.8078,0.80488,0.8063400000000001,NaN,NaN,NaN,NaN,NaN,0.8056888037659803,0.8058231329376685,0.8055544745942921,0.8059574621093567,0.8054201454226039,0.8061329999999906,0.8072330984341044,0.8050329015658767,0.8061329999999906,0.8066830492170475,0.8055829507829336,0.8040629731382511,0.8057238826228611,0.7980981074218707,0.8023949687500125,0.7990168374999914,0.8014390937499962,0.8061329999999906,0.0011472716103424782,49.772189945495185,57.88650690284076,NaN,NaN,NaN,NaN,-0.00026078573073473317,0.0003065263516944805,0.0005673120824292137,26.655251141550433,30.964611872144925
1763686800,0.8056029827075756,0.8056029827075756,0.80474,0.8052175,0.8078,0.80488,0.8063400000000001,NaN,NaN,NaN,NaN,NaN,0.8055374425084372,0.8057937098011613,0.8052811752157131,0.8060499770938854,0.805024907922989,0.8060573749999905,0.8071903737874598,0.8049243762125212,0.8060573749999905,0.8066238743937252,0.8054908756062559,0.804108248701457,0.8056778478389647,0.7981069277343706,0.8023885390625125,0.7990151499999915,0.8015589687499963,0.8060573749999905,0.0011269652601448418,47.33043892598128,56.14267679872406,NaN,NaN,NaN,NaN,-0.0002657913253454301,0.000235072925747426,0.0005008642510928561,20.92641089921365,26.857509873557262
1763690400,0.8054102413537878,0.80545,0.80476,0.8051375,0.8078,0.80488,0.8063400000000001,NaN,NaN,NaN,NaN,NaN,0.8054479491679422,0.8057333522937731,0.8051625460421112,0.806018755419604,0.8048771429162803,0.8059861249999904,0.8071615329090737,0.8048107170909072,0.8059861249999904,0.806573828954532,0.8053984210454489,0.8041486114974783,0.8056287253081497,0.7981152792968708,0.8023812265625125,0.7990172249999915,0.8016752187499963,0.8059861249999904,0.0010957534558487794,46.49421922526626,54.1195559467946,NaN,NaN,NaN,NaN,-0.0002646672114749985,0.000170030236749108,0.0004346974482241065,16.066978541795596,21.216213527519887
1763694000,0.8052738706768938,0.8052738706768938,0.80459,0.8048125,0.8078,0.80488,0.8063400000000001,NaN,0.80488,NaN,NaN,NaN,0.8053768522651893,0.8057016576975343,0.8050520468328443,0.8060264631298794,0.8047272414004992,0.8059083749999905,0.8071747845910884,0.8046419654088925,0.8059083749999905,0.8065415797955394,0.8052751702044415,0.8041746463407144,0.8055545230074088,0.7981238203124957,0.8023722578125125,0.7990176999999915,0.8017832812499963,0.8059083749999905,0.0010663332573519948,43.15825205917737,52.476757020171874,NaN,NaN,NaN,NaN,-0.0002747921405111582,0.0000912072725851587,0.0003659994130963169,12.045714707728552,16.34636804957926
1763697600,0.805043185338447,0.805043185338447,0.80418,0.804565,0.8078,0.80488,0.8063400000000001,NaN,NaN,NaN,NaN,NaN,0.805268681837884,0.8056732067877836,0.8048641568879844,0.8060777317376833,0.8044596319380848,0.8058276249999906,0.8072146672672623,0.8044405827327189,0.8058276249999906,0.8065211461336265,0.8051341038663548,0.8041899543273531,0.8054645663703717,0.7981327695312457,0.8023619921875126,0.7990168624999915,0.8018845624999964,0.8058276249999906,0.0010518226917159224,40.75979824563399,50.99505804318948,NaN,NaN,NaN,NaN,-0.0002858648103814675,0.000008668400119482556,0.00029453321050095004,10.663634097706124,12.925442449076753
1763701200,0.8048040926692235,0.8048040926692235,0.80422,0.80454,0.8078,0.80488,0.8063400000000001,NaN,NaN,NaN,NaN,NaN,0.8052028970239886,0.8056434308102464,0.8047623632377309,0.8060839645965041,0.8043218294514731,0.8057644999999904,0.80726096802993,0.8042680319700509,0.8057644999999904,0.8065127340149603,0.8050162659850206,0.8042036816086333,0.8053805148821561,0.7981416425781207,0.8023509921875125,0.7990150624999915,0.8019871874999964,0.8057644999999904,0.0010184134043950304,40.51487415980023,49.33021990688567,NaN,NaN,NaN,NaN,-0.0002821000842675784,-0.00005809189483352295,0.00022400818943405545,11.182746619973988,11.297365141802885
1763704800,0.8046720463346118,0.80474,0.80394,0.8044775,0.8078,0.80488,0.8063400000000001,NaN,NaN,NaN,NaN,NaN,0.8051146093008401,0.8056018892760518,0.8046273293256284,0.8060891692512635,0.8041400493504167,0.8056879999999905,0.8072803164147467,0.8040956835852343,0.8056879999999905,0.8064841582073686,0.8048918417926124,0.8042144195847654,0.805298422620142,0.7981501757812457,0.8023401328125125,0.7990107999999916,0.8020949374999964,0.8056879999999905,0.001002812446938244,39.869860549350335,48.26211485679481,NaN,NaN,NaN,NaN,-0.00027098311820091176,-0.00011472070831708425,0.0001562624098838275,15.951820158166363,12.59940029194882
1763708400,0.8045747731673059,0.80484,0.80357,0.804305,0.8078,0.80488,0.8063400000000001,NaN,NaN,NaN,NaN,NaN,0.8049808425528667,0.8055290381914105,0.8044326469143229,0.8060772338299543,0.8038844512757791,0.8055617499999906,0.8071721599829355,0.8039513400170458,0.8055617499999906,0.806366954991463,0.8047565450085182,0.8042179717579118,0.8052081114728563,0.7981587792968706,0.8023283828125125,0.7990066249999914,0.8021971249999963,0.8055617499999906,0.0010218972721569406,38.06844745506129,47.3059567424002,NaN,NaN,NaN,NaN,-0.0002622429979788914,-0.00017154133758978674,0.00009070166038910466,20.78961952997717,15.974728769372504
1763712000,0.804439886583653,0.80555,0.80366,0.80471,0.8078,0.80488,0.8063400000000001,NaN,NaN,NaN,NaN,NaN,0.8049149651720507,0.8054254050067507,0.8044045253373507,0.8059358448414508,0.8038940855026507,0.8054269999999907,0.8068363869458767,0.8040176130541047,0.8054269999999907,0.8061316934729337,0.8047223065270477,0.8042372669830917,0.8051628286116875,0.7981679199218706,0.8023155703125125,0.7990028749999916,0.8023028124999962,0.8054269999999907,0.0010839046098600124,44.418134550618966,46.73462600989901,NaN,NaN,NaN,NaN,-0.00021799840453611398,-0.00018179634528103783,0.00003620205925507616,29.368003485688956,22.03648105794416
1763715600,0.8045749432918265,0.80566,0.8045749432918265,0.80532,0.8078,0.80488,0.8063400000000001,NaN,NaN,0.80488,NaN,NaN,0.8049509239307908,0.8054349355326408,0.8044669123289409,0.8059189471344907,0.8039829007270909,0.8053548749999905,0.8066241823906437,0.8040855676093372,0.8053548749999905,0.8059895286953171,0.8047202213046638,0.8042797271014018,0.8051771169197159,0.7981777929687456,0.8023026250000125,0.7990013749999915,0.8024174374999962,0.8053548749999905,0.0010839869025966898,52.34354222313984,46.97543068147833,NaN,NaN,NaN,NaN,-0.00014024018627049374,-0.000139098173583041,0.0000011420126874527292,42.6972909305077,30.951637982057935
1763719200,0.8049474716459133,0.80611,0.8049474716459133,0.8055375,0.8078,0.80488,0.8063400000000001,NaN,NaN,NaN,NaN,NaN,0.8050204633791269,0.8055121576168812,0.8045287691413726,0.8060038518546355,0.8040370749036183,0.8053131249999905,0.8064979149610257,0.8041283350389553,0.8053131249999905,0.8059055199805081,0.804720730019473,0.8043290515287979,0.8052098790179236,0.7981880058593707,0.8022910000000125,0.7990035999999915,0.8025358749999963,0.8053131249999905,0.0010895970062745476,54.81739509800464,47.097094353954056,NaN,NaN,NaN,NaN,-0.00007028128881965836,-0.00008670959833712022,-0.00001642830951746186,57.21436984687955,43.0932214210254
1763722800,0.8052424858229567,0.80722,0.8052424858229567,0.8063675,0.8078,0.80488,0.8063400000000001,NaN,NaN,NaN,NaN,NaN,0.8051092718250433,0.8056822862994067,0.8045362573506799,0.8062553007737702,0.8039632428763165,0.8052963749999906,0.8064094220570109,0.8041833279429703,0.8052963749999906,0.8058528985285007,0.8047398514714805,0.8044089906845313,0.8053151172890215,0.7981988476562456,0.8022832187500125,0.7990102124999915,0.8026699374999963,0.8052963749999906,0.001153019661329465,62.761542691708,47.602745723003444,NaN,NaN,NaN,NaN,0.000030370288798250372,0.000021534551480351105,-0.000008835737317899268,69.33475321490259,56.415471330763275
1763726400,0.8058049929114783,0.80726,0.80564,0.806515,0.8078,0.80488,0.8063400000000001,NaN,NaN,NaN,NaN,NaN,0.805328995904015,0.8060545736089975,0.8046034181990325,0.80678015131398,0.80387784049405,0.8053287499999906,0.8065397222599456,0.8041177777400356,0.8053287499999906,0.8059342361299681,0.8047232638700131,0.8044915792851379,0.8054241975354741,0.7982095117187457,0.8022749531250124,0.7990185999999916,0.8028159062499963,0.8053287499999906,0.0011863753998059285,63.9737953948736,48.32364220728439,NaN,NaN,NaN,NaN,0.00010135834612440227,0.00011786219533760356,0.0000165038492132013,75.32570063909968,67.29160790029394
1763730000,0.8061599964557391,0.80705,0.80596,0.8064525,0.8078,0.80488,0.8063400000000001,NaN,NaN,NaN,NaN,NaN,0.8054367763478537,0.8062053668951079,0.8046681858005995,0.8069739574423621,0.8038995952533453,0.8053759999999904,0.8066812570877375,0.8040707429122433,0.8053759999999904,0.8060286285438639,0.8047233714561169,0.8045684781367012,0.8055176795777037,0.7982203183593706,0.8022666406250124,0.7990291749999916,0.8029661562499963,0.8053759999999904,0.001179491442676936,63.03737199003582,49.09427589386762,NaN,NaN,NaN,NaN,0.00013639984676712085,0.00018700365767210236,0.00005060381090498151,78.19022162824376,74.28355849408202
1763733600,0.8063062482278696,0.80808,0.8063062482278696,0.8071325,0.8078,0.80488,0.8063400000000001,NaN,NaN,NaN,NaN,NaN,0.805608286752876,0.8065031187181804,0.8047134547875716,0.8073979506834847,0.8038186228222672,0.8054517499999905,0.8069637479545563,0.8039397520454247,0.8054517499999905,0.8062077489772733,0.8046957510227076,0.8046690280136933,0.805664481434276,0.7982321191406206,0.8022633750000125,0.7990427374999917,0.8031251562499964,0.8054517499999905,0.0012219386090664736,68.44866936836758,50.4283101383585,NaN,NaN,NaN,NaN,0.00019414754125715884,0.00029328823747643007,0.00009914069621927123,78.97265336289767,77.49619187674703
1763737200,0.8067193741139348,0.80868,0.80624,0.8076325,0.8078,0.80488,0.8063400000000001,NaN,NaN,NaN,NaN,NaN,0.8058212888271618,0.8068569951807809,0.8047855824735426,0.8078927015344001,0.8037498761199234,0.8055706249999905,0.8073519179999861,0.803789331999995,0.8055706249999905,0.8064612714999883,0.8046799784999928,0.8047852426013916,0.8058433922129782,0.7982443144531206,0.8022642968750124,0.7990599874999915,0.8032884374999965,0.8055706249999905,0.001308942994133154,71.7263471421096,52.1708750109391,NaN,NaN,NaN,NaN,0.0002511701275841351,0.0004131033556994401,0.00016193322811530503,78.86954681976448,78.67747393696862
1763740800,0.8071759370569673,0.80986,0.8071759370569673,0.8089375000000001,0.8078,0.80488,0.8063400000000001,0.8078,NaN,NaN,NaN,NaN,0.8060088702704622,0.8072330607724632,0.8047846797684612,0.8084572512744641,0.8035604892664603,0.8057321249999905,0.8080412586584668,0.8034229913415142,0.8057321249999905,0.8068866918292287,0.8045775581707523,0.8049480762248664,0.8061246747390711,0.7982568515624956,0.8022678515625123,0.7990862749999917,0.8034623749999964,0.8057321249999905,0.0014071658476259785,78.11626430367352,54.42959251653962,NaN,NaN,NaN,NaN,0.00035554976380751857,0.0006063704328747033,0.0002508206690671847,81.2753241896739,79.70584145744535
1763744400,0.8080567185284837,0.80906,0.8080567185284837,0.80857,0.8078,0.80488,0.8063400000000001,NaN,NaN,NaN,NaN,NaN,0.8061252176928708,0.8074343762398589,0.8048160591458827,0.808743534786847,0.8035069005988946,0.8058602499999905,0.8084797871375458,0.8032407128624353,0.8058602499999905,0.8071700185687681,0.8045504814312129,0.8050901124513422,0.8063469770355192,0.7982686132812457,0.8022687109375124,0.7991118499999916,0.8036220624999963,0.8058602499999905,0.001378316963618144,73.10559827262452,56.56868867464299,NaN,NaN,NaN,NaN,0.0003765947158704301,0.0007215640639052223,0.0003449693480347922,81.44203257015543,80.5289678598646
1763748000,0.8083133592642419,0.80907,0.80828,0.8086025,0.8078,0.80488,0.8063400000000001,NaN,NaN,NaN,NaN,NaN,0.80621805566072,0.8075880008791452,0.8048481104422949,0.8089579460975703,0.8034781652238697,0.8059984999999905,0.8088776328667885,0.8031193671331925,0.8059984999999905,0.8074380664333896,0.8045589335665915,0.8052278531395248,0.8065520245777447,0.7982809492187456,0.8022690000000126,0.7991414124999916,0.8037681562499964,0.8059984999999905,0.001336294323359702,73.26889654075826,58.890767124294726,NaN,NaN,NaN,NaN,0.0003689726211926233,0.0008061851245255713,0.00043721250333294805,81.6110227874936,81.44279318244095
1763751600,0.8084579296321209,0.80874,0.80753,0.8082075,0.8078,0.80488,0.8063400000000001,NaN,NaN,NaN,NaN,NaN,0.8062693273056499,0.8076564370472509,0.804882217564049,0.8090435467888518,0.803495107822448,0.8061246249999906,0.8091548157120966,0.8030944342878846,0.8061246249999906,0.8076397203560436,0.8046095296439376,0.805344702036014,0.8067025223434042,0.7982927207031205,0.8022668046875123,0.7991731374999916,0.8039063124999964,0.8061246249999906,0.0013272733002625838,67.87470844561284,60.84504100185277,NaN,NaN,NaN,NaN,0.0003156591252675002,0.0008317864099173233,0.0005161272846498231,77.74244833068322,80.26516789611073
1763755200,0.8083327148160604,0.8083327148160604,0.80758,0.8078375000000001,0.8078,0.80488,0.8063400000000001,NaN,NaN,NaN,NaN,NaN,0.8063116724803154,0.8077054384933612,0.8049179064672697,0.8090992045064069,0.8035241404542239,0.8062438749999906,0.8093457472171736,0.8031420027828077,0.8062438749999906,0.8077948111085821,0.8046929388913991,0.8054424588189154,0.8068057021303675,0.7983035976562456,0.8022615703125124,0.7992031874999916,0.8040468124999964,0.8062438749999906,0.0012862334085338586,63.182346560815816,62.5102185741003,NaN,NaN,NaN,NaN,0.0002373779163805541,0.0008128496801255158,0.0005754717637449617,73.86062533121363,77.73803214979681
1763758800,0.8080851074080302,0.80864,0.80752,0.8080900000000001,0.8078,0.80488,0.8063400000000001,NaN,NaN,NaN,NaN,NaN,0.8063510403697679,0.8077537571868058,0.80494832355273,0.8091564740038436,0.8035456067356922,0.8063874999999905,0.8095513655257114,0.8032236344742696,0.8063874999999905,0.8079694327628509,0.80480556723713,0.8055462839632717,0.8069224564821523,0.7983140078124956,0.8022594453125125,0.7992408249999917,0.8041947812499964,0.8063874999999905,0.0012743595936385837,64.9625137939855,64.43122331259488,NaN,NaN,NaN,NaN,0.00018673652247595178,0.0008088924168399014,0.0006221558943639496,71.00851325709058,74.20386230632913
1763935200,0.8080875537040151,0.80868,0.80771,0.8081025000000001,0.80986,0.80357,0.8067150000000001,NaN,NaN,NaN,NaN,NaN,0.8081641666666668,0.8081641666666668,0.8081641666666668,0.8081641666666668,0.8081641666666668,0.8065357499999907,0.8097291616261673,0.8033423383738141,0.8065357499999907,0.8081324558130789,0.8049390441869024,0.8056465277294179,0.807029733165593,0.7983245468749957,0.8022562812500125,0.7992846374999917,0.8043385937499965,0.8065357499999907,0.0012526196226643933,65.05259887970847,65.90511362181556,NaN,NaN,NaN,NaN,0.00014033208505560043,0.0007975710006834502,0.0006572389156278498,68.68108761126989,71.18340873319136
1763938800,0.8080950268520075,0.80898,0.8080950268520075,0.808545,0.80986,0.80357,0.8067150000000001,NaN,NaN,NaN,NaN,NaN,0.8083263500162362,0.8085125002828931,0.8081401997495793,0.80869865054955,0.8079540494829224,0.8067223749999906,0.8099273806555641,0.803517369344417,0.8067223749999906,0.8083248778277774,0.8051198721722037,0.8057601933086564,0.8071674846959936,0.7983354277343706,0.8022529140625124,0.7993290999999916,0.8044761562499965,0.8067223749999906,0.0012263591601878309,68.17230110385067,67.03573925615204,NaN,NaN,NaN,NaN,0.00012613763739884238,0.0008149109623764028,0.0006887733249775604,70.47639417836935,70.05533168224326
1763942400,0.8083200134260038,0.80896,0.8083200134260038,0.8086525,0.80986,0.80357,0.8067150000000001,NaN,NaN,NaN,NaN,NaN,0.8084468288073872,0.8086596473425829,0.8082340102721914,0.8088724658777786,0.8080211917369957,0.8069267499999906,0.8100762273874685,0.8037772726125126,0.8069267499999906,0.8085014886937296,0.8053520113062516,0.8058736171004739,0.807302486087267,0.7983454980468706,0.8022514140625125,0.7993738624999916,0.8045949374999963,0.8069267499999906,0.0011844754040312873,68.89866975931933,68.0415445891031,NaN,NaN,NaN,NaN,0.00011120947314659116,0.0008277851664107994,0.0007165756932642082,71.27571185786299,70.14439788250073
1763946000,0.8084862567130019,0.80922,0.80836,0.8087225,0.80986,0.80357,0.8067150000000001,NaN,NaN,NaN,NaN,NaN,0.8085257008505456,0.8087564019614245,0.8082949997396668,0.8089871030723034,0.8080642986287879,0.8071358749999906,0.8101772403598644,0.8040945096401169,0.8071358749999906,0.8086565576799275,0.8056151923200537,0.8059853379984945,0.8074315782611518,0.7983551035156207,0.8022494765625124,0.7994186999999916,0.8047079687499965,0.8071358749999906,0.00116129858945763,69.38857230775942,68.51490384739249,NaN,NaN,NaN,NaN,0.00009395735730662784,0.000834022389897493,0.0007400650325908652,73.37543210104118,71.70917937909115
1763949600,0.8086043783565009,0.80885,0.80838,0.8086749999999999,0.80986,0.80357,0.8067150000000001,NaN,NaN,NaN,NaN,NaN,0.808547252361256,0.8087584859565177,0.8083360187659944,0.8089697195517793,0.8081247851707327,0.8073457499999905,0.8101977848551957,0.8044937151447854,0.8073457499999905,0.808771767427593,0.805919732572388,0.80609081493973,0.807544616601047,0.7983641777343705,0.8022461250000126,0.7994622249999915,0.8048251562499965,0.8073457499999905,0.0011119201187820827,68.59893373975758,68.84527087202706,NaN,NaN,NaN,NaN,0.00006844029473246946,0.000825615401006452,0.0007571751062739826,72.16999141792398,72.27371179227605
1763953200,0.8086396891782504,0.80877,0.80828,0.8085625,0.80986,0.80357,0.8067150000000001,NaN,NaN,NaN,NaN,NaN,0.808546024749267,0.808743542969876,0.8083485065286579,0.8089410611904851,0.8081509883080488,0.8075586249999904,0.8100883885765242,0.8050288614234566,0.8075586249999904,0.8088235067882573,0.8062937432117235,0.806187743765623,0.8076371514554973,0.7983728144531205,0.8022411796875126,0.7995037374999916,0.8049450312499966,0.8075586249999904,0.0010674972531547905,66.66395987262828,69.1043128636408,NaN,NaN,NaN,NaN,0.000034776432825150104,0.0008006456473054202,0.0007658692144802701,68.93928895853307,71.49490415916607
1763956800,0.8086010945891251,0.8086010945891251,0.8082,0.808415,0.80986,0.80357,0.8067150000000001,NaN,NaN,NaN,NaN,NaN,0.8085333536825586,0.8087260211506195,0.8083406862144977,0.8089186886186804,0.8081480187464368,0.8077438749999905,0.8099316081311337,0.8055561418688472,0.8077438749999905,0.8088377415655621,0.8066500084344188,0.8062750871473633,0.807707864959543,0.7983811953124955,0.8022342265625125,0.7995445374999914,0.8050573437499965,0.8077438749999905,0.0010198970628669535,64.1106015133102,68.79445087399385,NaN,NaN,NaN,NaN,-0.00000454185056495489,0.0007601919012740765,0.0007647337518390314,64.61857203569794,68.57595080405166
1763960400,0.8085080472945625,0.8085080472945625,0.80798,0.808225,0.80986,0.80357,0.8067150000000001,NaN,NaN,NaN,NaN,NaN,0.8084934679062638,0.8086991749805366,0.8082877608319909,0.8089048820548094,0.8080820537577181,0.8078891249999905,0.80977937584388,0.805998874156101,0.8078891249999905,0.8088342504219354,0.8069439995780457,0.8063515543180549,0.8077548772359482,0.7983895664062455,0.8022268750000124,0.7995834624999916,0.8051631874999965,0.8078891249999905,0.0009847649365594899,60.87605480096396,68.01942999248345,NaN,NaN,NaN,NaN,-0.000048044985326605805,0.0007046775201807742,0.00075272250550738,54.44173918352673,62.6665333925859
1763964000,0.8083665236472812,0.80876,0.80791,0.8083899999999999,0.80986,0.80357,0.8067150000000001,NaN,NaN,NaN,NaN,NaN,0.8084813427871875,0.8086818576188197,0.8082808279555553,0.8088823724504519,0.8080803131239231,0.8080317499999905,0.8095924638800628,0.8064710361199182,0.8080317499999905,0.8088121069400266,0.8072513930599544,0.8064314933644057,0.8078126156690438,0.7983984003906206,0.8022212812500126,0.7996222374999915,0.8052751562499966,0.8080317499999905,0.0009751388696623847,62.63891581367969,66.91390510034103,NaN,NaN,NaN,NaN,-0.00006912582274870311,0.0006663152270715011,0.0007354410498202043,50.11474319175843,56.391684803661015
1763967600,0.8083782618236406,0.81007,0.8083782618236406,0.8092825,0.80986,0.80357,0.8067150000000001,NaN,NaN,NaN,NaN,NaN,0.8086164909418642,0.8089597524084663,0.808273229475262,0.8093030138750684,0.8079299680086599,0.8081774999999907,0.8096300099187128,0.8067249900812685,0.8081774999999907,0.8089037549593517,0.8074512450406296,0.8065432975461937,0.8079462415173125,0.7984079609374956,0.8022181718750124,0.7996661999999914,0.8053916249999965,0.8081774999999907,0.001026324534426455,70.40642573727455,66.72110706210175,NaN,NaN,NaN,NaN,-0.000028462804098292765,0.0006998625446973383,0.0007283253487956311,53.12633456864122,52.56093898130877
1763971200,0.8088303809118202,0.8102,0.80772,0.808965,0.80986,0.80357,0.8067150000000001,NaN,NaN,NaN,NaN,NaN,0.8086844301624919,0.8090212863364785,0.8083475739885053,0.8093581425104651,0.8080107178145187,0.8082999999999906,0.8095731889354157,0.8070268110645654,0.8082999999999906,0.8089365944677032,0.807663405532278,0.8066382662698723,0.8080388559248296,0.7984171542968705,0.8022148125000126,0.7997078624999914,0.8055040624999965,0.8082999999999906,0.0011301584962531395,65.21230450254615,66.14563620222945,NaN,NaN,NaN,NaN,-0.000028386056000416254,0.0006928427787951108,0.0007212288347955271,58.07067603160571,53.7705845973351
1763974800,0.8088976904559102,0.8088976904559102,0.807,0.8075699999999999,0.80986,0.80357,0.8067150000000001,NaN,NaN,NaN,NaN,NaN,0.808573184680461,0.8090001845450089,0.8081461848159132,0.8094271844095567,0.8077191849513653,0.8083558749999906,0.8093719708382102,0.807339779161771,0.8083558749999906,0.8088639229191005,0.8078478270808808,0.8066748048475244,0.8079962326589359,0.7984248535156206,0.8022103671875126,0.7997413999999914,0.8055970312499966,0.8083558749999906,0.0011897900322350578,48.33864104483388,64.75020281645952,NaN,NaN,NaN,NaN,-0.00012245085446034175,0.0005681652667200998,0.0006906161211804416,46.949352502194195,52.715454367480355
1763978400,0.808233845227955,0.808233845227955,0.80625,0.806745,0.80986,0.80357,0.8067150000000001,NaN,NaN,NaN,NaN,NaN,0.808437298278694,0.8090295153048981,0.80784508125249,0.8096217323311021,0.807252864226286,0.8083364999999905,0.8094548038789047,0.8072181961210763,0.8083364999999905,0.8088956519394476,0.8077773480605334,0.8066775575986019,0.8078824842353963,0.7984317167968706,0.8022037890625127,0.7997709749999915,0.8056752499999966,0.8083364999999905,0.00124650826050077,41.499695176611574,63.201442003302084,NaN,NaN,NaN,NaN,-0.00023393555966514051,0.00039819667159901595,0.0006321322312641565,28.087352005792756,44.36912684653087
1763982000,0.8074894226139775,0.8074894226139775,0.80606,0.8066424999999999,0.80986,0.80357,0.8067150000000001,NaN,NaN,NaN,NaN,NaN,0.8083332247369954,0.8090375828098072,0.8076288666641837,0.809741940882619,0.8069245085913719,0.8082869999999905,0.8095968116524092,0.8069771883475719,0.8082869999999905,0.8089419058261998,0.8076320941737812,0.8066761827908137,0.8077697583958149,0.7984387871093706,0.8021951171875126,0.7998008124999915,0.8057566562499966,0.8082869999999905,0.0012595735714633933,40.728703106901925,61.470455525653264,NaN,NaN,NaN,NaN,-0.0003038530639023725,0.00025231590138619087,0.0005561689652885634,14.804731292931079,29.947145266972658
1763985600,0.8070659613069887,0.80752,0.80688,0.80722,0.80986,0.80357,0.8067150000000001,NaN,NaN,NaN,NaN,NaN,0.8082336081071514,0.808978289905209,0.8074889263090937,0.8097229717032667,0.8067442445110361,0.8082011249999905,0.8095535954257995,0.8068486545741815,0.8082011249999905,0.808877360212895,0.807524889787086,0.8066975089558798,0.8077197803598317,0.7984464277343706,0.8021874921875126,0.7998327374999916,0.8058455624999965,0.8082011249999905,0.001232282602073157,46.73317258629019,60.16192507612338,NaN,NaN,NaN,NaN,-0.0002999633067664235,0.000181214831830534,0.0004811781385969575,18.207005850098778,20.366363049607518
1763989200,0.8071429806534944,0.80774,0.80711,0.8074425000000001,0.80986,0.80357,0.8067150000000001,NaN,NaN,NaN,NaN,NaN,0.8081595632453362,0.8089061287372267,0.8074129977534458,0.8096526942291171,0.8066664322615553,0.8081447499999905,0.8095247327226911,0.80676476727729,0.8081447499999905,0.8088347413613408,0.8074547586386402,0.8067267242909433,0.8076945730543925,0.7984545136718706,0.8021817109375127,0.7998663374999915,0.8059445624999965,0.8081447499999905,0.00118926241621079,48.8818349545649,58.784034636888684,NaN,NaN,NaN,NaN,-0.0002719880891855529,0.00014119302711501636,0.00041318111630056926,25.16103059581336,19.390922579614386
1763992800,0.8072927403267472,0.80808,0.80709,0.8076125000000001,0.80986,0.80357,0.8067150000000001,NaN,NaN,NaN,NaN,NaN,0.8081030345923984,0.808831320591982,0.8073747485928148,0.8095596065915657,0.8066464625932311,0.8080952499999906,0.8094770250592797,0.8067134749407016,0.8080952499999906,0.8087861375296351,0.8074043624703461,0.8067614605932593,0.8076871118676295,0.7984630429687456,0.8021772968750126,0.7999014874999915,0.8060462187499965,0.8080952499999906,0.001175029386481451,50.523973333143296,57.47155632073326,NaN,NaN,NaN,NaN,-0.00023311359022071607,0.00012178912852467416,0.00035490271874539023,32.971014492754826,25.44635031288897
1763996400,0.8074526201633736,0.80876,0.8074526201633736,0.8079675000000001,0.80986,0.80357,0.8067150000000001,NaN,NaN,NaN,NaN,NaN,0.8080985285001252,0.8087877198321468,0.8074093371681036,0.8094769111641684,0.806720145836082,0.8080832499999906,0.8094650858495754,0.8067014141504057,0.8080832499999906,0.808774167924783,0.8073923320751982,0.8068087562562687,0.8077126016978451,0.7984713769531206,0.8021731875000124,0.7999412249999915,0.8061522499999967,0.8080832499999906,0.0011844829900632353,53.85746991686872,56.36219186424106,NaN,NaN,NaN,NaN,-0.00017710791747900517,0.00013351782189663375,0.0003106257393756389,38.9895330112734,32.37385936661385
1764000000,0.8077100600816869,0.80846,0.8075,0.8080274999999999,0.80986,0.80357,0.8067150000000001,NaN,NaN,NaN,NaN,NaN,0.8080928247778884,0.8087630166187977,0.807422632936979,0.809433208459707,0.8067524410960697,0.8080927499999906,0.8094703030169005,0.8067151969830807,0.8080927499999906,0.8087815265084456,0.8074039734915356,0.8068565501285718,0.8077412288162228,0.7984794003906207,0.8021679453125126,0.7999839874999916,0.8062562187499965,0.8080927499999906,0.0011684484907730015,54.41648126822708,55.34915954484603,NaN,NaN,NaN,NaN,-0.00013172321286717412,0.0001459717232916713,0.0002776949361588454,43.69967793880827,38.553408480945485
1764003600,0.8078687800408434,0.80922,0.8078687800408434,0.8086625000000001,0.80986,0.80357,0.8067150000000001,NaN,NaN,NaN,NaN,NaN,0.8081199222656339,0.8087809324201007,0.807458912111167,0.8094419425745676,0.8067979019567002,0.8081213749999906,0.809521123638821,0.8067216263611602,0.8081213749999906,0.8088212493194058,0.8074215006805754,0.8069273716921572,0.8078249807420207,0.7984878945312456,0.8021630156250126,0.8000306499999915,0.8063556249999966,0.8081213749999906,0.0011815035956575484,59.94695036462826,54.86937315141745,NaN,NaN,NaN,NaN,-0.00005837928598489305,0.00020472082867772912,0.00026310011466262217,52.1537842190014,44.94766505636101
1764007200,0.8082656400204218,0.80864,0.80766,0.8081375000000001,0.80986,0.80357,0.8067150000000001,NaN,NaN,NaN,NaN,NaN,0.8081207886720303,0.8087706702327992,0.8074709071112613,0.8094205517935682,0.8068210255504924,0.8081231249999906,0.8095228623868658,0.8067233876131155,0.8081231249999906,0.8088229936934281,0.8074232563065531,0.8069748277042295,0.8078533915836552,0.7984964531249956,0.8021544765625125,0.8000746249999915,0.8064306249999966,0.8081231249999906,0.0011687176245391531,54.10252375899981,54.154510454680995,NaN,NaN,NaN,NaN,-0.00004525130191281333,0.0002065359872716055,0.0002517872891844188,53.52254428341365,49.79200214707442
1764010800,0.808201570010211,0.808201570010211,0.80763,0.80779,0.80986,0.80357,0.8067150000000001,NaN,NaN,NaN,NaN,NaN,0.8081122097520841,0.8087523016942599,0.8074721178099082,0.8093923936364358,0.8068320258677324,0.8080853749999907,0.8094782724304695,0.8066924775695118,0.8080853749999907,0.8087818237152301,0.8073889262847512,0.8070067952452401,0.8078476287124138,0.7985046132812456,0.8021462734375125,0.8001176874999915,0.8064998437499966,0.8080853749999907,0.0011260642235157148,50.58697054931999,53.41957586527786,NaN,NaN,NaN,NaN,-0.000059122922637402535,0.00017788363588766565,0.00023700655852506818,51.61030595813275,52.42887815351592
1764014400,0.8079957850051055,0.8083,0.80762,0.807975,0.80986,0.80357,0.8067150000000001,NaN,NaN,NaN,NaN,NaN,0.8081075869321992,0.808738071274203,0.8074771025901953,0.8093685556162069,0.8068466182481915,0.8080514999999906,0.8094203256151608,0.8066826743848204,0.8080514999999906,0.8087359128075756,0.8073670871924056,0.8070447640591523,0.8078592079203761,0.7985127187499954,0.8021403515625124,0.8001630624999915,0.8065776874999966,0.8080514999999906,0.0010942024932645933,52.3617072995091,52.685489542837104,NaN,NaN,NaN,NaN,-0.00005507254021616971,0.00016816588325485604,0.00022323842347102575,46.07487922705337,50.40257648953324
1764018000,0.8079853925025527,0.80847,0.8079853925025527,0.808325,0.80986,0.80357,0.8067150000000001,NaN,NaN,NaN,NaN,NaN,0.808111793578492,0.8087340254556425,0.8074895617013416,0.809356257332793,0.8068673298241911,0.8080316249999907,0.8093721531613192,0.8066910968386622,0.8080316249999907,0.808701889080655,0.8073613609193264,0.8070949693901659,0.8079015526548874,0.7985211074218704,0.8021339218750125,0.8002104499999915,0.8066564374999965,0.8080316249999907,0.001051402315174267,55.61002404414334,51.62860370761344,NaN,NaN,NaN,NaN,-0.000029345885180534134,0.0001865560669953581,0.00021590195217589223,47.58454106280132,48.42324208266246
1764021600,0.8081551962512763,0.80879,0.8081551962512763,0.8085074999999999,0.8102,0.80606,0.80813,NaN,NaN,NaN,NaN,NaN,0.8084842320837587,0.8084842320837587,0.8084842320837587,0.8084842320837587,0.8084842320837587,0.8080232499999906,0.8093496135677465,0.8066968864322348,0.8080232499999906,0.8086864317838686,0.8073600682161127,0.8071503627474143,0.8079566387771704,0.7985298027343706,0.8021270000000126,0.8002605124999914,0.8067247499999965,0.8080232499999906,0.001021645274713513,57.24702172553028,51.059654937826586,NaN,NaN,NaN,NaN,-0.000002004169658571239,0.00021339674010267817,0.0002154009097612494,59.47290507348128,51.04410845444531
1764025200,0.8083313481256381,0.80866,0.80818,0.8084075,0.8102,0.80606,0.80813,NaN,NaN,NaN,NaN,NaN,0.8084483651131121,0.8084825238061527,0.8084142064200716,0.8085166824991933,0.808380047727031,0.8080154999999907,0.8093309358835717,0.8067000641164096,0.8080154999999907,0.8086732179417813,0.8073577820582001,0.8071996622475156,0.807997626161064,0.7985386738281205,0.8021184843750124,0.8003141624999914,0.8067772812499966,0.8080154999999907,0.0009829563265196933,56.02778393775274,51.60887943017794,NaN,NaN,NaN,NaN,0.0000068926144590924,0.00022401667783511492,0.00021712406337602252,68.8168837522142,58.62477662949891
1764028800,0.808369424062819,0.80869,0.80813,0.8083750000000001,0.8102,0.80606,0.80813,NaN,NaN,NaN,NaN,NaN,0.8084277112993054,0.8084636543858658,0.8083917682127449,0.8084995974724262,0.8083558251261845,0.8080134999999906,0.8093266197829407,0.8067003802170405,0.8080134999999906,0.8086700598914657,0.8073569401085156,0.8072457539240836,0.8080319328736946,0.7985472187499956,0.8021098437500125,0.8003702374999914,0.8068227812499966,0.8080134999999906,0.0009527451603397156,55.61322939747797,52.61698901738269,NaN,NaN,NaN,NaN,0.000008054071430776781,0.00022719165266449348,0.0002191375812337167,74.99999999999824,67.76326294189789
1764032400,0.8083722120314095,0.80848,0.80798,0.8082175,0.8102,0.80606,0.80813,NaN,NaN,NaN,NaN,NaN,0.8083614477134383,0.808460715789574,0.8082621796373026,0.8085599838657097,0.8081629115611669,0.8080131249999907,0.809326007230571,0.8067002427694103,0.8080131249999907,0.8086695661152808,0.8073566838847005,0.8072838616133352,0.8080488026124496,0.7985548964843705,0.8021013671875125,0.8004258874999914,0.8068652812499966,0.8080131249999907,0.0009204062203154462,53.54554864903778,53.5324779846781,NaN,NaN,NaN,NaN,-0.000003689275123359856,0.0002145259873295169,0.00021821526245287674,68.2351960041825,70.68402658546496
1764036000,0.8082948560157048,0.80876,0.80818,0.808435,0.8102,0.80606,0.80813,NaN,NaN,NaN,NaN,NaN,0.8083809541483681,0.8084778022804291,0.8082841060163071,0.8085746504124901,0.8081872578842461,0.8080153749999907,0.8093309844600469,0.8066997655399344,0.8080153749999907,0.8086731797300187,0.8073575702699626,0.8073290042951652,0.8080839114658632,0.7985623476562456,0.8020938437500125,0.8004817249999914,0.8069077187499966,0.8080153749999907,0.0008960914902929162,55.97956284590742,54.192934431793624,NaN,NaN,NaN,NaN,0.0000010345356473119235,0.00021950843201201664,0.00021847389636470472,64.52105107836967,69.25208236085012
1764039600,0.8083649280078524,0.80892,0.8083649280078524,0.8086825,0.8102,0.80606,0.80813,NaN,NaN,NaN,NaN,NaN,0.8084254970443511,0.8085601012426566,0.8082908928460455,0.8086947054409622,0.8081562886477399,0.8079853749999908,0.8092081252813396,0.806762624718642,0.8079853749999908,0.8085967501406651,0.8073739998593165,0.8073820825580998,0.8081383286053302,0.7985699941406206,0.8020879375000126,0.8005367624999914,0.8069419999999967,0.8079853749999908,0.0008717329547111043,58.63553667397105,54.8896274117512,NaN,NaN,NaN,NaN,0.00001774418363944283,0.00024065412591400825,0.00022290994227456542,65.02297259339387,65.92640655864868
1764043200,0.8085237140039262,0.80929,0.8085237140039262,0.8090575,0.8102,0.80606,0.80813,NaN,NaN,NaN,NaN,NaN,0.8084784221684461,0.8086824980015814,0.8082743463353108,0.8088865738347167,0.8080702705021755,0.8079899999999907,0.8092281397595589,0.8067518602404224,0.8079899999999907,0.8086090698797748,0.8073709301202066,0.8074477852028803,0.8082218896412092,0.7985777988281206,0.8020842890625124,0.8005927874999914,0.8069777812499966,0.8079899999999907,0.0008642010290941509,62.34283713026914,55.73383196868877,NaN,NaN,NaN,NaN,0.00004918668439170452,0.0002843932977641961,0.00023520661337249156,75.0856364653667,68.20988671237673
1764046800,0.808790607001963,0.80932,0.80879,0.8090650000000001,0.8102,0.80606,0.80813,NaN,NaN,NaN,NaN,NaN,0.8085396703269945,0.8088023783340746,0.8082769623199143,0.8090650863411548,0.8080142543128341,0.8080647499999907,0.8093710749267778,0.8067584250732035,0.8080647499999907,0.8087179124633843,0.807411587536597,0.8075112053910026,0.8082985360374629,0.7985855214843706,0.8020807421875125,0.8006485624999915,0.8070169999999968,0.8080647499999907,0.0008403295270159994,62.41539008715359,56.34511198085197,NaN,NaN,NaN,NaN,0.00006465008612936007,0.00031601922103419167,0.0002513691349048316,82.70012682633812,74.26957862836622
1764050400,0.8089278035009816,0.80946,0.80888,0.8090900000000001,0.8102,0.80606,0.80813,NaN,NaN,NaN,NaN,NaN,0.808592211626592,0.8088954692955431,0.8082889539576409,0.8091987269644942,0.8079856962886898,0.8081819999999906,0.8094121926941374,0.8069518073058438,0.8081819999999906,0.808797096347064,0.8075669036529173,0.807573118905081,0.8083704873067845,0.7985934746093705,0.8020774062500126,0.8007056874999914,0.8070630312499967,0.8081819999999906,0.0008217345608005648,62.673549309532454,56.93490255523092,NaN,NaN,NaN,NaN,0.00007025693959319962,0.0003391903093963311,0.0002689333698031315,84.40880887029579,80.73152405400019
1764054000,0.8090089017504909,0.8093,0.80863,0.8090225,0.8102,0.80606,0.80813,NaN,NaN,NaN,NaN,NaN,0.8086542703215632,0.8089671236288926,0.8083414170142339,0.8092799769362219,0.8080285637069046,0.8083009999999906,0.8093611915228354,0.8072408084771459,0.8083009999999906,0.808831095761413,0.8077709042385682,0.8076299573793916,0.8084297611879859,0.7986014042968705,0.8020740312500125,0.8007620124999915,0.8071079999999966,0.8083009999999906,0.000810896377886243,61.44633051649948,57.042001137507434,NaN,NaN,NaN,NaN,0.00006332871534857625,0.0003480942639888518,0.00028476554864027555,80.70104714126893,82.60332761263426
1764057600,0.8090157008752454,0.8094,0.80878,0.809105,0.8102,0.80606,0.80813,NaN,NaN,NaN,NaN,NaN,0.8087147275784498,0.8090425096392259,0.8083869455176736,0.809370291700002,0.8080591634568975,0.8083952499999907,0.8093872403298441,0.8074032596701373,0.8083952499999907,0.8088912451649174,0.807899254835064,0.8076878021880429,0.8084911465345327,0.7986095175781205,0.8020727265625126,0.8008167749999915,0.8071520937499967,0.8083952499999907,0.0007972609223229367,62.41502501144523,57.63575122696783,NaN,NaN,NaN,NaN,0.00005833524682476111,0.00035768460717122696,0.00029934936034646585,78.94021739130663,81.35002446762377
1764061200,0.8090603504376227,0.80955,0.80859,0.8092125,0.8102,0.80606,0.80813,NaN,NaN,NaN,NaN,NaN,0.808761903996074,0.8090960182513783,0.8084277897407696,0.8094301325066827,0.8080936754854652,0.8084837499999906,0.8094349328504343,0.8075325671495469,0.8084837499999906,0.8089593414252125,0.8080081585747687,0.8077475942591,0.8085567241223024,0.7986174960937455,0.8020735000000124,0.8008711374999915,0.8071947812499966,0.8084837499999906,0.0008088851421570099,63.695071938589,58.57204418334418,NaN,NaN,NaN,NaN,0.00005627869534353638,0.0003696977295258863,0.00031341903418234993,79.81410039798777,79.81845497685443
1764064800,0.8091364252188114,0.8102,0.8091364252188114,0.809725,0.8102,0.80606,0.80813,NaN,NaN,NaN,NaN,NaN,0.80884205792225,0.8092540025085188,0.8084301133359811,0.8096659470947876,0.8080181687497123,0.8085893749999906,0.8095975650872979,0.8075811849126834,0.8085893749999906,0.8090934700436442,0.808085279956337,0.8078251395822725,0.8086629310202749,0.7986258652343705,0.8020752421875125,0.8009282124999915,0.8072354062499967,0.8085893749999906,0.0008270772592307007,69.09841424181752,59.76752325065193,NaN,NaN,NaN,NaN,0.00008188863770933495,0.00041577983131901863,0.0003338911936096837,80.60769290353659,79.78733689761032
1764068400,0.8094307126094057,0.8102,0.8094307126094057,0.8099725,0.8102,0.80606,0.80813,NaN,NaN,NaN,NaN,NaN,0.8089115167441683,0.8093854622827547,0.8084375712055819,0.809859407821341,0.8079636256669955,0.8086896249999906,0.8098216622133384,0.8075575877866429,0.8086896249999906,0.8092556436066646,0.8081236063933167,0.8079093497947324,0.8087819827457045,0.7986344550781205,0.8020773750000126,0.8009854624999915,0.8072744687499966,0.8086896249999906,0.0008229494114709607,71.31847640565843,60.88955556218872,NaN,NaN,NaN,NaN,0.00010639856525085606,0.00046688940017325375,0.0003604908349223977,83.62293640790989,81.34824323647807
1764072000,0.8097016063047029,0.81018,0.80906,0.8096525,0.8102,0.80606,0.80813,NaN,NaN,NaN,NaN,NaN,0.8089958511551006,0.8094976875014563,0.8084940148087449,0.809999523847812,0.8079921784623892,0.8087708749999905,0.8099339939765546,0.8076077560234263,0.8087708749999905,0.8093524344882725,0.8081893155117084,0.8079777086263115,0.8088611206779132,0.7986428085937455,0.8020784843750126,0.8010411749999915,0.8073101249999967,0.8087708749999905,0.000844167310651607,64.8330263139664,61.4314130327913,NaN,NaN,NaN,NaN,0.0000924751458399006,0.00047608476722227344,0.00038360962138237284,81.23123123122998,81.82062018089213
1764075600,0.8096770531523514,0.8096770531523514,0.80826,0.80884,0.8102,0.80606,0.80813,NaN,NaN,NaN,NaN,NaN,0.8089852470877117,0.8094482931312581,0.8085222010441653,0.8099113391748045,0.8080591550006189,0.8087797499999907,0.8099421343232333,0.8076173656767481,0.8087797499999907,0.8093609421616119,0.8081985578383695,0.8080115239742992,0.8088592006162847,0.7986506074218706,0.8020772187500125,0.8010906999999915,0.8073364999999967,0.8087797499999907,0.0008850877279158786,51.92231459703032,61.138165222739694,NaN,NaN,NaN,NaN,0.000023551368796434382,0.0004130488323779158,0.0003894974635814814,67.94294294294131,77.59903686069372
1764079200,0.8092585265761757,0.8092585265761757,0.80706,0.80799,0.8102,0.80606,0.80813,NaN,NaN,NaN,NaN,NaN,0.8088846822579144,0.8094029499987513,0.8083664145170776,0.8099212177395881,0.8078481467762407,0.8087723749999907,0.8099526985793184,0.8075920514206629,0.8087723749999907,0.8093625367896545,0.8081822132103268,0.8080106798968757,0.8087801823784406,0.7986575957031206,0.8020729140625125,0.8011351374999914,0.8073543437499968,0.8087723749999907,0.0009789047885058655,42.4079210434802,60.19492891173985,NaN,NaN,NaN,NaN,-0.00007867930932002896,0.0002911483269314452,0.0003698276362514742,47.89813699049251,65.69077038822125
1764082800,0.8086242632880878,0.8086242632880878,0.80579,0.8072275,0.8102,0.80606,0.80813,NaN,NaN,NaN,NaN,NaN,0.8086942828370692,0.8094152902793144,0.8079732753948241,0.8101362977215595,0.807252267952579,0.8087442499999906,0.8100382033665525,0.8074502966334287,0.8087442499999906,0.8093912266832716,0.8080972733167097,0.8079799669597433,0.808639029434946,0.7986635996093705,0.8020666640625125,0.8011829999999915,0.8073650937499967,0.8087442499999906,0.0011114303956188593,36.02977794689245,58.943802433015186,NaN,NaN,NaN,NaN,-0.00019066363504699707,0.0001314980924427278,0.0003221617274897249,33.65098167190893,49.830687201780904
1764086400,0.8079258816440439,0.8092,0.80746,0.8084,0.8102,0.80606,0.80813,NaN,NaN,NaN,NaN,NaN,0.80867256190083,0.8093751765746476,0.8079699472270124,0.8100777912484652,0.8072673325531948,0.8087654999999906,0.8100216295971902,0.807509370402791,0.8087654999999906,0.8093935647985904,0.8081374352013908,0.8079964388436749,0.8086172994863146,0.7986706386718705,0.8020650546875124,0.8012480874999917,0.8073928437499968,0.8087654999999906,0.0011729353673603725,48.785331929244464,58.42992879611069,NaN,NaN,NaN,NaN,-0.0001789692142578865,0.00009845020966736673,0.00027741942392525324,40.46595991545892,40.671692859286765
1764090000,0.8081629408220219,0.8092,0.8065,0.807845,0.8102,0.80606,0.80813,NaN,NaN,NaN,NaN,NaN,0.8085822974012903,0.8092935321236971,0.8078710626788834,0.810004766846104,0.8071598279564766,0.8087414999999906,0.8100477211011446,0.8074352788988365,0.8087414999999906,0.8093946105505676,0.8080883894494135,0.8079905000654916,0.8085470904421042,0.7986772734374954,0.8020622734375126,0.8013121624999916,0.8074183749999966,0.8087414999999906,0.00128201141254892,44.28407446737038,57.404824352782065,NaN,NaN,NaN,NaN,-0.00020020549927386144,0.00002716254983292643,0.00022736804910678787,46.12622826908524,40.08105661881768
1764093600,0.8080039704110109,0.8080039704110109,0.80632,0.8066025,0.8102,0.80606,0.80813,NaN,NaN,NaN,NaN,NaN,0.808493082872,0.8092761279834085,0.8077100377605914,0.8100591730948171,0.8069269926491828,0.8086462499999906,0.8102506303524027,0.8070418696475784,0.8086462499999906,0.8094484401761967,0.8078440598237845,0.8079360686903743,0.808370309492822,0.7986829042968704,0.8020544531250126,0.8013681249999915,0.8074258124999967,0.8086462499999906,0.0013107227695819163,36.22566920128639,55.539312357854726,NaN,NaN,NaN,NaN,-0.00028438720660726817,-0.00012811595915229734,0.00015627124745497083,41.402116402116356,42.664768195553485
1764097200,0.8073032352055054,0.8073032352055054,0.80628,0.80661,0.8102,0.80606,0.80813,NaN,NaN,NaN,NaN,NaN,0.8084276755085565,0.8092651529665321,0.807590198050581,0.8101026304245077,0.8067527205926054,0.8085563749999907,0.8103892930973532,0.8067234569026281,0.8085563749999907,0.809472834048672,0.8076399159513094,0.8078840659966341,0.8082102813571109,0.7986884472656205,0.8020470625000126,0.8014228624999916,0.8074230624999966,0.8085563749999907,0.001290187943576451,36.301019254768754,53.67400015554152,NaN,NaN,NaN,NaN,-0.0003231886852501072,-0.0002477146091076632,0.00007547407614244402,27.872260015117508,38.466868228773016
1764100800,0.8069566176027527,0.80815,0.80638,0.8071275,0.8102,0.80606,0.80813,NaN,NaN,NaN,NaN,NaN,0.8083645788445227,0.8092230784011494,0.8075060792878961,0.810081577957776,0.8066475797312694,0.8084939999999907,0.8104294026878603,0.8065585973121211,0.8084939999999907,0.8094617013439255,0.807526298656056,0.8078543967418641,0.8081118466882826,0.7986943671874955,0.8020428437500126,0.8014810499999915,0.8074195937499967,0.8084939999999907,0.0013244602333209938,41.44212718052169,52.15747000346932,NaN,NaN,NaN,NaN,-0.00029822905714884545,-0.0002973122452936128,9.168118552326611e-7,22.44897959183683,30.57445200302355
1764104400,0.8070420588013764,0.80774,0.8070420588013764,0.8075925,0.8102,0.80606,0.80813,NaN,NaN,NaN,NaN,NaN,0.8083377132028625,0.8091972509231217,0.8074781754826034,0.8100567886433808,0.8066186377623442,0.8084627499999906,0.8104348370455603,0.8064906629544208,0.8084627499999906,0.8094487935227754,0.8074767064772057,0.8078441262813988,0.8080646333529842,0.7987012363281204,0.8020424062500124,0.8015413749999916,0.8074299687499966,0.8084627499999906,0.0012797088736997552,45.68419620444195,51.03160326689379,NaN,NaN,NaN,NaN,-0.00023728433055085225,-0.00029568860133333263,-0.0000584042707824804,29.93197278911605,26.75107079869011
1764108000,0.8073172794006882,0.8077,0.80712,0.80749,0.8102,0.80579,0.807995,NaN,NaN,NaN,NaN,NaN,0.8074366666666666,0.8074366815678278,0.8074366517655054,0.807436696468989,0.8074366368643442,0.8084154999999906,0.8104327485133378,0.8063982514866435,0.8084154999999906,0.8094241242566642,0.807406875743317,0.807830238976246,0.8080123939572583,0.7987093535156203,0.8020405234375125,0.8016024999999913,0.8074439374999967,0.8084154999999906,0.0012297296684354888,44.911855310145434,49.78137685965809,NaN,NaN,NaN,NaN,-0.00019265536986659906,-0.0002992234831157292,-0.00010656811324913017,36.583522297808315,29.6548248929204
1764111600,0.8074036397003441,0.80808,0.8073,0.8076875,0.8102,0.80579,0.807995,NaN,NaN,NaN,NaN,NaN,0.8075746149217811,0.8077003217760279,0.8074489080675342,0.8078260286302748,0.8073232012132874,0.8083657499999906,0.8104031822847657,0.8063283177152154,0.8083657499999906,0.8093844661423781,0.807347033857603,0.8078246413693343,0.8079828581429621,0.7987185976562454,0.8020402500000126,0.8016718499999915,0.8074562499999967,0.8083657499999906,0.001197606120690097,46.7789003890468,48.573078891833646,NaN,NaN,NaN,NaN,-0.00014100793932965427,-0.000282828037411198,-0.00014182009808154372,40.816326530612564,35.7772738725123
1764115200,0.8075455698501721,0.80814,0.8073,0.8077325,0.8102,0.80579,0.807995,NaN,NaN,NaN,NaN,NaN,0.8076666707147814,0.8077732919094132,0.8075600495201496,0.8078799131040449,0.8074534283255178,0.8082994999999906,0.8103288032215631,0.8062701967784182,0.8082994999999906,0.8093141516107769,0.8072848483892043,0.8078210279823016,0.8079600983117837,0.7987278496093704,0.8020420390625125,0.8017493124999915,0.8074795624999966,0.8082994999999906,0.0011720628263550865,47.21784916117797,47.010181386073675,NaN,NaN,NaN,NaN,-0.00009707971962692464,-0.0002631697476151995,-0.00016609002798827487,41.874527588812995,39.75812547241129
1764118800,0.807639034925086,0.80786,0.8065,0.8072349999999999,0.8102,0.80579,0.807995,NaN,NaN,NaN,NaN,NaN,0.8074354918784896,0.8076816273080293,0.80718935644895,0.8079277627375689,0.8069432210194103,0.8082079999999905,0.8102559298244814,0.8061600701754996,0.8082079999999905,0.8092319649122359,0.807184035087745,0.8077980464927996,0.8078941802834397,0.7987367050781204,0.8020425390625124,0.8018283999999916,0.8075011562499966,0.8082079999999905,0.001185486910186868,42.99581772235288,44.987134337266134,NaN,NaN,NaN,NaN,-0.00009469235989679526,-0.00028445547785926895,-0.00018976311796247368,39.99684915727758,40.895901092234375
1764122400,0.8074370174625429,0.8074370174625429,0.80612,0.8067074999999999,0.8102,0.80579,0.807995,NaN,NaN,NaN,NaN,NaN,0.8072287977436934,0.8076031638057561,0.8068544316816306,0.8079775298678189,0.8064800656195679,0.8080888749999904,0.8101940991577026,0.8059836508422782,0.8080888749999904,0.8091414870788465,0.8070362629211343,0.8077552799636702,0.8077863002576725,0.7987450351562455,0.8020417734375125,0.8019040124999915,0.8075147812499968,0.8080888749999904,0.0011948819496408762,39.012598551805446,43.14281806854035,NaN,NaN,NaN,NaN,-0.00012016586263117901,-0.00033997044625144746,-0.00021980458362026844,33.522445305501776,38.46460735053078
1764126000,0.8070722587312714,0.8070722587312714,0.80538,0.8059949999999999,0.8102,0.80579,0.807995,NaN,NaN,NaN,NaN,NaN,0.8070638936376215,0.8075831241956207,0.8065446630796224,0.8081023547536199,0.8060254325216232,0.8079374999999904,0.8101831274326234,0.8056918725673574,0.8079374999999904,0.8090603137163069,0.8068146862836739,0.8076862493768596,0.8076234547797023,0.7987529335937454,0.8020398203125124,0.8019721249999915,0.8075240312499966,0.8079374999999904,0.0012304088626144875,34.379658911202725,41.88977123383838,NaN,NaN,NaN,NaN,-0.00017329903659576333,-0.0004364283793649726,-0.00026312934276920925,24.12541794249149,32.548237468423615
1764129600,0.8065336293656357,0.8065336293656357,0.80556,0.80587,0.8102,0.80579,0.807995,NaN,NaN,NaN,NaN,NaN,0.8069378440348012,0.8075359754422439,0.8063397126273585,0.8081341068496866,0.8057415812199158,0.8077757499999905,0.8101253223687399,0.805426177631241,0.8077757499999905,0.8089505361843652,0.8066009638156157,0.8076150239111004,0.8074640497997294,0.7987608164062454,0.8020382265625126,0.8020375124999916,0.8075260624999967,0.8077757499999905,0.001212067469973139,33.625215504506016,41.26243512391165,NaN,NaN,NaN,NaN,-0.0002030955668008875,-0.0005169988012703186,-0.0003139032344694311,17.429253806167562,25.025705684720275
1764133200,0.8062018146828178,0.8062018146828178,0.80433,0.8052650000000001,0.8102,0.80579,0.807995,NaN,0.80579,NaN,NaN,NaN,0.8067319006097264,0.8075165504157297,0.8059472508037232,0.8083012002217329,0.80516260099772,0.8075783749999903,0.810070880918685,0.8050858690812956,0.8075783749999903,0.8088246279593376,0.806332122040643,0.8075228661106651,0.8072641361815722,0.7987682011718704,0.8020353281250123,0.8020989874999915,0.8075167812499966,0.8075783749999903,0.001259192270890617,30.173886214543714,40.8441571430296,NaN,NaN,NaN,NaN,-0.00024687274020732927,-0.0006224941597285927,-0.0003756214195212634,15.960980244747688,19.17188399780224
1764136800,0.805733407341409,0.805733407341409,0.8042,0.8048,0.8102,0.80579,0.807995,NaN,NaN,NaN,NaN,NaN,0.8065137037603382,0.8074579332303616,0.8055694742903147,0.8084021627003851,0.8046252448202912,0.8073321249999903,0.8098996731017476,0.804764576898233,0.8073321249999903,0.808615899050869,0.8060483509491116,0.8074160870475018,0.8070401238014293,0.7987751484374954,0.8020293125000124,0.8021591749999917,0.8075038124999967,0.8073321249999903,0.001278779061641926,27.811113435597818,39.3459986791977,NaN,NaN,NaN,NaN,-0.0002876206923074174,-0.0007351472849055352,-0.0004475265925981178,14.675467925218237,16.021900658711157
1764140400,0.8052667036707044,0.80606,0.8048,0.805445,0.8102,0.80579,0.807995,NaN,NaN,NaN,NaN,NaN,0.8063682477190003,0.8073206623400221,0.8054158330979785,0.8082730769610439,0.8044634184769567,0.8071057499999904,0.8094943171052653,0.8047171828947155,0.8071057499999904,0.8083000335526279,0.8059114664473529,0.8073387895162272,0.806895112546754,0.7987825957031204,0.8020265703125125,0.8022209499999916,0.8075008124999968,0.8071057499999904,0.001277437700096077,35.37091136922051,38.709344172186995,NaN,NaN,NaN,NaN,-0.00025284075962157164,-0.0007635775421250823,-0.0005107367825035107,20.90605532884521,17.180834499603705
1764144000,0.8053558518353522,0.8066,0.8053558518353522,0.8061,0.8102,0.80579,0.807995,NaN,NaN,0.80579,NaN,NaN,0.8063317856208762,0.8072394826106676,0.8054240886310847,0.808147179600459,0.8045163916412933,0.8069281249999906,0.8090457108312734,0.8048105391687077,0.8069281249999906,0.8079869179156319,0.8058693320843492,0.8072902095351987,0.8068228295879581,0.7987906132812453,0.8020249687500124,0.8022857374999915,0.8075089062499968,0.8069281249999906,0.0012750598761354856,42.012068145100045,39.1226583824594,NaN,NaN,NaN,NaN,-0.00017133018163880168,-0.0007248995095520128,-0.0005535693279132111,30.540084388184756,22.0405358807494
1764147600,0.8057279259176762,0.80672,0.8057279259176762,0.80635,0.8102,0.80579,0.807995,NaN,NaN,NaN,NaN,NaN,0.806325793935482,0.8071913915268233,0.8054601963441407,0.8080569891181646,0.8045945987527994,0.8068036249999905,0.8087421711701233,0.8048650788298577,0.8068036249999905,0.8077728980850568,0.8058343519149241,0.807253338573034,0.8067798450799619,0.7987986562499951,0.8020229843750124,0.8023523624999914,0.8075230624999967,0.8068036249999905,0.0012548466051489383,44.362079613275164,39.698448408067,NaN,NaN,NaN,NaN,-0.00009025831740038491,-0.0006663922246636922,-0.0005761339072633073,44.68354430379685,32.043228006942265
1764151200,0.806038962958838,0.80668,0.806038962958838,0.8064775,0.8102,0.80579,0.807995,NaN,NaN,NaN,NaN,NaN,0.8063311243443675,0.8071647489153718,0.8054974997733632,0.8079983734863762,0.8046638752023588,0.8067279999999905,0.8085920973864662,0.8048639026135147,0.8067279999999905,0.8076600486932284,0.8057959513067525,0.8072229135309543,0.8067523591636018,0.7988066015624952,0.8020214531250124,0.8024196749999917,0.8075398124999967,0.8067279999999905,0.0012110030648641512,45.57350750466685,39.9935470026488,NaN,NaN,NaN,NaN,-0.00002132329838086403,-0.0006027880302393873,-0.0005814647318585233,53.445404699179285,42.88967779705363
1764154800,0.806258231479419,0.80702,0.80599,0.8066,0.8102,0.80579,0.807995,NaN,NaN,NaN,NaN,NaN,0.8063491527542811,0.8071474993013596,0.8055508062072025,0.8079458458484382,0.804752459660124,0.8066966249999904,0.808547110950838,0.8048461390491428,0.8066966249999904,0.8076218679754141,0.8057713820245667,0.8071984855493483,0.806738508330547,0.7988144902343702,0.8020193359375126,0.8024903999999915,0.8075621562499968,0.8066966249999904,0.00119807427451671,46.772653558825,40.0712939565333,NaN,NaN,NaN,NaN,0.000036120405369756046,-0.0005363142251463282,-0.0005724346305160843,57.71621795283633,51.94838898527082
1764158400,0.8064291157397094,0.80723,0.80625,0.806825,0.8102,0.80579,0.807995,NaN,NaN,NaN,NaN,NaN,0.806398491305373,0.8071604533908912,0.8056365292198548,0.8079224154764093,0.8048745671343367,0.8066178749999905,0.8082979020097621,0.8049378479902188,0.8066178749999905,0.8074578885048763,0.8057778614951047,0.8071838390572169,0.8067463712095883,0.7988225078124953,0.8020171953125125,0.8025636124999916,0.8075904062499968,0.8066178749999905,0.0011824975406226578,48.99546018055179,40.36298001870519,NaN,NaN,NaN,NaN,0.00008980926629277596,-0.00046017304765011424,-0.0005499823139428902,61.78087986463607,57.64750083888389
1764162000,0.8066270578698547,0.80836,0.80614,0.80741,0.8102,0.80579,0.807995,NaN,NaN,NaN,NaN,NaN,0.8065251214261393,0.8072983483421332,0.8057518945101454,0.8080715752581271,0.8049786675941515,0.8065961249999904,0.8082224471557259,0.804969802844255,0.8065961249999904,0.8074092860778581,0.8057829639221228,0.8071927081137966,0.8068067010996257,0.7988308417968704,0.8020167890625125,0.8026406874999915,0.8076262812499968,0.8065961249999904,0.0012566048591496108,54.33504986376553,40.902704981185096,NaN,NaN,NaN,NaN,0.0001610998711584989,-0.0003486074749947665,-0.0005097073461532654,68.23384420148379,62.57698067298539
1764165600,0.8070185289349273,0.80831,0.80666,0.80756,0.8102,0.80579,0.807995,NaN,NaN,NaN,NaN,NaN,0.8066078091335765,0.8073966586771684,0.8058189595899847,0.8081855082207602,0.8050301100463929,0.8066439999999904,0.8083237495547723,0.8049642504452085,0.8066439999999904,0.8074838747773814,0.8058041252225994,0.8072071117171772,0.8068751828178415,0.7988394453124953,0.8020162343750126,0.8027185499999915,0.8076648124999968,0.8066439999999904,0.0012847045120674906,55.618046569999244,41.50271908181519,NaN,NaN,NaN,NaN,0.00021155787386175197,-0.0002452600038260755,-0.00045681787768782746,74.85235259664172,68.28902555425385
1764169200,0.8072892644674636,0.8072892644674636,0.8056,0.8064025000000001,0.8102,0.80579,0.807995,NaN,NaN,NaN,NaN,NaN,0.806593692387291,0.8073519913838386,0.8058353933907433,0.8081102903803863,0.8050770943941956,0.8066336249999904,0.808316646465819,0.8049506035341617,0.8066336249999904,0.8074751357329046,0.8057921142670761,0.8071755583165036,0.8068322116525832,0.7988473007812453,0.8020121796875126,0.8027922624999916,0.8076910312499967,0.8066336249999904,0.0013329399040626672,45.090208012255985,41.652318388236836,NaN,NaN,NaN,NaN,0.0001623895346147074,-0.0002538309594194432,-0.00041622049403415063,70.29246794871862,71.12622158228139
1764172800,0.8068458822337319,0.8068458822337319,0.80457,0.8051875,0.8102,0.80579,0.807995,NaN,0.80579,NaN,NaN,NaN,0.8065317709943535,0.8073084030774378,0.8057551389112692,0.8080850351605221,0.8049785068281848,0.8065366249999905,0.8083155005587781,0.8047577494412028,0.8065366249999905,0.8074260627793843,0.8056471872205966,0.8070975952452681,0.8066826924114393,0.7988544824218705,0.8020035937500125,0.8028618249999916,0.8076969999999968,0.8065366249999905,0.0014002929276104679,37.14261041516395,41.51874780704816,NaN,NaN,NaN,NaN,0.000049315185639227485,-0.0003545765119851163,-0.0004038916976243438,52.483974358974656,65.87626496811167
1764176400,0.8060166911168659,0.8060166911168659,0.80416,0.804565,0.8102,0.80579,0.807995,NaN,NaN,NaN,NaN,NaN,0.8064704675678762,0.8072924931466223,0.8056484419891301,0.8081145187253684,0.804826416410384,0.8063852499999904,0.8082897781085472,0.8044807218914336,0.8063852499999904,0.8073375140542688,0.805432985945712,0.8069982777846694,0.8064901749194903,0.7988605957031204,0.8019924687500126,0.8029253374999915,0.8076875624999967,0.8063852499999904,0.0014328927982715722,33.85055466362999,41.48095464650724,NaN,NaN,NaN,NaN,-0.00006018710142043353,-0.0004791255743998857,-0.00041893847297945215,28.77518315018364,50.51720848595897
1764180000,0.8052908455584329,0.8052908455584329,0.80408,0.8042575,0.8102,0.80579,0.807995,NaN,NaN,NaN,NaN,NaN,0.8064349120793703,0.8072896273161507,0.80558019684259,0.8081443425529311,0.8047254816058096,0.8062236249999903,0.8082691338009493,0.8041781161990313,0.8062236249999903,0.8072463794004698,0.8052008705995108,0.8068907963029176,0.8062872044722639,0.7988659062499954,0.8019820234375127,0.8029848749999915,0.8076715624999968,0.8062236249999903,0.0014170322811402365,32.326354723210045,41.38817887641467,NaN,NaN,NaN,NaN,-0.00014147045576075264,-0.0005957765426803929,-0.0004543060869196403,12.509344724588999,31.25616741124909
1764183600,0.8047741727792164,0.8047741727792164,0.80412,0.8042675000000001,0.8102,0.80579,0.807995,NaN,NaN,NaN,NaN,NaN,0.8063914218174048,0.8072870699181359,0.8054957737166736,0.8081827180188671,0.8046001256159424,0.8060526249999904,0.8081511581195494,0.8039540918804314,0.8060526249999904,0.80710189155977,0.8050033584402109,0.8067879219380973,0.8061035949747853,0.7988716035156204,0.8019753906250127,0.8030463374999915,0.8076453124999968,0.8060526249999904,0.0013625423167171068,32.43290411307238,41.54953729773815,NaN,NaN,NaN,NaN,-0.0001802211739679755,-0.0006795825543796097,-0.0004993613804116342,6.056964842011998,15.780497572261538
1764187200,0.8045208363896083,0.8045208363896083,0.80388,0.804245,0.8102,0.80579,0.807995,NaN,NaN,NaN,NaN,NaN,0.8063543749726149,0.8072859198237381,0.8054228301214916,0.8082174646748613,0.8044912852703684,0.8058782499999904,0.8079690202687745,0.8037874797312062,0.8058782499999904,0.8069236351343824,0.8048328648655984,0.8066881995091524,0.8059346317952594,0.7988773964843705,0.8019703515625126,0.8031178624999916,0.8076169374999967,0.8058782499999904,0.001310991893352186,32.30964167897123,41.8708607436934,NaN,NaN,NaN,NaN,-0.00019194519672368813,-0.0007392928763162443,-0.0005473476795925562,5.55845293724983,8.0415875012836
1764190800,0.8043829181948041,0.8045,0.80416,0.8043425000000001,0.8102,0.80579,0.807995,NaN,NaN,NaN,NaN,NaN,0.8063245240422624,0.8072807496593482,0.8053682984251767,0.8082369752764339,0.8044120728080909,0.8057336249999905,0.807829145520836,0.803638104479145,0.8057336249999905,0.8067813852604132,0.8046858647395677,0.8065962112931072,0.8057898925411449,0.7988825957031204,0.8019672109375128,0.8031950374999915,0.8075905624999968,0.8057336249999905,0.001241635329541316,33.48926521285,41.73645744680979,NaN,NaN,NaN,NaN,-0.00017801921613071745,-0.0007698716997559529,-0.0005918524836252355,7.617274421451721,6.4108974002378405
1764194400,0.8043627090974022,0.80472,0.80406,0.80446,0.80836,0.80388,0.80612,NaN,NaN,NaN,NaN,NaN,0.8044133333333333,0.8044133333333333,0.8044133333333333,0.8044133333333333,0.8044133333333333,0.8056212499999905,0.8077367715233423,0.8035057284766387,0.8056212499999905,0.8066790107616664,0.8045634892383147,0.8065124383012207,0.8056689932192226,0.7988878847656202,0.8019662578125126,0.8032647249999917,0.8075571562499968,0.8056212499999905,0.001200089948859793,34.96026732750923,41.23275738841044,NaN,NaN,NaN,NaN,-0.00014706423819658575,-0.0007756827813709677,-0.0006286185431743819,10.472470238094628,7.882732532265384
1764198000,0.804411354548701,0.804411354548701,0.80345,0.8038824999999999,0.80836,0.80388,0.80612,NaN,NaN,NaN,NaN,NaN,0.8041172853479426,0.8043622327011144,0.8038723379947708,0.8046071800542862,0.8036273906415989,0.8055156249999905,0.8077533732550123,0.8032778767449688,0.8055156249999905,0.8066344991275014,0.8043967508724796,0.8064093034658787,0.8055065847447478,0.7988931972656202,0.8019650156250127,0.8033208874999918,0.8075102812499969,0.8055156249999905,0.0011865120953698045,31.296588790522918,40.29950804392814,NaN,NaN,NaN,NaN,-0.00015107661293599318,-0.0008174643093443734,-0.0006663876964083802,10.692881085733069,9.594208581759796
1764201600,0.8041469272743504,0.8041469272743504,0.80298,0.8032999999999999,0.80836,0.80388,0.80612,NaN,0.80388,NaN,NaN,NaN,0.8039024286391839,0.8042652042066376,0.8035396530717303,0.8046279797740913,0.8031768775042766,0.8053871249999904,0.8078157358691048,0.802958514130876,0.8053871249999904,0.8066014304345476,0.8041728195654333,0.8062873699966285,0.8053059861315889,0.7988980585937452,0.8019618750000127,0.8033714999999916,0.8074398124999969,0.8053871249999904,0.0011851131795827055,28.098077778604562,39.05126306349512,NaN,NaN,NaN,NaN,-0.00017677026574548468,-0.0008873505285902361,-0.0007105802628447514,9.234312644414977,10.133221322747548
1764205200,0.8037234636371752,0.8037234636371752,0.80285,0.8031325,0.80836,0.80388,0.80612,NaN,NaN,NaN,NaN,NaN,0.8036803979068152,0.80411239891813,0.8032483968955004,0.8045443999294448,0.8028163958841856,0.8052804999999905,0.807900873840833,0.8026601261591481,0.8052804999999905,0.8065906869204117,0.8039703130795693,0.8061636496046038,0.8051083964832626,0.7989028691406201,0.8019590234375127,0.8034178374999915,0.8073718437499968,0.8052804999999905,0.0011628524979821707,27.236093724949384,37.655794503932576,NaN,NaN,NaN,NaN,-0.00018781919419917658,-0.0009453542555937222,-0.0007575350613945456,6.627850368035388,8.851681366061134
1764208800,0.8034279818185877,0.8034279818185877,0.80265,0.803015,0.80836,0.80388,0.80612,NaN,NaN,NaN,NaN,NaN,0.8035468587206023,0.8040128380311176,0.803080879410087,0.8044788173416328,0.8026149000995717,0.8051912499999905,0.8079867497435185,0.8023957502564625,0.8051912499999905,0.8065889998717545,0.8037935001282265,0.8060401731495214,0.8049180877120569,0.7989080175781201,0.8019551093750126,0.8034630124999915,0.8073019999999967,0.8051912499999905,0.0011353617351682786,26.619179166408728,36.057488717208074,NaN,NaN,NaN,NaN,-0.00018549092892879994,-0.0009893987225555456,-0.0008039077936267457,5.822430451095662,7.228197821182
1764212400,0.8032214909092938,0.80365,0.80314,0.8033899999999999,0.80836,0.80388,0.80612,NaN,NaN,NaN,NaN,NaN,0.8035245277551814,0.8039586739209976,0.8030903815893651,0.8043928200868139,0.8026562354235488,0.8050884999999905,0.8079882605186641,0.802188739481317,0.8050884999999905,0.8065383802593273,0.8036386197406538,0.8059362447907166,0.8047791706473244,0.7989136464843701,0.8019495937500126,0.8035102874999915,0.8072417812499969,0.8050884999999905,0.0010996216112276831,31.919260658361296,34.45636091682205,NaN,NaN,NaN,NaN,-0.00014304717852604127,-0.0009827167667842973,-0.000839669588258256,8.19784696998349,6.88270926303817
1764216000,0.8033057454546468,0.80383,0.8033057454546468,0.803695,0.80836,0.80388,0.80612,NaN,NaN,NaN,NaN,NaN,0.8035369596080492,0.8039395249189965,0.8031343942971019,0.8043420902299437,0.8027318289861546,0.8049682499999905,0.8078896388505231,0.8020468611494579,0.8049682499999905,0.8064289444252568,0.8035075555747242,0.8058483528381395,0.8046806096793858,0.7989196054687452,0.8019443750000127,0.8035589249999916,0.807189999999997,0.8049682499999905,0.0010585239636652206,35.970021409643536,33.05293054822521,NaN,NaN,NaN,NaN,-0.00008182599375135529,-0.0009419520804474502,-0.0008601260866960949,13.997207190975217,9.339161537351448
1764219600,0.8035003727273234,0.80384,0.8033,0.8036325000000001,0.80836,0.80388,0.80612,NaN,NaN,NaN,NaN,NaN,0.80354510589367,0.8039164902009739,0.8031737215863661,0.8042878745082778,0.8028023372790623,0.8048323749999906,0.8077367964144653,0.8019279535855159,0.8048323749999906,0.8062845857072279,0.8033801642927533,0.8057614566484085,0.8045853269812598,0.7989251660156201,0.8019396796875127,0.8036070749999915,0.8071342812499968,0.8048323749999906,0.0010214865376891324,35.50384257646904,32.36819015995472,NaN,NaN,NaN,NaN,-0.000035311286022268046,-0.0009042651942239299,-0.0008689539082016619,19.67171394686818,13.95558936927562
1764223200,0.8035664363636618,0.80448,0.80336,0.80393,0.80836,0.80388,0.80612,NaN,NaN,0.80388,NaN,NaN,0.8035976490122649,0.803966265531559,0.8032290324929708,0.8043348820508531,0.8028604159736767,0.8047049999999907,0.8075320718181228,0.8018779281818585,0.8047049999999907,0.8061185359090568,0.8032914640909246,0.8056896348190591,0.8045257518011453,0.7989308261718702,0.8019347187500125,0.8036576999999916,0.8070821249999968,0.8047049999999907,0.0010285232135684808,39.521774119366576,32.538130424540626,NaN,NaN,NaN,NaN,0.000022602149503139725,-0.0008407012213227372,-0.0008633033708258769,27.98682091981897,20.55191401922078
1764226800,0.803748218181831,0.80494,0.803748218181831,0.80457,0.80836,0.80388,0.80612,NaN,NaN,NaN,NaN,NaN,0.8036936869775524,0.80412922661231,0.8032581473427948,0.8045647662470676,0.8028226077080372,0.8046034999999906,0.8072935866279523,0.8019134133720289,0.8046034999999906,0.8059485433139714,0.8032584566860098,0.8056457275712529,0.8045297743646775,0.7989371484374952,0.8019287734375127,0.8037103624999915,0.8070324374999969,0.8046034999999906,0.0010401845424685204,47.14950617792458,33.48805553270453,NaN,NaN,NaN,NaN,0.00010643020378060309,-0.0007302656161001231,-0.0008366958198807262,44.713108972995975,30.790547946561034
1764230400,0.8041591090909155,0.80528,0.8041591090909155,0.804885,0.80836,0.80388,0.80612,NaN,NaN,NaN,NaN,NaN,0.8038386264848476,0.8043862901770477,0.8032909627926476,0.8049339538692477,0.8027432991004475,0.8045064999999905,0.8070020492514384,0.8020109507485426,0.8045064999999905,0.8057542746257145,0.8032587253742665,0.8056158951174782,0.8045620676042523,0.7989435859374951,0.8019233828125125,0.8037625124999915,0.8069853437499969,0.8045064999999905,0.0010459492829410914,50.46124970426626,34.78340517420854,NaN,NaN,NaN,NaN,0.0001811233172139008,-0.0006102916733633501,-0.0007914149905772509,65.23483367459907,45.97825452247133
1764234000,0.8045220545454577,0.80569,0.8045220545454577,0.8053125000000001,0.80836,0.80388,0.80612,NaN,NaN,NaN,NaN,NaN,0.8039409022792441,0.8045758679001707,0.8033059366583175,0.8052108335210972,0.8026709710373909,0.8044016249999906,0.8065528190296547,0.8022504309703264,0.8044016249999906,0.8054772220148226,0.8033260279851585,0.805603997269734,0.8046302887311385,0.7989503457031202,0.8019198437500126,0.8038167749999916,0.8069427187499969,0.8044016249999906,0.0010546632951983243,54.61754048589259,36.36802205798141,NaN,NaN,NaN,NaN,0.0002529419607707041,-0.00047523753961387083,-0.0007281795003845749,81.75573733335237,63.90122666031579
1764237600,0.8049172772727289,0.8061,0.8049172772727289,0.80578,0.80836,0.80388,0.80612,NaN,NaN,NaN,NaN,NaN,0.8040402487188906,0.8047709273621678,0.8033095700756133,0.8055016060054451,0.8025788914323361,0.8043126249999906,0.8060391442595444,0.8025861057404368,0.8043126249999906,0.8051758846297675,0.8034493653702136,0.8056108993375876,0.8047348079373986,0.7989575097656202,0.8019182656250126,0.8038716499999916,0.8069065312499968,0.8043126249999906,0.0010638103974892408,58.6984537817409,38.25293720817924,NaN,NaN,NaN,NaN,0.0003211702909860047,-0.00032671663665206907,-0.0006478869276380737,87.7626210388076,78.25106401558634
1764241200,0.8053486386363644,0.80626,0.8053486386363644,0.8059075,0.80836,0.80388,0.80612,NaN,NaN,NaN,NaN,NaN,0.8041797406022603,0.8050305607640823,0.8033289204404382,0.8058813809259043,0.8024781002786162,0.8042878749999905,0.8059045469683807,0.8026712030316004,0.8042878749999905,0.8050962109841856,0.8034795390157955,0.8056225307361136,0.804841416306726,0.7989646679687452,0.8019169296875125,0.8039247374999917,0.8068733437499969,0.8042878749999905,0.001052921180785407,59.76119533739908,40.12950364564704,NaN,NaN,NaN,NaN,0.0003611416227856069,-0.0001964598991560651,-0.000557601521941672,89.51411052899353,86.3441563003845
1764244800,0.8056280693181822,0.80602,0.8054,0.8058124999999999,0.80836,0.80388,0.80612,NaN,NaN,NaN,NaN,NaN,0.8042543604804216,0.8051490871518897,0.8033596338089536,0.8060438138233578,0.8024649071374855,0.8043191249999906,0.806025804012945,0.8026124459870362,0.8043191249999906,0.8051724645064678,0.8034657854935133,0.805629980511168,0.8049296966424782,0.7989719042968703,0.8019155312500125,0.8039781624999915,0.8068408124999967,0.8043191249999906,0.0010219982393007317,58.55225987370726,41.814645970375466,NaN,NaN,NaN,NaN,0.0003662841071356367,-0.0000997463880221261,-0.0004660304951577628,89.5213242870716,88.93268528495757
1764248400,0.8057202846590911,0.80596,0.80496,0.805455,0.80836,0.80388,0.80612,NaN,NaN,NaN,NaN,NaN,0.8043354397940654,0.8052506821977757,0.8034201973903551,0.8061659246014861,0.8025049549866448,0.8043636249999906,0.8061386697185863,0.8025885802813949,0.8043636249999906,0.8052511473592884,0.8034761026406928,0.8056231185303379,0.8049774514931619,0.7989790527343701,0.8019136796875126,0.8040312499999916,0.8068061874999968,0.8043636249999906,0.0010204269364935366,54.11571982853139,43.44458390166178,NaN,NaN,NaN,NaN,0.0003317399948000578,-0.00005135550165769054,-0.00038309549645774836,85.18005540166236,88.07183007257582
1764252000,0.8055876423295456,0.80596,0.80495,0.805415,0.80836,0.80388,0.80612,NaN,NaN,NaN,NaN,NaN,0.8043851478524566,0.805308481866615,0.8034618138382983,0.8062318158807733,0.80253847982414,0.8044214999999906,0.8062534964698311,0.80258950353015,0.8044214999999906,0.8053374982349109,0.8035055017650703,0.8056149570193443,0.8050172286301472,0.7989860957031202,0.8019106796875125,0.8040842624999915,0.8067689999999968,0.8044214999999906,0.0010196821553154236,53.626114982404644,45.26801513050465,NaN,NaN,NaN,NaN,0.000293637957679037,-0.0000160480493589521,-0.0003096860070379891,80.63250230840283,85.11129399904559
1764255600,0.8055013211647728,0.80586,0.80519,0.8055075,0.80836,0.80388,0.80612,NaN,NaN,NaN,NaN,NaN,0.8044303844690313,0.8053619369478165,0.803498831990246,0.8062934894266018,0.8025672795114607,0.8044834999999905,0.8063734658902871,0.8025935341096938,0.8044834999999905,0.8054284829451388,0.8035385170548421,0.8056107430185857,0.8050617987546793,0.7989929199218702,0.8019089531250125,0.8041422374999915,0.8067218124999969,0.8044834999999905,0.0009947048585071832,54.64796112353447,47.22600565897501,NaN,NaN,NaN,NaN,0.00026308983413090637,0.000019176285625643885,-0.00024391354850526248,77.81625115420258,81.20960295475591
1764259200,0.8055044105823864,0.80568,0.80468,0.80509,0.80836,0.80388,0.80612,NaN,NaN,NaN,NaN,NaN,0.8044474837065662,0.8053744046357703,0.8035205627773621,0.8063013255649744,0.802593641848158,0.8045257499999906,0.8064302244198415,0.8026212755801397,0.8045257499999906,0.805477987209916,0.8035735127900652,0.8055903217237392,0.805064362504254,0.7989995937499952,0.8019075390625126,0.8041972499999916,0.8066733749999969,0.8045257499999906,0.0009950830828995272,49.361117750709404,48.85042984356791,NaN,NaN,NaN,NaN,0.00020573109688476086,0.000013250322600688591,-0.00019248077428407227,72.74930747922514,77.06602031394351
1764262800,0.8052972052911932,0.8052972052911932,0.80463,0.8048775,0.80836,0.80388,0.80612,NaN,NaN,NaN,NaN,NaN,0.8044551142225282,0.8053767393952358,0.8035334890498207,0.8062983645679433,0.8026118638771131,0.8045524999999906,0.8064609522696439,0.8026440477303373,0.8045524999999906,0.8055067261348172,0.8035982738651639,0.8055623679306514,0.8050473750038672,0.79900637304687,0.8019046796875126,0.8042487874999916,0.806639718749997,0.8045524999999906,0.0009716632406347925,46.87538482519146,49.91872442691293,NaN,NaN,NaN,NaN,0.00014718854446562311,-0.000008495093702043377,-0.0001556836381676665,64.98301452422045,71.84952438588272
1764266400,0.8050873526455966,0.80519,0.80479,0.8050125,0.80836,0.80388,0.80612,NaN,NaN,NaN,NaN,NaN,0.8044591945650675,0.8053785418806241,0.803539847249511,0.8062978891961806,0.8026204999339545,0.8045801249999907,0.8064983914708017,0.8026618585291796,0.8045801249999907,0.8055392582353962,0.8036209917645851,0.8055408044823905,0.8050442045489702,0.7990136132812452,0.8019018671875126,0.8042988249999916,0.8066180624999969,0.8045801249999907,0.0009308301520180184,48.64473570194312,50.82406116207718,NaN,NaN,NaN,NaN,0.00011281406267570765,-0.00001466605982303193,-0.00012748012249873958,57.88288288288351,65.20506829544303
1764270000,0.8050499263227984,0.80516,0.8049,0.8050424999999999,0.80836,0.80388,0.80612,NaN,NaN,NaN,NaN,NaN,0.8044720027940563,0.8053850043960608,0.8035590011920518,0.8062980059980652,0.8026459995900473,0.8046381249999905,0.8065385755395392,0.8027376744604419,0.8046381249999905,0.8055883502697648,0.8036878997302163,0.8055212631301399,0.8050440495899729,0.7990213632812451,0.8018985312500126,0.8043464374999916,0.8065980624999968,0.8046381249999905,0.0008829137125881627,49.05083051936744,51.7917031579985,NaN,NaN,NaN,NaN,0.00008843164570987994,-0.00001694056536138966,-0.0001053722110712696,56.388630009319286,59.75150913880774
1764273600,0.8050462131613991,0.8050462131613991,0.80488,0.8049675000000001,0.80836,0.80388,0.80612,NaN,NaN,NaN,NaN,NaN,0.8044852839492252,0.8053894198620435,0.803581148036407,0.8062935557748617,0.8026770121235888,0.8047214999999905,0.8065235789566572,0.8029194210433239,0.8047214999999905,0.8056225394783239,0.8038204605216572,0.805499546928958,0.805037090536339,0.7990291328124951,0.8018965625000126,0.8043943624999916,0.8065699062499968,0.8047214999999905,0.0008317208160746572,48.02832741993625,52.399314108039185,NaN,NaN,NaN,NaN,0.00006468781967537308,-0.000024512436477053257,-0.00008920025615242634,54.80482541606492,56.35877943608924
1764277200,0.8050068565806996,0.8050068565806996,0.80475,0.804895,0.80836,0.80388,0.80612,NaN,NaN,NaN,NaN,NaN,0.8044912944843856,0.8053899030433953,0.8035926859253759,0.806288511602405,0.8026940773663662,0.8048096249999906,0.806458097248124,0.8031611527518573,0.8048096249999906,0.8056338611240573,0.803985388875924,0.8054758392062538,0.8050241732148536,0.799037039062495,0.8018958593750126,0.8044403749999915,0.8065380624999969,0.8048096249999906,0.0007906590849764407,47.00820253982752,52.38922099103225,NaN,NaN,NaN,NaN,0.00004260104819414324,-0.00003594894590974729,-0.00007854999410389052,47.19577019399958,52.796408539794605
1764280800,0.8049509282903498,0.80503,0.80474,0.8048375000000001,0.80626,0.80265,0.8044549999999999,NaN,NaN,NaN,NaN,NaN,0.8048691666666667,0.8048691666666667,0.8048691666666667,0.8048691666666667,0.8048691666666667,0.8049007499999906,0.8063291285616337,0.8034723714383475,0.8049007499999906,0.8056149392808122,0.804186560719169,0.8054508062962046,0.8050072029225942,0.79904471289062,0.8018950937500126,0.8044858124999915,0.8065033749999969,0.8049007499999906,0.0007548977217638387,46.170603918399955,52.082746292041804,NaN,NaN,NaN,NaN,0.000023570880013188154,-0.00004908639408740534,-0.00007265727410059349,33.90684997215158,45.3024818607387
1764284400,0.8048942141451749,0.8048942141451749,0.80434,0.8046599999999999,0.80626,0.80265,0.8044549999999999,NaN,NaN,NaN,NaN,NaN,0.8047290813741196,0.8048460560005906,0.8046121067476486,0.8049630306270615,0.8044951321211776,0.8049642499999905,0.8062209342548045,0.8037075657451765,0.8049642499999905,0.8055925921273975,0.8043359078725835,0.8054197942845888,0.8049756390205401,0.799052265624995,0.8018914765625127,0.8045313124999915,0.8064620312499968,0.8049642499999905,0.0007405631805789124,43.58863632589557,51.29496742347059,NaN,NaN,NaN,NaN,-2.577180350569032e-7,-0.00007297942164441462,-0.00007272170360935772,23.28157048131961,34.7947302158236
1764288000,0.8047771070725874,0.80531,0.80456,0.8048474999999999,0.80626,0.80265,0.8044549999999999,NaN,NaN,NaN,NaN,NaN,0.8048613767624052,0.80495793222353,0.8047648213012805,0.8050544876846547,0.8046682658401557,0.8050218749999904,0.8061383425340127,0.8039054074659682,0.8050218749999904,0.8055801087670016,0.8044636412329793,0.8053973513714676,0.8049639900186728,0.7990604882812449,0.8018871328125126,0.8045782124999916,0.8064222812499968,0.8050218749999904,0.0007412372391089841,46.96270703159643,50.456699798460264,NaN,NaN,NaN,NaN,-0.0000025507097935404657,-0.00007591009085128331,-0.00007335938105774284,20.416479682361956,25.86830004527772
1764291600,0.8048123035362937,0.80555,0.80472,0.8051775,0.80626,0.80265,0.8044549999999999,NaN,NaN,NaN,NaN,NaN,0.8049736168574818,0.8051329613431911,0.8048142723717725,0.8052923058289004,0.8046549278860632,0.8050991249999905,0.8060164039946041,0.8041818460053769,0.8050991249999905,0.8055577644972972,0.8046404855026837,0.8053887297490572,0.8049834000169753,0.799069058593745,0.8018859531250125,0.8046259624999916,0.8063787187499969,0.8050991249999905,0.000747577436315485,52.363134184143256,49.92826685894199,NaN,NaN,NaN,NaN,0.00001787443235100043,-0.000051016340618992295,-0.00006889077296999273,30.983382936504004,24.893811033395195
1764295200,0.8049949017681468,0.80554,0.8049949017681468,0.80532,0.80626,0.80265,0.8044549999999999,NaN,NaN,NaN,NaN,NaN,0.8051166472543801,0.8053110730614611,0.8049222214472992,0.8055054988685421,0.8047277956402182,0.8051686249999905,0.8059159309970507,0.8044213190029303,0.8051686249999905,0.8055422779985206,0.8047949720014604,0.8053860344647804,0.8050140000154321,0.799077664062495,0.8018878203125126,0.8046733749999916,0.8063434999999968,0.8051686249999905,0.0007331146359967521,54.516823995670904,49.640021439082254,NaN,NaN,NaN,NaN,0.000039461589587550474,-0.000019563785985554638,-0.00005902537557310511,45.592436434448494,32.33076635110483
1764298800,0.8051574508840734,0.8058,0.80496,0.8052474999999999,0.80626,0.80265,0.8044549999999999,NaN,NaN,NaN,NaN,NaN,0.8052562211804752,0.80541383430523,0.8050986080557205,0.8055714474299847,0.8049409949309658,0.8052024999999905,0.8058978057357659,0.8045071942642151,0.8052024999999905,0.8055501528678781,0.8048548471321029,0.8053806017406714,0.8050352272867565,0.7990863867187451,0.8018894765625125,0.8047187749999916,0.8063117187499967,0.8052024999999905,0.0007407493048541235,53.19901819062449,49.57454275066033,NaN,NaN,NaN,NaN,0.000046834702252763054,-4.819977571512979e-7,-0.00004731670000991435,55.45451205173132,44.01011047422795
1764302400,0.8052024754420366,0.8052024754420366,0.8048,0.80498,0.80626,0.80265,0.8044549999999999,NaN,NaN,NaN,NaN,NaN,0.8051845856918747,0.8053626099856429,0.8050065613981064,0.8055406342794111,0.8048285371043382,0.8052072499999905,0.8058950725176268,0.8045194274823542,0.8052072499999905,0.8055511612588087,0.8048633387411723,0.8053648918684881,0.8050302066243241,0.7990947636718702,0.8018902500000126,0.8047613624999915,0.8062742812499968,0.8052072499999905,0.0007198029259359671,48.53709501647197,49.21104132452228,NaN,NaN,NaN,NaN,0.00003236102619840008,-0.000006865417261914253,-0.000039226443460314335,52.872536278966145,51.30649492171532
1764306000,0.8050912377210183,0.80526,0.80455,0.8048275,0.80626,0.80265,0.8044549999999999,NaN,NaN,NaN,NaN,NaN,0.8051040000177656,0.8053075898039977,0.8049004102315335,0.8055111795902299,0.8046968204453013,0.8051829999999904,0.8058882475210305,0.8044777524789504,0.8051829999999904,0.8055356237605105,0.8048303762394704,0.805343817677567,0.8050117787493856,0.79910281445312,0.8018900234375126,0.8048038499999915,0.8062305624999968,0.8051829999999904,0.00071910271694054,46.05906071946719,48.59754843851747,NaN,NaN,NaN,NaN,0.000012218214247006906,-0.000023953675651555706,-0.00003617188989856261,43.83806421176953,50.721704180822336
1764309600,0.8049593688605092,0.80534,0.80442,0.804815,0.80626,0.80265,0.8044549999999999,NaN,NaN,NaN,NaN,NaN,0.8050748248155991,0.805281809243769,0.8048678403874292,0.8054887936719389,0.8046608559592593,0.8051347499999905,0.8058009818035042,0.8044685181964767,0.8051347499999905,0.8054678659017473,0.8048016340982336,0.8053230797294272,0.8049938897721687,0.7991107499999951,0.8018884140625125,0.8048486374999917,0.8061844062499969,0.8051347499999905,0.000733452522873353,45.85241775371667,48.34692701016085,NaN,NaN,NaN,NaN,-0.0000015153576156640052,-0.000038066086918142616,-0.00003655072930247861,36.009973564045204,44.24019135159364
1764313200,0.8048871844302545,0.80616,0.8048871844302545,0.8054349999999999,0.80626,0.80265,0.8044549999999999,NaN,NaN,NaN,NaN,NaN,0.8051512650882142,0.8053987210097027,0.8049038091667258,0.8056461769311911,0.8046563532452373,0.8051111249999906,0.8056944205963454,0.8045278294036358,0.8051111249999906,0.8054027727981681,0.8048194772018131,0.8053274687596457,0.8050339907019716,0.7991191601562451,0.8018893359375128,0.8048951624999916,0.8061472499999969,0.8051111249999906,0.0007771344855252593,56.32015859213244,49.02155370779949,NaN,NaN,NaN,NaN,0.000029856320743661963,7.696716270988446e-7,-0.00002908664911656312,42.02983089969019,40.625956225168316
1764316800,0.8051610922151272,0.80607,0.8051610922151272,0.8056675,0.80626,0.80265,0.8044549999999999,NaN,NaN,NaN,NaN,NaN,0.8052447344379798,0.8055373574039225,0.8049521114720372,0.8058299803698652,0.8046594885060945,0.8051038749999906,0.8056548275866986,0.8045529224132826,0.8051038749999906,0.8053793512933446,0.8048283987066366,0.805340803318091,0.8050915824563378,0.7991277499999951,0.8018899843750127,0.8049422249999916,0.8061134062499967,0.8051038749999906,0.000786546864050079,59.483335817449124,49.79573943033563,NaN,NaN,NaN,NaN,0.00006305714756576998,0.000049734785340649346,-0.000013322362225120624,55.212880726575044,44.41756173010349
1764320400,0.8054142961075637,0.80652,0.80534,0.805915,0.80626,0.80265,0.8044549999999999,NaN,NaN,NaN,NaN,NaN,0.8053200053197646,0.8056688491043495,0.8049711615351796,0.8060176928889345,0.8046223177505946,0.8051268749999906,0.805765905321834,0.8044878446781472,0.8051268749999906,0.8054463901609122,0.8048073598390689,0.8053633208350286,0.8051664385966708,0.799136585937495,0.8018909062500127,0.8049910499999916,0.8060846249999967,0.8051268749999906,0.0008146506594750785,62.58915996162348,50.76276296192534,NaN,NaN,NaN,NaN,0.00009647755196673345,0.00010727457773329618,0.00001079702576656274,68.45070067546911,55.23113743391144
1764324000,0.8056646480537819,0.8071,0.8056646480537819,0.8065074999999999,0.80626,0.80265,0.8044549999999999,0.80626,NaN,NaN,NaN,NaN,0.8053667872755891,0.8057742136942283,0.8049593608569499,0.8061816401128675,0.8045519344383106,0.8051814999999906,0.8060538795419782,0.804309120458003,0.8051814999999906,0.8056176897709844,0.8047453102289968,0.8054081906062039,0.8052883532697007,0.7991459960937449,0.8018953281250127,0.8050432749999916,0.8060605312499968,0.8051814999999906,0.000858986465671011,68.76246539627535,52.243772817378165,NaN,NaN,NaN,NaN,0.00015008083267780109,0.0001983980666138141,0.00004831723393601301,74.57329185240886,66.07895775148432
1764327600,0.8060860740268909,0.80718,0.80586,0.806465,0.80626,0.80265,0.8044549999999999,NaN,NaN,NaN,NaN,NaN,0.8054182403614842,0.8058810750887125,0.8049554056342559,0.8063439098159408,0.8044925709070276,0.8052293749999906,0.8062589852428512,0.80419976475713,0.8052293749999906,0.8057441801214209,0.8047145698785603,0.805449634111843,0.8053953211542734,0.7991556660156199,0.8018997656250126,0.8050973874999916,0.8060328124999968,0.8052293749999906,0.0008919160038373665,67.89698732600763,53.73582887353388,NaN,NaN,NaN,NaN,0.0001726580956025534,0.00026413985343920476,0.00009148175783665137,75.20141959321273,72.74180404036356
1764331200,0.8062755370134455,0.80634,0.80538,0.8058075,0.80626,0.80265,0.8044549999999999,NaN,NaN,0.80626,NaN,NaN,0.8054430814012196,0.8059030762816989,0.8049830865207402,0.8063630711621782,0.8045230916402609,0.8052652499999906,0.8063225625436315,0.8042079374563497,0.8052652499999906,0.8057939062718111,0.8047365937281701,0.8054636680682413,0.8054327919584303,0.7991651542968699,0.8019027968750126,0.8051522374999915,0.8059921874999969,0.8052652499999906,0.0009057077178489834,56.12717981570703,54.44701286619868,NaN,NaN,NaN,NaN,0.00013496392825003748,0.0002601866681491982,0.00012522273989916074,68.34302918962857,72.70591354508338
1764334800,0.8060415185067227,0.8060415185067227,0.80444,0.8051975,0.80626,0.80265,0.8044549999999999,NaN,NaN,NaN,NaN,NaN,0.8054336908361597,0.8058857692069917,0.8049816124653276,0.8063378475778238,0.8045295340944956,0.8052812499999906,0.8063241947804174,0.8042383052195639,0.8052812499999906,0.805802722390204,0.8047597776097772,0.8054532301047809,0.8054114017803912,0.7991741132812449,0.8019054843750129,0.8052060624999916,0.8059438437499968,0.8052812499999906,0.0009554084884828155,47.84126813338059,54.75077228101903,NaN,NaN,NaN,NaN,0.00006419251552915157,0.00020546338431060018,0.00014127086878144862,51.555589576103216,65.03334611964816
1764338400,0.8056195092533613,0.80584,0.80422,0.8049575,0.80626,0.80265,0.8044549999999999,NaN,NaN,NaN,NaN,NaN,0.8054183522352836,0.805869323987148,0.8049673804834192,0.8063202957390123,0.8045164087315548,0.8052784999999906,0.8063245502212094,0.8042324497787717,0.8052784999999906,0.8058015251106,0.8047554748893812,0.805433789708515,0.8053701379821738,0.7991829785156199,0.8019071640625126,0.8052587874999915,0.8058921874999969,0.8052784999999906,0.0010028793107340398,45.02492133568312,54.61235901702522,NaN,NaN,NaN,NaN,-1.3489149200976653e-7,0.00014110225441643642,0.0001412371459084462,34.919455202292674,51.606024656008145
1764342000,0.8052885046266807,0.80571,0.8028,0.8040325,0.80626,0.80265,0.8044549999999999,NaN,NaN,NaN,NaN,NaN,0.8053754176465225,0.8058730204790846,0.8048778148139605,0.8063706233116467,0.8043802119813984,0.8052279999999907,0.8064041734840631,0.8040518265159183,0.8052279999999907,0.8058160867420269,0.8046399132579546,0.8053788371709262,0.8052485345292489,0.7991915781249949,0.8019066953125128,0.8053060999999916,0.8058298124999969,0.8052279999999907,0.0011391022171101854,36.18371089596558,53.45668592501254,NaN,NaN,NaN,NaN,-0.000100765963879761,0.000015279691058744937,0.00011604565493850594,27.07503326733512,37.850026015243664
1764345600,0.8046605023133404,0.8046605023133404,0.80265,0.8032625,0.80626,0.80265,0.8044549999999999,NaN,NaN,NaN,NaN,NaN,0.8053253969360906,0.8059007299218732,0.804750063950308,0.8064760629076558,0.8041747309645254,0.8051427499999907,0.8065964968193184,0.8036890031806629,0.8051427499999907,0.8058696234096545,0.8044158765903269,0.8052958435563801,0.8050679859356809,0.7992002148437449,0.8019053906250129,0.8053472999999916,0.8057567812499968,0.8051427499999907,0.0012013450811266316,30.7676157614367,51.760313908281525,NaN,NaN,NaN,NaN,-0.00020875481939466677,-0.0001448978693048275,0.00006385695008983925,22.19192708312058,28.06213851758278
1764349200,0.8039615011566702,0.8039615011566702,0.80298,0.8034299999999999,0.80626,0.80265,0.8044549999999999,NaN,NaN,NaN,NaN,NaN,0.8052996345999218,0.8059111162513253,0.8046881529485184,0.8065225979027287,0.8040766712971149,0.8050694999999907,0.8067023943827032,0.8034366056172781,0.8050694999999907,0.805885947191347,0.8042530528086343,0.8052226732208357,0.8049190781233462,0.7992089882812449,0.8019053125000127,0.8053854749999917,0.8056844999999969,0.8050694999999907,0.001185641943665456,33.11305042350948,50.325601924916164,NaN,NaN,NaN,NaN,-0.00025538958229127506,-0.0002553800277742546,9.554517020469349e-9,19.62626125172593,22.964407200727198
1764352800,0.8036957505783351,0.80374,0.8031,0.8033075000000001,0.80626,0.80265,0.8044549999999999,NaN,NaN,NaN,NaN,NaN,0.8052788005353041,0.8059186083737967,0.8046389926968115,0.8065584162122893,0.8039991848583189,0.8049929999999905,0.8067966349590887,0.8031893650408923,0.8049929999999905,0.8058948174795396,0.8040911825204414,0.8051475683886461,0.8047725710212238,0.7992181328124949,0.8019072421875129,0.8054174374999916,0.8056042812499967,0.8049929999999905,0.0011466675191179215,32.25248634934542,49.16241559154998,NaN,NaN,NaN,NaN,-0.00027904915521879893,-0.00034880188950647817,-0.00006975273428767925,15.084621044885793,18.967603126577426
1764356400,0.8035016252891676,0.80351,0.80314,0.8033399999999999,0.80626,0.80265,0.8044549999999999,NaN,NaN,NaN,NaN,NaN,0.805244327962794,0.8059285097845952,0.8045601461409928,0.8066126916063964,0.8038759643191916,0.8049269999999906,0.80686606654486,0.8029879334551212,0.8049269999999906,0.8058965332724254,0.8039574667275559,0.8050766833537972,0.8046423372920216,0.7992275976562448,0.8019118593750129,0.8054483624999915,0.8055213749999968,0.8049269999999906,0.0010911912677523544,32.751826479549294,48.21189886012727,NaN,NaN,NaN,NaN,-0.000276540302906258,-0.00041542811292050175,-0.00013888781001424375,15.654893303899422,16.78859186683704
1764360000,0.8034208126445838,0.80359,0.80312,0.8033675,0.80626,0.80265,0.8044549999999999,NaN,NaN,NaN,NaN,NaN,0.8052022289321565,0.8059338314756236,0.8044706263886895,0.8066654340190906,0.8037390238452224,0.8048529999999907,0.8069080472171322,0.8027979527828493,0.8048529999999907,0.8058805236085614,0.80382547639142,0.8050096565556091,0.8045264429927469,0.7992374843749948,0.8019166718750128,0.8054822124999916,0.8054428124999967,0.8048529999999907,0.0010468204629129063,33.200479371134165,47.308188975657096,NaN,NaN,NaN,NaN,-0.0002574499038342366,-0.00046070018980703953,-0.00020325028597280293,15.194996320824707,15.311503556536634
1764363600,0.8033941563222919,0.80408,0.80326,0.803655,0.80626,0.80265,0.8044549999999999,NaN,NaN,NaN,NaN,NaN,0.8051398687051166,0.8059180090801036,0.8043617283301295,0.8066961494550906,0.8035835879551425,0.8047768749999907,0.8068901709451418,0.8026635790548396,0.8047768749999907,0.8058335229725663,0.8037202270274152,0.8049565327691146,0.8044472209024972,0.7992474746093697,0.8019263359375127,0.8055192249999915,0.8053779999999968,0.8047768749999907,0.0010306190012762731,37.867489248915724,45.990141165427325,NaN,NaN,NaN,NaN,-0.00021178788975592119,-0.0004679851481677044,-0.00025619725841178324,17.75202354672568,16.200637723816595
1764540000,0.803524578161146,0.80466,0.803524578161146,0.804145,0.80718,0.80265,0.804915,NaN,NaN,NaN,NaN,NaN,0.8041098593870487,0.8041098593870487,0.8041098593870487,0.8041098593870487,0.8041098593870487,0.8047181249999907,0.8068330882980012,0.8026031617019803,0.8047181249999907,0.805775606648996,0.8036606433509855,0.8049247079546396,0.8044197462749975,0.7992586191406197,0.8019413515625129,0.8055569624999915,0.8053299374999968,0.8047181249999907,0.0010381049182461156,44.92948463269165,44.95058036651608,NaN,NaN,NaN,NaN,-0.00013845919603602938,-0.00042927125345681993,-0.00029081205742079055,23.675496688742232,18.874172185430865
1764543600,0.803834789080573,0.80424,0.8032,0.80364,0.80718,0.80265,0.804915,NaN,NaN,NaN,NaN,NaN,0.803901197498033,0.8041094601424018,0.8036929348536642,0.8043177227867706,0.8034846722092954,0.8046377499999906,0.80678801796358,0.8024874820364012,0.8046377499999906,0.8057128839817853,0.8035626160181959,0.8048743272505361,0.8043488602499977,0.7992705957031199,0.8019538125000129,0.8055874624999916,0.8052850937499967,0.8046377499999906,0.0010382402812285309,39.89652366021478,43.32967777355832,NaN,NaN,NaN,NaN,-0.00011481657378771364,-0.00043433277465543263,-0.000319516200867719,25.680647534952737,22.369389256806873
1764547200,0.8037373945402866,0.8038,0.80299,0.8033825,0.80718,0.80265,0.804915,NaN,NaN,NaN,NaN,NaN,0.8036999271232218,0.8039973826279324,0.8034024716185112,0.804294838132643,0.8031050161138006,0.8045578749999907,0.8067691723007416,0.8023465776992397,0.8045578749999907,0.8056635236503662,0.8034522263496151,0.8048158242211033,0.8042610093181798,0.7992827324218699,0.8019653203125128,0.8056086249999916,0.8052223749999967,0.8045578749999907,0.0010219374039979199,37.58460447665421,41.1026877078711,NaN,NaN,NaN,NaN,-0.00010749904189278757,-0.00045389000323370343,-0.00034639096134091586,23.675496688742232,24.343880304145728
1764550800,0.8035599472701433,0.8035599472701433,0.80242,0.8031775,0.80718,0.80265,0.804915,NaN,NaN,NaN,NaN,NaN,0.8034312830790804,0.8038231113941672,0.8030394547639936,0.804214939709254,0.8026476264489069,0.8044753749999906,0.8067621102827719,0.8021886397172092,0.8044753749999906,0.8056187426413812,0.8033320073585999,0.8047515762124327,0.8041625084710725,0.7992953593749949,0.8019760156250128,0.8056261124999915,0.8051640312499966,0.8044753749999906,0.001030366680151163,35.805706069204604,38.810453332385165,NaN,NaN,NaN,NaN,-0.000107201918063734,-0.0004803933589205833,-0.00037319144085684933,19.11608738418131,22.824077202625418
1764554400,0.8033687236350717,0.8041,0.8033687236350717,0.803755,0.80718,0.80265,0.804915,NaN,NaN,NaN,NaN,NaN,0.8034903609434958,0.8038633063377909,0.8031174155492007,0.804236251732086,0.8027444701549056,0.8044223749999906,0.8067242527667,0.8021204972332812,0.8044223749999906,0.8055733138833453,0.8032714361166359,0.8047124947923373,0.8041254622464296,0.7993090937499947,0.8019878437500128,0.8056483874999917,0.8051284374999967,0.8044223749999906,0.0010226619172832264,43.86598513272618,37.93465371217224,NaN,NaN,NaN,NaN,-0.00006113896893124868,-0.0004496151520209102,-0.0003884761830896615,24.118982459744306,22.303522177555937
1764558000,0.8035618618175359,0.80445,0.8035618618175359,0.80419,0.80718,0.80265,0.804915,NaN,NaN,NaN,NaN,NaN,0.8035636672206603,0.8039615789403637,0.8031657555009569,0.8043594906600671,0.8027678437812535,0.8043601249999905,0.8066159748960384,0.8021042751039427,0.8043601249999905,0.8054880499480145,0.8032322000519666,0.804692004800481,0.8041313293149359,0.7993231562499947,0.8020001250000128,0.8056744749999916,0.8050981874999967,0.8043601249999905,0.0010130530790818629,49.0549160177594,38.02134284677073,NaN,NaN,NaN,NaN,0.0000022397479445167767,-0.0003856764981590155,-0.0003879162461035323,35.98045180639949,26.40517388344169
1764561600,0.803875930908768,0.80438,0.803875930908768,0.80416,0.80718,0.80265,0.804915,NaN,NaN,NaN,NaN,NaN,0.8036116089975116,0.8040244028681565,0.8031988151268667,0.8044371967388013,0.8027860212562219,0.8042847499999907,0.8064601344063305,0.8021093655936509,0.8042847499999907,0.8053724422031605,0.8031970577968208,0.8046711418671287,0.8041339357408508,0.7993370800781199,0.8020123281250127,0.8056981249999917,0.8050610937499968,0.8042847499999907,0.000976697079949731,48.72042877113219,38.28530766358852,NaN,NaN,NaN,NaN,0.00004346891699868208,-0.00033358009985517967,-0.00037704901685386175,47.16830460709395,35.755912957745906
1764565200,0.804017965454384,0.80454,0.80394,0.80427,0.80718,0.80265,0.804915,NaN,NaN,NaN,NaN,NaN,0.8036644068711264,0.8040971008606453,0.8032317128816074,0.8045297948501643,0.8027990188920885,0.8042024999999906,0.8062454727274978,0.8021595272724834,0.8042024999999906,0.8052239863637443,0.803181013636237,0.8046554108135159,0.8041463052189552,0.7993512480468697,0.8020242968750129,0.8057206874999917,0.8050195624999967,0.8042024999999906,0.0009497901456676105,50.06492276595791,39.2768227971594,NaN,NaN,NaN,NaN,0.00007748927589634101,-0.0002801874219834355,-0.0003576766978797765,62.4042311411836,48.51766251822568
1764568800,0.804143982727192,0.80475,0.804143982727192,0.80448,0.80718,0.80265,0.804915,NaN,NaN,NaN,NaN,NaN,0.8037676606989417,0.8042515448810676,0.8032837765168157,0.8047354290631936,0.8027998923346897,0.8041011249999906,0.8058576631443853,0.802344586855596,0.8041011249999906,0.804979394072188,0.8032228559277933,0.8046485319580838,0.8041766411081411,0.7993652656249948,0.8020363125000127,0.8057459249999919,0.8049819374999967,0.8041011249999906,0.0009252349404633495,52.61897751782251,40.837634351186956,NaN,NaN,NaN,NaN,0.00011141304146384298,-0.0002184103960499728,-0.0003298234375138158,74.62344154200734,61.39865909676163
1764572400,0.804311991363596,0.80446,0.80304,0.80385,0.80718,0.80265,0.804915,NaN,NaN,NaN,NaN,NaN,0.8037694305831241,0.8042252013937273,0.8033136597725209,0.8046809722043305,0.8028578889619177,0.8039703749999907,0.8053531532730327,0.8025875967269487,0.8039703749999907,0.8046617641365117,0.8032789858634697,0.8046172169793354,0.8041469464619465,0.7993789511718699,0.8020468125000129,0.8057653499999918,0.8049339687499968,0.8039703749999907,0.0009620038732873958,45.156976983435754,41.697914819753116,NaN,NaN,NaN,NaN,0.00008963715389103598,-0.0002177769951500208,-0.0003074141490410568,77.45205906334695,71.49324391551262
1764576000,0.804080995681798,0.804080995681798,0.80212,0.8030875000000001,0.80718,0.80265,0.804915,NaN,NaN,NaN,NaN,NaN,0.8036677878886562,0.8041520066447242,0.8031835691325883,0.8046362254007922,0.8026993503765203,0.8038343749999907,0.8049828434379432,0.8026859065620381,0.8038343749999907,0.804408609218967,0.8032601407810144,0.804557228078185,0.8040506331472241,0.7993922167968698,0.8020544843750128,0.8057809374999917,0.8048759062499966,0.8038343749999907,0.0010333604310381512,38.112287308791025,42.116472031142095,NaN,NaN,NaN,NaN,0.000025431189159736344,-0.00027562516259138636,-0.0003010563517511227,62.1908266562227,71.42210908719233
1764579600,0.803584247840899,0.803584247840899,0.8024,0.802815,0.80718,0.80265,0.804915,NaN,NaN,NaN,NaN,NaN,0.8035916485068436,0.8041018564127047,0.8030814406009825,0.8046120643185658,0.8025712326951214,0.8037152499999907,0.8047633052538319,0.8026671947461494,0.8037152499999907,0.8042392776269113,0.8031912223730701,0.8044889054084522,0.8039383028611129,0.7994051328124947,0.8020605859375127,0.8057943499999917,0.8048206562499967,0.8037152499999907,0.0010441381031710683,35.9535953469351,42.345169807383925,NaN,NaN,NaN,NaN,-0.00003079065071436254,-0.0003395446651440759,-0.00030875401442971334,41.528772771530264,60.39055283036663
1764583200,0.8031996239204495,0.80353,0.8027,0.8029875,0.80718,0.80265,0.804915,NaN,NaN,NaN,NaN,NaN,0.80355639485351,0.8040659968910556,0.8030467928159645,0.8045755989286012,0.8025371907784189,0.8036167499999906,0.8045424377531013,0.8026910622468798,0.8036167499999906,0.8040795938765459,0.8031539061234352,0.8044300267649834,0.8038518662373754,0.7994177734374948,0.8020673281250128,0.8058068499999915,0.8047741562499967,0.8036167499999906,0.0010288425243731346,38.33467519885496,42.71189808079256,NaN,NaN,NaN,NaN,-0.00005059191553765855,-0.0003719939088517865,-0.00032140199331412797,32.06590621039158,45.261835212714836
1764586800,0.8030935619602247,0.8030935619602247,0.80234,0.80266,0.80718,0.80265,0.804915,NaN,NaN,NaN,NaN,NaN,0.8035017777149747,0.80403757756611,0.8029659778638393,0.8045733774172454,0.8024301780127039,0.8035481249999906,0.8045413846604031,0.8025548653395781,0.8035481249999906,0.8040447548301969,0.8030514951697844,0.8043606139506704,0.8037435147612504,0.7994301816406197,0.8020735312500129,0.8058194999999916,0.8047324687499968,0.8035481249999906,0.00100917962693396,35.626601440705386,42.551834665920396,NaN,NaN,NaN,NaN,-0.00007832097718043205,-0.00041930321478966803,-0.000340982237609236,26.64765525982074,33.414111413914185
1764590400,0.8028767809801124,0.8028767809801124,0.8,0.8013000000000001,0.80718,0.80265,0.804915,NaN,0.80265,NaN,NaN,NaN,0.8033262748204026,0.8041025625643015,0.8025499870765038,0.8048788503082003,0.801773699332605,0.8034499999999907,0.8048437530502208,0.8020562469497605,0.8034499999999907,0.8041468765251057,0.8027531234748756,0.8042405898741735,0.8035213770556822,0.7994414199218698,0.8020749843750128,0.8058254624999917,0.8046753437499967,0.8034499999999907,0.001142579723589559,27.073473518472866,41.276405300619054,NaN,NaN,NaN,NaN,-0.0001752786535934069,-0.0005600805546009946,-0.0003848019010075877,26.961843772930404,28.558468414380897
1764594000,0.8020883904900562,0.8020883904900562,0.79964,0.8004249999999999,0.80718,0.80265,0.804915,NaN,NaN,NaN,NaN,NaN,0.8029964070070175,0.8041269180545745,0.8018658959594605,0.8052574291021315,0.8007353849119034,0.8032997499999907,0.805218679992217,0.8013808200077643,0.8032997499999907,0.8042592149961039,0.8023402850038774,0.8040909588987156,0.8032398882324383,0.7994518925781199,0.8020740546875128,0.8058299749999916,0.8046148437499967,0.8032997499999907,0.001235851921194318,23.21227517986914,40.08467326630865,NaN,NaN,NaN,NaN,-0.00027919374049232626,-0.0007337940766229956,-0.0004546003361306693,21.087591889772135,24.899030307507747
1764597600,0.8012566952450281,0.80267,0.80075,0.8016325,0.80718,0.80265,0.804915,NaN,NaN,NaN,NaN,NaN,0.8028585058587995,0.8040011734656839,0.8017158382519151,0.8051438410725683,0.8005731706450306,0.8032159999999907,0.8052678695290897,0.8011641304708917,0.8032159999999907,0.8042419347645402,0.8021900652354412,0.8039945487458248,0.8030937620294893,0.7994633203124948,0.8020773359375127,0.8058407374999916,0.8045752499999969,0.8032159999999907,0.001307933926823299,36.64139395452866,40.01730108615682,NaN,NaN,NaN,NaN,-0.00024848557301958177,-0.0007652073024051465,-0.0005167217293855647,27.240876163010352,25.09677060857095
1764601200,0.801444597622514,0.80332,0.80124,0.802295,0.80718,0.80265,0.804915,NaN,NaN,NaN,NaN,NaN,0.802797909504743,0.8038928118768877,0.8017030071325982,0.8049877142490324,0.8006081047604535,0.8031637499999906,0.8052532047889567,0.8010742952110246,0.8031637499999906,0.8042084773944737,0.8021190226055076,0.8039278997754002,0.8030211472995358,0.7994752089843699,0.8020844453125129,0.8058547874999917,0.8045358749999968,0.8031637499999906,0.0013630815034787833,42.57526546286078,40.50084104284655,NaN,NaN,NaN,NaN,-0.00016922220857063983,-0.0007282494900988645,-0.0005590272815282247,35.43705153294126,27.921839861907902
1764604800,0.801869798811257,0.80363,0.801869798811257,0.80286,0.80718,0.80265,0.804915,NaN,NaN,0.80265,NaN,NaN,0.802797211345354,0.8038577848138914,0.8017366378768166,0.8049183582824287,0.8006760644082792,0.8031383749999905,0.8052296415430182,0.8010471084569628,0.8031383749999905,0.8041840082715044,0.8020927417284767,0.8038860213528355,0.8030064975450325,0.7994873496093698,0.8020950234375128,0.8058705374999916,0.8044953749999968,0.8031383749999905,0.0013914471952833688,47.123496351402665,40.73352041560916,NaN,NaN,NaN,NaN,-0.00006951703444713889,-0.0006459235745871483,-0.0005764065401400094,51.320939334637934,37.999622343529836
1764608400,0.8023648994056285,0.8038,0.8023648994056285,0.8035074999999999,0.80718,0.80265,0.804915,NaN,NaN,NaN,NaN,NaN,0.8028163183851814,0.8038566388466312,0.8017759979237317,0.8048969593080809,0.8007356774622819,0.8031309999999907,0.8052159576889302,0.8010460423110513,0.8031309999999907,0.8041734788444604,0.802088521155521,0.8038711773782145,0.8030520432227568,0.799500007812495,0.802108078125013,0.8058845249999916,0.8044598437499968,0.8031309999999907,0.0013945652952182326,51.83195277473202,40.931880183964346,NaN,NaN,NaN,NaN,0.000043197360622564606,-0.0005224098393618037,-0.0005656071999843683,63.55185909980414,50.103283322461095
1764612000,0.8029361997028142,0.80426,0.8029361997028142,0.803935,0.80718,0.80265,0.804915,NaN,NaN,NaN,NaN,NaN,0.8028495747196668,0.8038842913316454,0.8018148581076882,0.804919007943624,0.8007801414957095,0.8031204999999906,0.8051869587015478,0.8010540412984334,0.8031204999999906,0.8041537293507692,0.8020872706492119,0.8038736802261276,0.803132312020688,0.7995134804687449,0.8021224296875129,0.8058935124999915,0.8044280624999969,0.8031204999999906,0.0013895106525016316,54.70005439603195,41.35899630002861,NaN,NaN,NaN,NaN,0.00014401866694682946,-0.0003855838663008315,-0.000529602533247661,74.24983692106957,63.04087845183721
1764615600,0.8034355998514071,0.80468,0.8034355998514071,0.80434,0.80718,0.80265,0.804915,NaN,NaN,NaN,NaN,NaN,0.8028941789615859,0.8039382415517806,0.8018501163713911,0.8049823041419754,0.8008060537811964,0.8031554999999907,0.8052788962335166,0.8010321037664648,0.8031554999999907,0.8042171981167536,0.8020938018832278,0.8038919672760834,0.8032421018369891,0.7995271621093699,0.802138562500013,0.8059039499999916,0.8043998124999969,0.8031554999999907,0.0013791456165081464,57.29437792780152,41.87538595444601,NaN,NaN,NaN,NaN,0.00023033625106630082,-0.00024168221941478496,-0.0004720184704810858,83.90410958904123,73.90193520330497
1764619200,0.8038877999257036,0.80486,0.8038877999257036,0.8045749999999999,0.80718,0.80265,0.804915,NaN,NaN,NaN,NaN,NaN,0.8029330326965084,0.803991934157827,0.8018741312351898,0.8050508356191456,0.8008152297738712,0.8032151249999906,0.8054258446233327,0.8010044053766485,0.8032151249999906,0.8043204848116616,0.8021097651883196,0.8039187528730997,0.8033632743972627,0.799541078124995,0.802156296875013,0.8059180874999916,0.8043716874999969,0.8032151249999906,0.0013500780777787387,58.76987590613488,42.314735839325465,NaN,NaN,NaN,NaN,0.0002916642869414704,-0.00010743811180424778,-0.00039910239874571817,90.18920904844367,82.78105185285148
1764622800,0.8042313999628518,0.8049,0.8042313999628518,0.804755,0.80718,0.80265,0.804915,NaN,NaN,NaN,NaN,NaN,0.8029609796921888,0.8040330822094774,0.8018888771749002,0.8051051847267661,0.8008167746576116,0.8032939999999906,0.8056040554247537,0.8009839445752276,0.8032939999999906,0.8044490277123721,0.8021389722876091,0.8039515468780761,0.8034897949066024,0.799554925781245,0.8021747578125131,0.8059317374999915,0.8043384999999968,0.8032939999999906,0.001301401074876557,59.91236823571985,43.36869235734576,NaN,NaN,NaN,NaN,0.0003299397077073407,0.000013322235888457712,-0.000316617471818883,94.58669750890459,89.56000538212982
1764626400,0.8044931999814259,0.8046,0.804,0.80427,0.8049,0.79964,0.80227,NaN,NaN,NaN,NaN,NaN,0.8042900000000001,0.8042900000000001,0.8042900000000001,0.8042900000000001,0.8042900000000001,0.8033197499999908,0.8056610562197141,0.8009784437802675,0.8033197499999908,0.8044904031098524,0.8021490968901291,0.8039640352357986,0.8035607226423659,0.7995685273437452,0.8021928046875132,0.8059378749999915,0.804297374999997,0.8033197499999908,0.001262372426671085,55.45352953928627,44.60735251666684,NaN,NaN,NaN,NaN,0.0003085689893497463,0.00006909376486829988,-0.0002394752244814464,93.26879652695857,92.68156769476894
1764630000,0.8043815999907129,0.80484,0.8043815999907129,0.8046549999999999,0.8049,0.79964,0.80227,NaN,NaN,NaN,NaN,NaN,0.8044872878379508,0.8046524367234432,0.8043221389524583,0.8048175856089357,0.8041569900669658,0.8033429999999907,0.8057272533558254,0.800958746644156,0.8033429999999907,0.804535126677908,0.8021508733220734,0.8039911318932182,0.8036602024021507,0.79958261132812,0.8022146093750132,0.8059401249999916,0.8042755312499968,0.8033429999999907,0.0012129172533374333,58.118146813556635,46.190534764282674,NaN,NaN,NaN,NaN,0.0003057515912745693,0.00014271426461176517,-0.00016303732666280408,93.53612167300429,93.79720523628914
1764633600,0.8045182999953564,0.80498,0.8045182999953564,0.8048225,0.8049,0.79964,0.80227,NaN,NaN,NaN,NaN,NaN,0.8046189724707111,0.804806300842335,0.8044316440990873,0.8049936292139588,0.8042443157274635,0.8033761249999907,0.8058224612917414,0.8009297887082399,0.8033761249999907,0.8045992931458661,0.8021529568541153,0.8040237345640724,0.8037658658201371,0.7995965820312451,0.8022385546875132,0.8059405624999916,0.8042709687499968,0.8033761249999907,0.001159258878430733,59.25992599084696,47.68519553513924,NaN,NaN,NaN,NaN,0.00030013353597350555,0.00021212959330407788,-0.00008800394266942768,93.47186026971987,93.42559282322755
1764637200,0.8046703999976782,0.805,0.8043,0.80466,0.8049,0.79964,0.80227,NaN,NaN,NaN,NaN,NaN,0.8046312734257827,0.8047822721290927,0.8044802747224726,0.8049332708324027,0.8043292760191626,0.8033956249999907,0.8058761299388936,0.8009151200610879,0.8033956249999907,0.8046358774694422,0.8021553725305393,0.8040486861497951,0.8038471507455792,0.7996103671874952,0.8022622187500132,0.8059397749999917,0.8042721562499968,0.8033956249999907,0.00112645467282854,57.61879356515538,49.25606640117138,NaN,NaN,NaN,NaN,0.00027131069662423516,0.0002511344281108663,-0.000020176268513368893,95.34982784628517,94.11926992966977
1764640800,0.8046651999988391,0.8046651999988391,0.8044,0.804475,0.8049,0.79964,0.80227,NaN,NaN,NaN,NaN,NaN,0.8046115548228918,0.8047561987175001,0.8044669109282835,0.8049008426121085,0.8043222670336752,0.8033953749999908,0.8058754436989157,0.8009153063010659,0.8033953749999908,0.8046354093494533,0.8021553406505283,0.8040654043399992,0.8039042279505265,0.7996240292968702,0.8022847421875132,0.8059369499999915,0.804274874999997,0.8033953749999908,0.0010649364818292955,55.72667351564642,51.30272354382664,NaN,NaN,NaN,NaN,0.0002274002196570875,0.0002640740060579905,0.00003667378640090298,93.63750069875323,94.15306293825275
1764644400,0.8045700999994196,0.8045700999994196,0.80406,0.8042900000000001,0.8049,0.79964,0.80227,NaN,NaN,NaN,NaN,NaN,0.804550903756983,0.8047285850937116,0.8043732224202544,0.8049062664304402,0.8041955410835259,0.8034173749999907,0.8059208802931506,0.8009138697068308,0.8034173749999907,0.8046691276465706,0.8021656223534107,0.8040742120129404,0.8039392981368423,0.7996375976562452,0.8023054140625133,0.8059286999999916,0.8042751562499969,0.8034173749999907,0.0010253053045143205,53.82323434579257,53.48922062710688,NaN,NaN,NaN,NaN,0.0001758166723894178,0.0002564446268876752,0.00008062795449825742,89.05201931518899,92.67978262007578
1764648000,0.8044300499997099,0.80456,0.80406,0.8043399999999999,0.8049,0.79964,0.80227,NaN,NaN,NaN,NaN,NaN,0.8045214017679956,0.8047043736432657,0.8043384298927254,0.8048873455185359,0.8041554580174552,0.8034799999999906,0.8060098883503035,0.8009501116496778,0.8034799999999906,0.8047449441751471,0.8022150558248342,0.8040846350712565,0.8039757255789475,0.7996501757812452,0.8023256875000131,0.8059194249999916,0.8042763437499969,0.8034799999999906,0.0009877834970490158,54.27778895498161,54.748963127139234,NaN,NaN,NaN,NaN,0.0001367243173317161,0.00025153335116290254,0.00011480903383118645,85.3153833460975,89.3349677866799
1764651600,0.804385024999855,0.80482,0.804385024999855,0.8045975000000001,0.8049,0.79964,0.80227,NaN,NaN,NaN,NaN,NaN,0.8045322815064597,0.8047044428485812,0.8043601201643382,0.8048766041907027,0.8041879588222167,0.8035691249999907,0.8061244876460316,0.8010137623539497,0.8035691249999907,0.8048468063230111,0.8022914436769703,0.8041047474214033,0.8040322505263159,0.7996625722656201,0.8023465859375131,0.8059127749999917,0.8042795312499968,0.8035691249999907,0.000951513247259803,56.64477610980499,55.753928173349536,NaN,NaN,NaN,NaN,0.0001204410282723071,0.0002653603191715703,0.00014491929089926323,84.29410925227256,86.22050397118635
1764655200,0.8044912624999275,0.80492,0.80445,0.8045950000000001,0.8049,0.79964,0.80227,NaN,NaN,NaN,NaN,NaN,0.8045499152790234,0.8047149412731136,0.8043848892849332,0.8048799672672038,0.804219863290843,0.8036494999999908,0.8062276512881207,0.8010713487118609,0.8036494999999908,0.8049385756440557,0.8023604243559259,0.8041239730127208,0.8040834095693781,0.7996749804687452,0.8023682421875131,0.8059087124999915,0.8042812187499969,0.8036494999999908,0.0009171194438841007,56.61413242460304,56.431830750006704,NaN,NaN,NaN,NaN,0.0001024405147562358,0.00027296993434455796,0.00017052941958832217,84.73959262714614,84.78302840850539
1764658800,0.8045431312499638,0.8045431312499638,0.80396,0.804325,0.8049,0.79964,0.80227,NaN,NaN,NaN,NaN,NaN,0.8045071215324688,0.804688413796483,0.8043258292684546,0.8048697060604972,0.8041445370044404,0.8037327499999908,0.806285117492087,0.8011803825078946,0.8037327499999908,0.8050089337460389,0.8024565662539427,0.8041318564239867,0.8041053723357983,0.7996871113281203,0.8023887656250132,0.8059032124999915,0.8042867499999969,0.8037327499999908,0.0008969680550352401,53.262828665894425,56.53403617080402,NaN,NaN,NaN,NaN,0.00006700258715583112,0.0002542826535331111,0.00018728006637727996,79.68843881955756,82.90738023299207
1764662400,0.8044340656249819,0.80464,0.80411,0.8044175,0.8049,0.79964,0.80227,NaN,NaN,NaN,NaN,NaN,0.8044933139455221,0.8046678349137646,0.8043187929772797,0.804842355882007,0.8041442720090373,0.8038886249999907,0.8061967657566114,0.80158048424337,0.8038886249999907,0.805042695378301,0.8027345546216804,0.8041430581328499,0.8041337475779984,0.7996995429687452,0.8024083437500131,0.8058974124999915,0.8043007187499969,0.8038886249999907,0.0008707560511041537,54.26174965021319,56.50272868895983,NaN,NaN,NaN,NaN,0.00004547413163391315,0.0002441227309196714,0.00019864859928575825,71.56306527296788,78.66369890655717
1764666000,0.804425782812491,0.8052,0.804,0.8044850000000001,0.8049,0.79964,0.80227,NaN,NaN,NaN,NaN,NaN,0.8045026740301691,0.8046664999932415,0.8043388480670967,0.8048303259563139,0.8041750221040243,0.8040916249999908,0.8057752136529381,0.8024080363470434,0.8040916249999908,0.8049334193264644,0.8032498306735171,0.8041564676178362,0.8041656796163622,0.7997119218749953,0.8024275468750133,0.8058908499999915,0.804317624999997,0.8040916249999908,0.0008942734760252841,55.01729579850347,56.340079965438534,NaN,NaN,NaN,NaN,0.000032093334612335445,0.00023876526755117755,0.0002066719329388421,58.52332870291314,69.92494426514617
1764669600,0.8044553914062456,0.80532,0.80404,0.8046225,0.8049,0.79964,0.80227,NaN,NaN,NaN,NaN,NaN,0.8045214785333054,0.8046835538292794,0.8043594032373313,0.8048456291252534,0.8041973279413573,0.8042411249999908,0.8055028604128875,0.802979389587094,0.8042411249999908,0.8048719927064392,0.8036102572935424,0.8041747433975289,0.8042072087421475,0.7997240937499954,0.8024472734375132,0.8058815874999915,0.8043377187499969,0.8042411249999908,0.0009218253705949109,56.590376756215996,56.184401454730036,NaN,NaN,NaN,NaN,0.000028914864848717518,0.000242815513999739,0.00021390064915102148,52.329958104995534,60.805450693625495
1764673200,0.8045389457031228,0.80509,0.80438,0.8047175,0.8049,0.79964,0.80227,NaN,NaN,NaN,NaN,NaN,0.8045359188328352,0.8047009417056423,0.804370895960028,0.8048659645784495,0.8042058730872208,0.804362249999991,0.8052684493785524,0.8034560506214296,0.804362249999991,0.8048153496892717,0.8039091503107102,0.8041960279701749,0.8042535988564977,0.7997361445312453,0.8024666328125131,0.8058709374999914,0.8043543124999969,0.804362249999991,0.0009066949869809878,57.69125983825395,56.025750854911045,NaN,NaN,NaN,NaN,0.000029519483257649975,0.00025080000322308393,0.00022128051996543396,49.97437425579816,53.60922035456892
1764676800,0.8046282228515613,0.80486,0.80416,0.804465,0.8049,0.79964,0.80227,NaN,NaN,NaN,NaN,NaN,0.8045325084782765,0.8046909091920231,0.8043741077645299,0.8048493099057697,0.8042157070507833,0.8044424999999908,0.8050308855572147,0.803854114442767,0.8044424999999908,0.8047366927786027,0.804148307221379,0.8042065758929131,0.8042728171422706,0.7997479414062453,0.8024852421875132,0.8058592624999915,0.8043639374999969,0.8044424999999908,0.0008919310593394911,53.78686379623112,55.90670330183567,NaN,NaN,NaN,NaN,0.00001021965389617243,0.0002340550873356495,0.00022383543343947707,47.18137254901752,49.82856830327037
1764680400,0.8045466114257807,0.80496,0.80422,0.8044825,0.8049,0.79964,0.80227,NaN,NaN,NaN,NaN,NaN,0.8045348199041266,0.8046846789779238,0.8043849608303293,0.8048345380517211,0.804235101756532,0.8044912499999908,0.8048939487889124,0.8040885512110691,0.8044912499999908,0.8046925993944516,0.80428990060553,0.8042173964461322,0.804291879220246,0.7997590917968702,0.802502578125013,0.8058480249999914,0.804374562499997,0.8044912499999908,0.000881078840815239,54.019128059323684,55.61391624796188,NaN,NaN,NaN,NaN,-0.0000033366921956710037,0.00021966456819488833,0.00022300126039055934,43.74999999999727,46.96858226827095
1764684000,0.8045145557128903,0.80483,0.80412,0.8044250000000001,0.8049,0.79964,0.80227,NaN,NaN,NaN,NaN,NaN,0.8045249391404976,0.804667117550026,0.8043827607309693,0.8048092959595543,0.8042405823214409,0.8045157499999908,0.8048300115385109,0.8042014884614707,0.8045157499999908,0.8046728807692508,0.8043586192307307,0.8042255377619701,0.8043039811093146,0.7997698417968703,0.8025192109375132,0.8058373374999915,0.804380749999997,0.8045157499999908,0.0008688589236141576,53.07523379755137,55.17215251986935,NaN,NaN,NaN,NaN,-0.000017361207970725085,0.00020129975042715298,0.00021866095839787806,36.580882352940606,42.50408496731844
1764687600,0.8044697778564451,0.80508,0.80304,0.8042225,0.8049,0.79964,0.80227,NaN,NaN,NaN,NaN,NaN,0.8044726657258368,0.8046634069662427,0.8042819244854308,0.8048541482066487,0.8040911832450248,0.8045098749999907,0.8048409999798694,0.8041787500201121,0.8045098749999907,0.80467543748993,0.8043443125100515,0.8042254186340497,0.8042965737357405,0.7997801679687453,0.802539734375013,0.8058266124999914,0.804376406249997,0.8045098749999907,0.0009525118576417208,49.77653755198066,54.61199137607115,NaN,NaN,NaN,NaN,-0.00004015796669077417,0.00016846350003441035,0.00020862146672518452,41.49144306845486,40.60744180713089
1764691200,0.8043461389282225,0.80481,0.80402,0.8045,0.8049,0.79964,0.80227,NaN,NaN,NaN,NaN,NaN,0.8044701416449251,0.8046526770161905,0.8042876062736598,0.8048352123874558,0.8041050709023945,0.8045061249999907,0.8048359109180987,0.8041763390818828,0.8045061249999907,0.8046710179590447,0.8043412320409368,0.8042361865307537,0.8043150670324913,0.7997915371093703,0.802568226562513,0.8058182124999915,0.804371593749997,0.8045061249999907,0.0009409038678101743,53.996102541724866,54.488379163648176,NaN,NaN,NaN,NaN,-0.00003653394681846708,0.00016295403320210067,0.00019948798002056775,50.03009975920174,42.70080839353238
1764694800,0.8044230694641112,0.80489,0.80396,0.8043925,0.8049,0.79964,0.80227,NaN,NaN,NaN,NaN,NaN,0.8044670846146602,0.8046450206511445,0.8042891485781759,0.8048229566876288,0.8041112125416916,0.8044879999999907,0.8048004725032247,0.8041755274967566,0.8044879999999907,0.8046442362516077,0.8043317637483736,0.8042423164707241,0.8043221063931739,0.7998035839843702,0.8025974843750131,0.8058111624999915,0.8043600937499968,0.8044879999999907,0.0009401250201094465,52.16761432131948,54.37012059047153,NaN,NaN,NaN,NaN,-0.00004102640420500624,0.00014820497476430994,0.00018923137896931618,58.40643274853604,49.97599185873085
1764698400,0.8044077847320557,0.8045,0.80383,0.8041024999999999,0.8049,0.79964,0.80227,NaN,NaN,NaN,NaN,NaN,0.8044537155790386,0.8046394271987618,0.8042680039593153,0.804825138818485,0.804082292339592,0.8044796249999907,0.8048225182082136,0.8041367317917678,0.8044796249999907,0.8046510716041021,0.8043081783958793,0.8042368334718721,0.8043021421756127,0.7998159042968702,0.802624648437513,0.8058016374999916,0.804339124999997,0.8044796249999907,0.0009208303758159109,47.4950790804911,53.88564131372221,NaN,NaN,NaN,NaN,-0.00006192382642833703,0.00011182659593389488,0.0001737504223622319,56.65204678362367,55.029526430453785
1764702000,0.8042551423660278,0.8042551423660278,0.80298,0.80359,0.8049,0.79964,0.80227,NaN,NaN,NaN,NaN,NaN,0.8044134282185234,0.8046689245164895,0.8041579319205572,0.8049244208144557,0.803902435622591,0.8044263749999907,0.804934674864412,0.8039180751355695,0.8044263749999907,0.8046805249322013,0.8041722250677801,0.8042114674533674,0.8042374019778297,0.7998280644531203,0.8026494218750131,0.8057854374999915,0.804310156249997,0.8044263749999907,0.000946138375116758,40.577999165984245,52.73801438916359,NaN,NaN,NaN,NaN,-0.00010606637866308579,0.00004116744903337466,0.00014723382769646045,43.99647623331655,53.01831858849206
1764705600,0.8039225711830139,0.8039225711830139,0.80272,0.8030625,0.8049,0.79964,0.80227,NaN,NaN,NaN,NaN,NaN,0.8043684452180309,0.8047057450844783,0.8040311453515834,0.8050430449509258,0.8036938454851359,0.8043383749999908,0.8050920597824598,0.8035846902175219,0.8043383749999908,0.8047152173912253,0.8039615326087564,0.8041664099061765,0.8041305927071178,0.7998393476562453,0.8026730859375132,0.8057637249999915,0.8042757812499971,0.8043383749999908,0.0009644550042522698,34.937927806737974,51.18971405931609,NaN,NaN,NaN,NaN,-0.00016318002075099456,-0.00005674119824228274,0.00010643882250871181,28.614110061477746,43.08754435947262
1764709200,0.803492535591507,0.803492535591507,0.80294,0.80306,0.8049,0.79964,0.80227,NaN,NaN,NaN,NaN,NaN,0.8043437577241023,0.8047186707032812,0.8039688447449234,0.8050935836824601,0.8035939317657445,0.8042583749999908,0.8051795702840898,0.8033371797158917,0.8042583749999908,0.8047189726420403,0.8037977773579412,0.8041230212824049,0.8040332660973799,0.7998495703124953,0.802696625000013,0.8057452124999915,0.8042458437499971,0.8042583749999908,0.0009350321890561812,34.91316012500852,49.87902344925281,NaN,NaN,NaN,NaN,-0.00019155350539365814,-0.00013300305923336087,0.00005855044616029728,17.439458689458863,30.016681661417692
1764712800,0.8032762677957535,0.80336,0.80278,0.8030325,0.80532,0.80272,0.80402,NaN,NaN,NaN,NaN,NaN,0.8030574999999999,0.8030575149011611,0.8030574850988387,0.8030575298023223,0.8030574701976775,0.8041862499999907,0.805244059677918,0.8031284403220633,0.8041862499999907,0.8047151548389543,0.803657345161027,0.8040802557419184,0.8039422873612545,0.7998580488281203,0.802720898437513,0.8057285124999914,0.8042160624999971,0.8041862499999907,0.0009096727469807336,34.62240802916283,48.47621333346349,NaN,NaN,NaN,NaN,-0.00020158468359834656,-0.00019343040833763592,0.000008154275260710638,12.756410256411025,19.603326335782516
1764716400,0.8031543838978767,0.8031543838978767,0.80268,0.8028474999999999,0.80532,0.80272,0.80402,NaN,NaN,NaN,NaN,NaN,0.8029999910484237,0.8030780785608662,0.8029219035359811,0.8031561660733088,0.8028438160235386,0.8041141249999907,0.8053201311161777,0.8029081188838036,0.8041141249999907,0.8047171280580843,0.8035111219418971,0.8040319123794902,0.8038427612375041,0.7998661445312452,0.8027491171875131,0.8057092374999916,0.804182812499997,0.8041141249999907,0.0008785806863304523,32.65238064835074,46.87871939416687,NaN,NaN,NaN,NaN,-0.00020918523832105026,-0.0002533272726406022,-0.000044142034319551926,10.480283605283924,13.558717517051237
1764720000,0.8030009419489383,0.8030009419489383,0.80216,0.80252,0.80532,0.80272,0.80402,NaN,0.80272,NaN,NaN,NaN,0.8027867439804629,0.8030135165022487,0.8025599714586771,0.8032402890240345,0.8023331989368913,0.8040231249999907,0.8054085382062306,0.8026377117937509,0.8040231249999907,0.8047158316031107,0.8033304183968708,0.8039726216979416,0.8037225102159128,0.7998739804687454,0.8027812421875131,0.8056924999999915,0.8041506874999971,0.8040231249999907,0.0008758922050881597,29.45696571409252,44.94061860544377,NaN,NaN,NaN,NaN,-0.00022348113331835333,-0.0003234934509674936,-0.00010001231764914027,10.216872386241619,11.15118874931216
1764723600,0.8027604709744691,0.8027604709744691,0.80189,0.80209,0.80532,0.80272,0.80402,NaN,NaN,NaN,NaN,NaN,0.8026380172319653,0.8029469524229883,0.8023290820409422,0.8032558876140113,0.8020201468499192,0.8038977499999908,0.8054908310759332,0.8023046689240483,0.8038977499999908,0.8046942905379619,0.8031012094620196,0.8038987933960615,0.8035741001962844,0.7998813789062453,0.8028145937500131,0.8056754124999915,0.804115843749997,0.8038977499999908,0.0008755049743296576,25.87635327395421,42.66812527942235,NaN,NaN,NaN,NaN,-0.00024725607528386324,-0.0004090824117539693,-0.00016182633647010607,8.300326288660237,9.665827426728564
1764727200,0.8024252354872345,0.8024252354872345,0.80192,0.8020474999999999,0.80532,0.80272,0.80402,NaN,NaN,NaN,NaN,NaN,0.8025470391091997,0.8028878861156854,0.8022061921027139,0.8032287331221711,0.8018653450962282,0.8037703749999906,0.8055197929753761,0.8020209570246051,0.8037703749999906,0.8046450839876834,0.8028956660122978,0.8038261936550395,0.8034353183602585,0.7998890195312454,0.802847289062513,0.8056575624999914,0.804078781249997,0.8037703749999906,0.0008490571538228662,25.545835682625423,40.650908985593375,NaN,NaN,NaN,NaN,-0.00025043308716554653,-0.0004748676954270392,-0.0002244346082614927,7.831195323839016,8.78279799958026
1764730800,0.8022363677436173,0.8022363677436173,0.80189,0.8020075,0.80532,0.80272,0.80402,NaN,NaN,NaN,NaN,NaN,0.802479715170349,0.8028401331565064,0.8021192971841916,0.8032005511426638,0.8017588791980342,0.8036544999999908,0.8055430918203961,0.8017659081795856,0.8036544999999908,0.8045987959101935,0.8027102040897882,0.803754872335234,0.8033055166911441,0.7998965332031204,0.802877398437513,0.8056413249999913,0.804040843749997,0.8036544999999908,0.0008131507673796109,25.219337383044987,38.59378108014489,NaN,NaN,NaN,NaN,-0.00023980283948370456,-0.0005241881576161234,-0.0002843853181324188,4.9634273772193005,7.031649663239488
1764734400,0.8021219338718086,0.80222,0.80186,0.801995,0.80532,0.80272,0.80402,NaN,NaN,NaN,NaN,NaN,0.802429552107935,0.8027981498884376,0.8020609543274324,0.8031667476689401,0.8016923565469298,0.8035333749999907,0.8055189349341914,0.80154781506579,0.8035333749999907,0.804526154967091,0.8025405950328903,0.8036858577338523,0.803186378810131,0.7999039570312454,0.802906156250013,0.8056227624999913,0.804003687499997,0.8035333749999907,0.0007807828554239263,25.11132708129766,36.596359171841065,NaN,NaN,NaN,NaN,-0.00021877417921446686,-0.0005578530421505024,-0.0003390788629360355,4.271078746340144,5.6885671491327905
1764738000,0.8020584669359043,0.8020584669359043,0.80184,0.8019425,0.80532,0.80272,0.80402,NaN,NaN,NaN,NaN,NaN,0.8023871821268519,0.8027647879361592,0.8020095763175445,0.8031423937454666,0.8016319705082372,0.8034062499999907,0.8054563387333753,0.801356161266606,0.8034062499999907,0.804431294366683,0.8023812056332983,0.8036174907638973,0.8030732989183009,0.7999112070312453,0.8029341953125131,0.8056024374999913,0.8039667812499971,0.8034062499999907,0.0007406174326010978,24.634124684032628,34.8004725384162,NaN,NaN,NaN,NaN,-0.0001943844284504442,-0.0005820593984990907,-0.0003876749700486465,3.7455293004976387,4.326678474685665
1764741600,0.8020004834679522,0.80202,0.80142,0.80177,0.80532,0.80272,0.80402,NaN,NaN,NaN,NaN,NaN,0.8023110200070442,0.8027228891363303,0.8018991508777582,0.8031347582656163,0.8014872817484722,0.8032636249999907,0.8053519511842068,0.8011752988157747,0.8032636249999907,0.8043077880920987,0.8022194619078827,0.8035450401457053,0.8029548171984554,0.7999185878906203,0.8029623437500131,0.8055820999999913,0.8039284374999971,0.8032636249999907,0.0007305733302724432,23.082019214210334,32.59232372930802,NaN,NaN,NaN,NaN,-0.00017638164054237525,-0.0006081520207266156,-0.0004317703801842403,5.879885884322327,4.6321646437200075
1764745200,0.8018852417339761,0.8027,0.80078,0.8018425,0.80532,0.80272,0.80402,NaN,NaN,NaN,NaN,NaN,0.8022111358193186,0.8026374231030345,0.8017848485356026,0.8030637103867505,0.8013585612518866,0.8031198749999906,0.8051837593844436,0.8010559906155376,0.8031198749999906,0.8041518171922172,0.802087932807764,0.8034782738654815,0.8028536974531413,0.7999257929687453,0.8029896953125132,0.8055628874999913,0.803893218749997,0.8031198749999906,0.0008155323781101203,25.214738524269393,30.66711831523302,NaN,NaN,NaN,NaN,-0.00014728847603422645,-0.0006158809752270233,-0.0004685924991927969,14.002979675368309,7.876131620062729
1764748800,0.8018638708669881,0.80248,0.80114,0.80178,0.80532,0.80272,0.80402,NaN,NaN,NaN,NaN,NaN,0.8021403779938936,0.8025581464699759,0.8017226095178113,0.8029759149460582,0.8013048410417289,0.8029856249999906,0.8050312807022716,0.8009399692977096,0.8029856249999906,0.8040084528511311,0.8019627971488501,0.8034116748903646,0.8027560885937648,0.7999329999999955,0.8030166875000131,0.8055445249999913,0.803854874999997,0.8029856249999906,0.0008529943511022551,24.58196383977001,29.030467226610085,NaN,NaN,NaN,NaN,-0.0001210488744722778,-0.0006199035922831442,-0.0004988547178108664,22.474694266754693,14.11918660881508
1764752400,0.8018219354334941,0.80199,0.80112,0.801565,0.80532,0.80272,0.80402,NaN,NaN,NaN,NaN,NaN,0.8020348410183861,0.8024743562265559,0.8015953258102162,0.8029138714347258,0.8011558106020463,0.8028397499999906,0.8048534772195578,0.8008260227804235,0.8028397499999906,0.8038466136097742,0.8018328863902071,0.803339256267213,0.8026478078125134,0.7999399746093705,0.8030433750000132,0.8055262624999913,0.8038097187499972,0.8028397499999906,0.0008542090403092315,22.491000016804904,27.738538715954412,NaN,NaN,NaN,NaN,-0.00010742965301674943,-0.0006331417840818032,-0.0005257121310650538,27.439057671866987,21.305577204663297
1764756000,0.8016934677167471,0.80185,0.80062,0.8012849999999999,0.80532,0.80272,0.80402,NaN,NaN,NaN,NaN,NaN,0.8019551600774577,0.802434299888229,0.8014760202666864,0.8029134396990003,0.8009968804559151,0.8026827499999907,0.8046670250098754,0.8006984749901059,0.8026827499999907,0.803674887504933,0.8016906124950484,0.8032586971979105,0.8025239161931941,0.7999465664062454,0.8030692187500131,0.8055069999999914,0.8037592812499972,0.8026827499999907,0.0008810512517157116,20.093839444259586,26.6782466900631,NaN,NaN,NaN,NaN,-0.0001063378776459832,-0.0006586344781225328,-0.0005522966004765496,25.63520797534579,25.182986637989128
1764759600,0.8014892338583735,0.8014892338583735,0.80012,0.8005425,0.80532,0.80272,0.80402,NaN,NaN,NaN,NaN,NaN,0.8018664135735685,0.8024277525018667,0.8013050746452702,0.802989091430165,0.800743735716972,0.8024987499999907,0.804558820706041,0.8004386792939404,0.8024987499999907,0.8035287853530159,0.8014687146469656,0.8031521796607376,0.8023437874483582,0.7999522714843704,0.803094492187513,0.8054856499999914,0.8037004687499971,0.8024987499999907,0.0009159214379055463,15.404935347501237,25.2848020630983,NaN,NaN,NaN,NaN,-0.00014242859943577445,-0.0007303323497712677,-0.0005879037503354933,20.389982623654458,24.488082756955716
1764763200,0.8010158669291867,0.8010158669291867,0.8,0.800265,0.80532,0.80272,0.80402,NaN,NaN,NaN,NaN,NaN,0.8017539407291898,0.8024170625561652,0.8010908189022145,0.8030801843831405,0.8004276970752391,0.8022869999999906,0.8043513319898883,0.800222668010093,0.8022869999999906,0.8033191659949395,0.8012548340050418,0.803038956928944,0.8021548067712347,0.7999580859374953,0.8031197500000132,0.8054641499999913,0.803641531249997,0.8022869999999906,0.0009230604015684822,14.082319203679589,23.817652861278074,NaN,NaN,NaN,NaN,-0.0001699328175641411,-0.0008003197722906696,-0.0006303869547265286,14.863802980550494,20.29633119318355
1764766800,0.8006404334645933,0.8006404334645933,0.79945,0.8001400000000001,0.80532,0.80272,0.80402,NaN,NaN,NaN,NaN,NaN,0.8015140271655892,0.8023635179950593,0.800664536336119,0.8032130088245295,0.7998150455066488,0.8020743749999907,0.8041031491993867,0.8000456008005946,0.8020743749999907,0.8030887620996887,0.8010599879002926,0.8029252723434952,0.8019716425193043,0.7999638691406202,0.8031452031250131,0.8054421499999914,0.8035829374999972,0.8020743749999907,0.0009421584774988303,13.51925439038088,22.451000985708795,NaN,NaN,NaN,NaN,-0.00018049385998562145,-0.0008560042797085554,-0.000675510419722934,13.624197964018563,16.29266118940781
1764770400,0.8003902167322967,0.8008,0.79962,0.8002750000000001,0.80532,0.80272,0.80402,NaN,NaN,NaN,NaN,NaN,0.8013440904294581,0.8022468895489513,0.8004412913099649,0.8031496886684445,0.7995384921904717,0.8018829999999907,0.8038309011947951,0.7999350988051863,0.8018829999999907,0.8028569505973929,0.8009090494025884,0.8028213400947307,0.8018174022902766,0.7999695507812452,0.8031711015625131,0.8054211374999913,0.8035261874999972,0.8018829999999907,0.0009591471576774824,17.36226047527623,21.587093468650487,NaN,NaN,NaN,NaN,-0.00016287764621310556,-0.000879107477489316,-0.0007162298312762104,17.584465258927825,15.357488734498931
1764774000,0.8003326083661484,0.8012,0.80005,0.8005825000000001,0.80532,0.80272,0.80402,NaN,NaN,NaN,NaN,NaN,0.8012376456524647,0.8021114014991884,0.800363889805741,0.802985157345912,0.7994901339590174,0.8017326249999908,0.8035925601472205,0.799872689852761,0.8017326249999908,0.8026625925736056,0.8008026574263759,0.802733542443957,0.801705138445706,0.7999749550781202,0.8031989843750132,0.8054025249999913,0.8034655312499972,0.8017326249999908,0.0009727795035576611,25.48481214095483,21.559126244864814,NaN,NaN,NaN,NaN,-0.00011714416706679845,-0.0008626600401097084,-0.00074551587304291,26.39951433516811,19.202725852704805
1764777600,0.8004575541830743,0.80073,0.80028,0.800515,0.80532,0.80272,0.80402,NaN,NaN,NaN,NaN,NaN,0.801167245980195,0.8020252329501688,0.8003092590102211,0.8028832199201427,0.7994512720402472,0.8016052499999906,0.8034320695900756,0.7997784304099056,0.8016052499999906,0.8025186597950331,0.8006918402049481,0.802646540779488,0.8015969440415509,0.7999799511718702,0.8032278593750132,0.8053815499999912,0.8034011249999973,0.8016052499999906,0.000935438110446404,24.906099318323385,21.513430790271805,NaN,NaN,NaN,NaN,-0.00007984938393311241,-0.0008453276029593004,-0.000765478219026188,30.845436652301817,24.943138748799225
1764781200,0.8004862770915371,0.80058,0.79934,0.7999625,0.80532,0.80272,0.80402,NaN,NaN,NaN,NaN,NaN,0.8010908651681903,0.8019716872485939,0.8002100430877866,0.8028525093289975,0.799329221007383,0.8014503749999907,0.8032828025568737,0.7996179474431078,0.8014503749999907,0.8023665887784321,0.8005341612215493,0.8025412842783316,0.8014483582195917,0.7999840292968701,0.8032531718750132,0.8053547624999912,0.8033267187499972,0.8014503749999907,0.0009571925311287971,20.752175773836655,21.1943478181855,NaN,NaN,NaN,NaN,-0.00008056844018761015,-0.0008661887692607007,-0.0007856203290730905,28.714056776557566,28.653002588009134
1764784800,0.8002243885457685,0.8002243885457685,0.79918,0.7994475,0.80532,0.80272,0.80402,NaN,NaN,NaN,NaN,NaN,0.8010214617324657,0.8019362075484208,0.8001067159165106,0.8028509533643758,0.7991919701005555,0.8012711249999906,0.803150206225438,0.7993920437745433,0.8012711249999906,0.8022106656127143,0.800331584387267,0.8024199594046716,0.8012664620178106,0.79998749023437,0.8032753515625132,0.8053243124999913,0.8032384687499972,0.8012711249999906,0.0009634208178887754,17.77607115845784,20.67040096655408,NaN,NaN,NaN,NaN,-0.00010249934623751558,-0.000913744511869985,-0.0008112451656324694,19.631816100565654,26.397103176474985
1764788400,0.7998359442728842,0.7998359442728842,0.79918,0.799375,0.80532,0.80272,0.80402,NaN,NaN,NaN,NaN,NaN,0.8009672703722871,0.8019102099463701,0.8000243307982041,0.8028531495204531,0.7990813912241211,0.8010974999999906,0.8030033935084598,0.7991916064915213,0.8010974999999906,0.8020504467542252,0.800144553245756,0.8023005492319394,0.8010945109252824,0.799990929687495,0.8032984765625132,0.8052893499999912,0.8031498437499971,0.8010974999999906,0.0009414582075313042,17.397807568539207,20.15352117259027,NaN,NaN,NaN,NaN,-0.00010810284148021667,-0.0009463737174827402,-0.0008382708760025236,10.555330086579238,19.633734321234122
1764792000,0.7996054721364421,0.7998,0.79925,0.7995674999999999,0.80532,0.80272,0.80402,NaN,NaN,NaN,NaN,NaN,0.8009370911265546,0.8018923574753191,0.7999818247777902,0.8028476238240835,0.7990265584290258,0.8009498749999906,0.8028495424057466,0.7990502075942346,0.8009498749999906,0.8018997087028686,0.8000000412971126,0.8021933708306869,0.8009556917502567,0.7999939980468701,0.803328562500013,0.8052546124999913,0.8030718437499973,0.8009498749999906,0.0009134969069933494,22.135590560230327,20.08591912587741,NaN,NaN,NaN,NaN,-0.00008602081830906192,-0.000945796898888851,-0.0008597760805797891,8.049242424240562,12.745462870461788
1764795600,0.7995864860682209,0.79993,0.79955,0.7997225,0.80532,0.80272,0.80402,NaN,NaN,NaN,NaN,NaN,0.8009016223984319,0.8018644492407778,0.7999387955560859,0.8028272760831238,0.79897596871374,0.8008314999999907,0.8027272844191926,0.7989357155807888,0.8008314999999907,0.8017793922095916,0.7998836077903898,0.8020964739353658,0.8008435834093243,0.7999968320312452,0.803362359375013,0.8052209624999912,0.8030034062499972,0.8008314999999907,0.0008753899850652564,25.824756726552593,20.129491854611924,NaN,NaN,NaN,NaN,-0.000049940728245320655,-0.0009222019908864398,-0.0008722612626411192,10.995896464644867,9.866822991821527
1764799200,0.7996544930341105,0.79997,0.79937,0.7996975,0.80336,0.79918,0.8012699999999999,NaN,NaN,NaN,NaN,NaN,0.7996791666666667,0.7996791666666667,0.7996791666666667,0.7996791666666667,0.7996791666666667,0.8007139999999907,0.8025848911149089,0.7988431088850725,0.8007139999999907,0.8016494455574499,0.7997785544425315,0.8020023965261357,0.8007393940084766,0.8000003710937451,0.8033910312500131,0.8051837874999913,0.8029376562499971,0.8007139999999907,0.0008557192718463048,25.613962367897173,20.203206035192434,NaN,NaN,NaN,NaN,-0.000018351653447055147,-0.0008952008294499381,-0.0008768491760028829,15.288095591141085,11.444411493342143
1764802800,0.7996759965170552,0.80004,0.79934,0.79968,0.80336,0.79918,0.8012699999999999,NaN,NaN,NaN,NaN,NaN,0.7996822795553553,0.7996859750132886,0.799678584097422,0.799689670471222,0.7996748886394887,0.8005976249999908,0.8024211555730878,0.7987740944268937,0.8005976249999908,0.8015093902865392,0.7996858597134423,0.8019113221525618,0.8006430854622515,0.8000042578124951,0.803413000000013,0.8051440249999914,0.8028832499999972,0.8005976249999908,0.0008445964667144203,25.457316805791606,20.41508580583434,NaN,NaN,NaN,NaN,0.000009287048097876343,-0.0008652403658805374,-0.0008745274139784138,17.860785268817306,14.714925774867723
1764806400,0.7996779982585276,0.8004,0.7996779982585276,0.8000149999999999,0.80336,0.79918,0.8012699999999999,NaN,NaN,NaN,NaN,NaN,0.799826558368371,0.7999983271620882,0.7996547895746539,0.8001700959558053,0.7994830207809367,0.8004986249999906,0.8022200833214758,0.7987771666785054,0.8004986249999906,0.8013593541607332,0.7996378958392479,0.8018369565779515,0.800585986783865,0.8000081074218702,0.8034343671875132,0.8050994124999913,0.8028426562499972,0.8004986249999906,0.0008358397006257055,33.803156717258275,21.394322753905673,NaN,NaN,NaN,NaN,0.000055475425247747206,-0.0008051831324187297,-0.000860658557666477,24.434046892491192,19.1943092508165
1764810000,0.7998464991292638,0.80046,0.7998464991292638,0.80015,0.80336,0.79918,0.8012699999999999,NaN,NaN,NaN,NaN,NaN,0.7999387222630735,0.8001467647240877,0.7997306798020593,0.800354807185102,0.799522637341045,0.8004089999999906,0.8020023113520105,0.7988156886479707,0.8004089999999906,0.8012056556760005,0.7996123443239807,0.8017708014180318,0.8005463516216954,0.8000121816406202,0.8034540078125131,0.8050573124999914,0.8028016562499971,0.8004089999999906,0.0008199583556335975,36.87055819656672,22.92758152883892,NaN,NaN,NaN,NaN,0.00009797913616784262,-0.0007381846374566736,-0.0008361637736245162,34.301857516970834,25.532229892759744
1764813600,0.7999982495646318,0.80048,0.7999982495646318,0.80026,0.80336,0.79918,0.8012699999999999,NaN,NaN,NaN,NaN,NaN,0.8000205523734003,0.8002446367340171,0.7997964680127835,0.800468721094634,0.7995723836521667,0.8003334999999906,0.8017997251071016,0.7988672748928796,0.8003334999999906,0.801066612553546,0.7996003874464351,0.8017115543035992,0.8005203196560867,0.8000163105468701,0.8034736328125132,0.8050155999999913,0.8027635624999971,0.8003334999999906,0.0007958006470432073,39.33716347465647,24.73149897676584,NaN,NaN,NaN,NaN,0.00013412649905248113,-0.0006685056498089148,-0.0008026321488613959,45.881442441755325,34.872448950405754
1764817200,0.8001291247823159,0.80086,0.8001291247823159,0.80065,0.80336,0.79918,0.8012699999999999,NaN,NaN,NaN,NaN,NaN,0.800117509081903,0.8004048003472609,0.7998302178165452,0.8006920916126188,0.7995429265511873,0.8002738749999905,0.8015777974489489,0.7989699525510321,0.8002738749999905,0.8009258362244697,0.7996219137755113,0.8016699247230659,0.8005321087782606,0.80002042773437,0.803494617187513,0.8049778124999913,0.8027299374999972,0.8002738749999905,0.0007911631163747006,47.2122836016022,27.138143920424508,NaN,NaN,NaN,NaN,0.00018195816608508565,-0.0005751844412550389,-0.0007571426073401245,58.08580858085693,46.089702846527665
1764820800,0.8003895623911579,0.80088,0.8003895623911579,0.8007974999999999,0.80336,0.79918,0.8012699999999999,NaN,NaN,NaN,NaN,NaN,0.8001991971293114,0.8005319911040107,0.7998664031546121,0.8008647850787101,0.7995336091799128,0.8002247499999905,0.8013612863236996,0.7990882136762814,0.8002247499999905,0.8007930181618451,0.7996564818381359,0.801635711988828,0.8005562352529643,0.8000246328124948,0.8035159609375132,0.8049426124999912,0.8026978124999973,0.8002247499999905,0.0007696827229795186,49.863241452874085,29.4596425616815,NaN,NaN,NaN,NaN,0.0002187154106283115,-0.0004837483440547352,-0.0007024637546830467,68.77062706270355,57.57929269510524
1764824400,0.800593531195579,0.80105,0.80052,0.8008075,0.80336,0.79918,0.8012699999999999,NaN,NaN,NaN,NaN,NaN,0.8002818485422937,0.8006526980498245,0.7999109990347628,0.8010235475573554,0.799540149527232,0.8001868749999905,0.8011841925284442,0.7991895574715369,0.8001868749999905,0.8006855337642174,0.7996882162357637,0.8016032330873053,0.8005790775026947,0.8000287753906198,0.8035372265625131,0.8049061999999912,0.8026622187499972,0.8001868749999905,0.0007525625284809838,50.04640092992461,31.214041760893622,NaN,NaN,NaN,NaN,0.000237331120767754,-0.00040579985372335425,-0.0006431309744911083,79.95954007165166,68.93865857173735
1764828000,0.8007005155977895,0.8015,0.8007005155977895,0.801,0.80336,0.79918,0.8012699999999999,NaN,NaN,NaN,NaN,NaN,0.8003582889064288,0.8007805434308988,0.7999360343819588,0.8012027979553688,0.7995137798574888,0.8001726249999905,0.8011133102568617,0.7992319397431193,0.8001726249999905,0.8006429676284261,0.7997022823715549,0.8015795768878031,0.8006173431842679,0.8000336249999949,0.803559710937513,0.8048706874999912,0.8026229062499972,0.8001726249999905,0.0007559140908902312,53.563224752825526,33.260979291929495,NaN,NaN,NaN,NaN,0.0002547060003316977,-0.0003247484740764861,-0.0005794544744081838,81.85153961643522,76.86056891693012
1764831600,0.8008502577988947,0.80138,0.80056,0.8008675000000001,0.80336,0.79918,0.8012699999999999,NaN,NaN,NaN,NaN,NaN,0.8004416138361475,0.8008817907406487,0.8000014369316464,0.8013219676451498,0.7995612600271452,0.8001888749999907,0.8011651133168224,0.799212636683159,0.8001888749999907,0.8006769941584065,0.7997007558415749,0.8015516523039677,0.8006400847129709,0.8000379062499949,0.8035810546875132,0.8048322999999913,0.8025882499999971,0.8001888749999907,0.0007604916558266384,50.90661433830834,35.41486776082032,NaN,NaN,NaN,NaN,0.0002490710641951145,-0.0002681156441642907,-0.0005171867083594052,79.40581012969578,80.40562993926086
1764835200,0.8008588788994474,0.80124,0.79975,0.8004724999999999,0.80336,0.79918,0.8012699999999999,NaN,NaN,NaN,NaN,NaN,0.8004492923675987,0.8008513200478801,0.8000472646873172,0.8012533477281615,0.7996452370070358,0.8001992499999906,0.8011828862712259,0.7992156137287553,0.8001992499999906,0.8006910681356082,0.799707431864373,0.801509332605773,0.8006248497390644,0.8000413124999948,0.8035998593750131,0.8047913999999912,0.8025518749999971,0.8001992499999906,0.0008125993946961636,43.914132266786424,37.28187212570094,NaN,NaN,NaN,NaN,0.0002119895939258126,-0.0002521997159521394,-0.000464189309877952,68.96551724138003,76.74095566250365
1764838800,0.8006656894497237,0.8006656894497237,0.79961,0.8000025,0.80336,0.79918,0.8012699999999999,NaN,NaN,NaN,NaN,NaN,0.80041133151426,0.8008069492227404,0.8000157138057796,0.8012025669312208,0.7996200960972992,0.8001923749999907,0.8011794875828507,0.7992052624171307,0.8001923749999907,0.8006859312914207,0.7996988187085607,0.8014502411310368,0.8005682724900586,0.8000440214843699,0.8036171796875131,0.8047477999999911,0.8025121874999972,0.8001923749999907,0.0008299629700552714,37.341564114108884,38.7064261646702,NaN,NaN,NaN,NaN,0.00015187242527664902,-0.00027434877828214077,-0.0004262212035587898,53.964240102170244,67.44518915774866
1764842400,0.8003340947248618,0.80078,0.79956,0.8001699999999999,0.80336,0.79918,0.8012699999999999,NaN,NaN,NaN,NaN,NaN,0.8003924209902423,0.8007777198605376,0.8000071221199471,0.8011630187308328,0.7996218232496518,0.8001871249999907,0.8011735406078997,0.7992007093920817,0.8001871249999907,0.8006803328039451,0.7996939171960362,0.8014000355964863,0.8005320659000532,0.8000469140624948,0.8036339453125132,0.8047052749999911,0.8024673749999971,0.8001871249999907,0.0008578227579084663,40.74529540112164,40.035690796162434,NaN,NaN,NaN,NaN,0.00012080598118405027,-0.00027521372707872693,-0.0003960197082627772,42.52719242230404,55.15231658861808
1764846000,0.8002520473624308,0.80067,0.79963,0.8001375000000001,0.80336,0.79918,0.8012699999999999,NaN,NaN,NaN,NaN,NaN,0.8003749242136836,0.8007516599849134,0.7999981884424539,0.8011283957561431,0.7996214526712241,0.8001648749999906,0.8011345469817409,0.7991952030182402,0.8001648749999906,0.8006497109908657,0.7996800390091154,0.8013505243966241,0.8004961962727757,0.8000495195312448,0.8036490937500131,0.8046631499999911,0.8024167187499971,0.8001648749999906,0.0008708354180578645,40.28799185331282,41.06877901950246,NaN,NaN,NaN,NaN,0.00009653764874040076,-0.00027534764733727624,-0.000371885296077677,36.263888888887074,44.25177380445376
1764849600,0.8001947736812154,0.80069,0.7996,0.8000725,0.80336,0.79918,0.8012699999999999,NaN,NaN,NaN,NaN,NaN,0.8003565493601276,0.8007253274516273,0.7999877712686279,0.801094105543127,0.7996189931771281,0.8001427499999906,0.8010995649322653,0.7991859350677158,0.8001427499999906,0.8006211574661279,0.7996643425338532,0.8013004057928349,0.8004576784297961,0.8000519531249948,0.803664546875013,0.804621437499991,0.8023656249999972,0.8001427499999906,0.0008864900310537338,39.33707222456939,42.049001152121896,NaN,NaN,NaN,NaN,0.00007550832416214218,-0.00027749989087499927,-0.00035300821503714145,36.41975308641778,38.4036114658696
1764853200,0.8001336368406077,0.80165,0.8001336368406077,0.800735,0.80336,0.79918,0.8012699999999999,NaN,NaN,NaN,NaN,NaN,0.8004200479430198,0.8008005154042303,0.8000395804818093,0.8011809828654407,0.7996591130205989,0.8001813749999906,0.8011678744941764,0.7991948755058049,0.8001813749999906,0.8006746247470835,0.7996881252528978,0.8012782330166452,0.8004828894816328,0.8000548085937449,0.8036829765625132,0.804583987499991,0.8023214374999972,0.8001813749999906,0.0009358478859784677,51.819446164022956,43.93201039199557,NaN,NaN,NaN,NaN,0.00010386679059042232,-0.00022317472679911354,-0.00032704151738953587,42.35114300903666,38.34492832811381
1764856800,0.8004343184203038,0.8008,0.79962,0.8004249999999999,0.80336,0.79918,0.8012699999999999,NaN,NaN,NaN,NaN,NaN,0.800404455948651,0.8007655097057257,0.8000434021915762,0.8011265634628004,0.7996823484345015,0.8002302499999907,0.8011617983422719,0.7992987016577096,0.8002302499999907,0.8006960241711313,0.7997644758288501,0.8012447728983454,0.8004776268014844,0.8000576523437448,0.8037005156250132,0.8045441624999912,0.8022707499999973,0.8002302499999907,0.0009532873226942885,46.95111384360681,44.871150186734745,NaN,NaN,NaN,NaN,0.0000993945584621861,-0.00020279831931180325,-0.00030219287777398935,43.83989751314039,40.87026453619825
1764860400,0.8004296592101519,0.80186,0.80032,0.800925,0.80336,0.79918,0.8012699999999999,NaN,NaN,NaN,NaN,NaN,0.8004658309238096,0.8008564762618953,0.800075185585724,0.8012471215999809,0.7996845402476384,0.8003077499999905,0.8011988180756457,0.7994166819243353,0.8003077499999905,0.8007532840378181,0.799862215962163,0.8012322327846848,0.8005182970922585,0.8000614296874948,0.8037224296875133,0.804502374999991,0.8022341874999972,0.8003077499999905,0.0009951953710732669,54.393426149328796,46.12278361193204,NaN,NaN,NaN,NaN,0.0001260448897013966,-0.0001446367656472436,-0.0002706816553486402,52.31849386311412,46.16984479509703
1764864000,0.800677329605076,0.80236,0.800677329605076,0.8015924999999999,0.80336,0.79918,0.8012699999999999,NaN,NaN,NaN,NaN,NaN,0.8005403894101379,0.8010060260182038,0.8000747528020721,0.8014716626262697,0.7996091161940062,0.8004089999999907,0.8013956704436692,0.7994223295563122,0.8004089999999907,0.80090233522183,0.7999156647781515,0.8012463609107756,0.8006159519020531,0.8000661542968699,0.8037458828125132,0.804465512499991,0.8022154999999973,0.8004089999999907,0.0010443007299197463,62.048164565092314,47.7449979755346,NaN,NaN,NaN,NaN,0.00018120736320351318,-0.00004417245134424874,-0.00022537981454776192,57.77489053661591,51.31109397095678
1764867600,0.801134914802538,0.80271,0.801134914802538,0.8023825,0.80336,0.79918,0.8012699999999999,NaN,NaN,NaN,NaN,NaN,0.8006138049444371,0.8011739691038954,0.8000536407849789,0.8017341332633536,0.7994934766255206,0.8005419999999906,0.8018019391117377,0.7992820608882436,0.8005419999999906,0.8011719695558641,0.7999120304441172,0.8012909153848629,0.8007765471836846,0.8000719882812449,0.8037702968750132,0.804439574999991,0.8022100937499973,0.8005419999999906,0.0010822139061727701,68.73628385034414,49.28242656473045,NaN,NaN,NaN,NaN,0.00025875364267371597,0.00009806223879438303,-0.00016069140387933294,73.8467621348041,61.313382178178045
1764871200,0.801758707401269,0.80302,0.801758707401269,0.8027025000000001,0.80336,0.79918,0.8012699999999999,NaN,NaN,NaN,NaN,NaN,0.8006826684508538,0.8013361255315582,0.8000292113701494,0.8019895826122626,0.799375754289445,0.8006922499999908,0.8022048842300139,0.7991796157699677,0.8006922499999908,0.8014485671150023,0.7999359328849792,0.80134627164428,0.8009516338033497,0.8000785410156197,0.8037943515625132,0.804419362499991,0.8022065312499972,0.8006922499999908,0.0010950052413554992,70.9680801479195,50.78991504294798,NaN,NaN,NaN,NaN,0.00031568050008303416,0.00023390922122445978,-0.00008177127885857439,84.3387199131421,71.9867908615207
1764874800,0.8022306037006346,0.80325,0.8022306037006346,0.8030325,0.80336,0.79918,0.8012699999999999,NaN,NaN,NaN,NaN,NaN,0.8007714227328202,0.80154136501628,0.8000014804493604,0.8023113072997399,0.7992315381659005,0.8008598749999907,0.8026109014851645,0.7991088485148169,0.8008598749999907,0.8017353882425776,0.7999843617574037,0.801412398246465,0.8011408034575906,0.8000855859374948,0.8038178281250132,0.804401312499991,0.8022111874999973,0.8008598749999907,0.0010896046026419226,73.10065509177926,52.436647483080456,NaN,NaN,NaN,NaN,0.00035661798019949567,0.0003640011963907952,0.000007383216191299529,91.51085502735118,83.23211235843247
1764878400,0.8026315518503173,0.80398,0.8026315518503173,0.8035475,0.80336,0.79918,0.8012699999999999,0.80336,NaN,NaN,NaN,NaN,0.800882505657661,0.8018021592588451,0.7999628520564768,0.8027218128600293,0.7990431984552926,0.8010364999999908,0.8030964055959569,0.7989765944040248,0.8010364999999908,0.8020664527979738,0.8000065472020078,0.8014961277269959,0.8013595940523551,0.8000933828124948,0.8038433437500132,0.804382949999991,0.8022392812499973,0.8010364999999908,0.0011080934274305505,76.05657579032385,54.04331541433034,NaN,NaN,NaN,NaN,0.00039638108133380846,0.0005028595678585601,0.00010647848652475164,91.71477420185856,89.18811638078397
1764882000,0.8030895259251587,0.80395,0.8030895259251587,0.8037624999999999,0.80336,0.79918,0.8012699999999999,NaN,NaN,NaN,NaN,NaN,0.8009335715923108,0.8019164610289059,0.7999506821557157,0.802899350465501,0.7989677927191207,0.8012171249999908,0.803549880506256,0.7988843694937255,0.8012171249999908,0.8023835027531234,0.8000507472468581,0.8015850050710353,0.8015780400475956,0.8001015605468698,0.803868562500013,0.804364549999991,0.8022809999999971,0.8012171249999908,0.0010904063308170367,77.1837999919334,55.920257246732135,NaN,NaN,NaN,NaN,0.0004132749251974762,0.0006230721430215969,0.0002097972178241207,93.1332695679888,92.11963293239951
1764885600,0.8034260129625793,0.80362,0.80315,0.8033875,0.80398,0.79934,0.80166,NaN,NaN,NaN,NaN,NaN,0.8033858333333334,0.8033858333333334,0.8033858333333334,0.8033858333333334,0.8033858333333334,0.8013734999999906,0.8038438893549645,0.7989031106450167,0.8013734999999906,0.8026086946774775,0.8001383053225037,0.8016556911466809,0.8017425364069051,0.8001092480468698,0.8038924296875131,0.8043434249999909,0.8023029374999971,0.8013734999999906,0.0010562701643300986,70.91294102862494,57.848743586863456,NaN,NaN,NaN,NaN,0.0003763547996400304,0.0006802407173741587,0.0003038859177341283,90.62971342382993,91.8259190645591
1764889200,0.8034067564812897,0.80388,0.80328,0.803555,0.80398,0.79934,0.80166,NaN,NaN,NaN,NaN,NaN,0.8034887793636634,0.8035811531630654,0.8033964055642613,0.8036735269624675,0.8033040317648592,0.8015187499999907,0.8041389658908231,0.7988985341091583,0.8015187499999907,0.8028288579454069,0.8002086420545745,0.801730173846811,0.8019073058244591,0.8001168671874946,0.803917414062513,0.8043213624999909,0.8023186874999972,0.8015187499999907,0.0010236794383065232,72.00694621885867,60.3248423086313,NaN,NaN,NaN,NaN,0.0003414038284924705,0.0007306407033497164,0.00038923687485724594,90.68627450980314,91.48308583387397
1764892800,0.8034808782406448,0.80386,0.8033,0.803555,0.80398,0.79934,0.80166,NaN,NaN,NaN,NaN,NaN,0.803542122416534,0.8036100741934256,0.8034741706396424,0.8036780259703171,0.8034062188627509,0.8016566249999908,0.8043979231873262,0.7989153268126554,0.8016566249999908,0.8030272740936585,0.8002859759063231,0.80180173565674,0.8020570962040537,0.8001245878906197,0.803942687500013,0.804298999999991,0.8023273749999973,0.8016566249999908,0.0009905594784274862,72.00694621885867,62.55781736704109,NaN,NaN,NaN,NaN,0.0002980516857680283,0.0007618014820672814,0.00046374979629925305,89.09214722067252,90.13604505143519
1764896400,0.8035179391203224,0.8035179391203224,0.80311,0.803255,0.80398,0.79934,0.80166,NaN,NaN,NaN,NaN,NaN,0.803451568990241,0.803582604187036,0.8033205337934459,0.803713639383831,0.8031894985966509,0.8017789999999907,0.8045757071825623,0.7989822928174191,0.8017789999999907,0.8031773535912765,0.8003806464087049,0.8018587264152992,0.8021659965491398,0.8001324453124947,0.8039665234375128,0.8042719624999909,0.8023242187499973,0.8017789999999907,0.0009515909442540965,66.78899193638219,64.45074594440318,NaN,NaN,NaN,NaN,0.00023188182318785889,0.0007536020752840766,0.0005217202520962177,88.04296920735293,89.2737969792762
1764900000,0.8033864695601612,0.8033864695601612,0.80308,0.8032075,0.80398,0.79934,0.80166,NaN,NaN,NaN,NaN,NaN,0.8034018950074057,0.8035509439506449,0.8032528460641665,0.803699992893884,0.8031037971209273,0.8018893749999908,0.8047283175411547,0.7990504324588269,0.8018893749999908,0.8033088462705728,0.8004699037294088,0.8019116194970521,0.8022606786810361,0.8001406367187446,0.803989554687513,0.8042473124999908,0.8023151249999971,0.8018893749999908,0.00090551084539032,65.97381012480324,66.35337008013417,NaN,NaN,NaN,NaN,0.0001704644439257366,0.0007348008070033885,0.0005643363630776518,85.34213410972846,87.49241684591796
1764903600,0.8032969847800806,0.80367,0.80322,0.8034,0.80398,0.79934,0.80166,NaN,NaN,NaN,NaN,NaN,0.8034066924352358,0.8035428367617649,0.8032705481087067,0.8036789810882939,0.8031344037821776,0.8020159999999908,0.8048870644478824,0.7991449355520993,0.8020159999999908,0.8034515322239366,0.8005804677760451,0.8019699873599129,0.8023642533463965,0.8001491640624947,0.8040121562500129,0.8042253624999909,0.8023033749999972,0.8020159999999908,0.000873867213576728,67.69467027623327,67.48731465957776,NaN,NaN,NaN,NaN,0.00013017314601195657,0.0007270527955925976,0.000596879649580641,84.14228212754632,85.84246181487589
1764907200,0.8033484923900402,0.80348,0.80313,0.8033199999999999,0.80398,0.79934,0.80166,NaN,NaN,NaN,NaN,NaN,0.8033888945101832,0.8035174545968298,0.8032603344235367,0.8036460146834763,0.8031317743368902,0.8021583749999909,0.8049913122127259,0.7993254377872558,0.8021583749999909,0.8035748436063584,0.8007419063936233,0.8020229290320732,0.802451139405815,0.8001576757812447,0.8040335859375128,0.8042020874999908,0.8022876874999973,0.8021583749999909,0.0008364481268926733,66.19633117394419,68.86197304031614,NaN,NaN,NaN,NaN,0.00008754839870050415,0.0007063151479562713,0.0006187667492557671,83.64885697097151,84.37775773608209
1764910800,0.8033342461950201,0.8033342461950201,0.80266,0.803,0.80398,0.79934,0.80166,NaN,NaN,NaN,NaN,NaN,0.8033244668439896,0.8035110980856198,0.8031378356023594,0.80369772932725,0.8029512043607292,0.8023082499999908,0.8049817851716045,0.7996347148283772,0.8023082499999908,0.8036450175857976,0.800971482414184,0.8020612455406193,0.8025010358234682,0.8001659746093697,0.804054429687513,0.804175462499991,0.8022657499999972,0.8023082499999908,0.0008248622746160609,60.43420063301493,69.29345693200801,NaN,NaN,NaN,NaN,0.000030179770375044867,0.0006564914622245732,0.0006263116918495284,79.66383426528932,82.48499112126903
1764914400,0.8031671230975101,0.8031671230975101,0.80241,0.8027825,0.80398,0.79934,0.80166,NaN,NaN,NaN,NaN,NaN,0.8032634702026997,0.8035083634572711,0.8030185769481284,0.8037532567118424,0.8027736836935571,0.8024388749999908,0.8049308819727186,0.799946868027263,0.8024388749999908,0.8036848784863547,0.8011928715136268,0.8020895300292225,0.8025266234758802,0.8001736679687447,0.804076070312513,0.8041468374999908,0.8022471562499973,0.8024388749999908,0.0008200237619656418,56.81426747906721,68.91960714014907,NaN,NaN,NaN,NaN,-0.000026950153899608963,0.0005926239994750171,0.0006195741533746261,70.06804237862305,77.79357787162795
1764918000,0.802974811548755,0.802974811548755,0.8019,0.802555,0.80398,0.79934,0.80166,NaN,NaN,NaN,NaN,NaN,0.8031294817566704,0.8034999390220815,0.8027590244912594,0.8038703962874926,0.8023885672258483,0.8025597499999908,0.8048169800092547,0.8003025199907269,0.8025597499999908,0.8036883650046227,0.8014311349953589,0.8021077837535666,0.8025292031598911,0.8001816054687447,0.804096148437513,0.8041175749999908,0.8022209062499972,0.8025597499999908,0.0008382228895934606,53.2231844415092,67.81152861094657,NaN,NaN,NaN,NaN,-0.0000815123698526066,0.0005176836910588678,0.0005991960609114744,54.69502578221634,68.14230080870955
1764921600,0.8027649057743775,0.80344,0.80252,0.802975,0.80398,0.79934,0.80166,NaN,NaN,NaN,NaN,NaN,0.8031021181906276,0.8034423834107561,0.8027618529704991,0.8037826486308847,0.8024215877503705,0.8027048749999908,0.804656296597726,0.8007534534022556,0.8027048749999908,0.8036805857988584,0.8017291642011232,0.8021417922338189,0.8025697301453555,0.8001898847656197,0.8041171484375129,0.8040905749999908,0.8021978124999972,0.8027048749999908,0.0008440641117653586,58.44523892185703,66.9170399519421,NaN,NaN,NaN,NaN,-0.00009009723395308545,0.00048657451847011757,0.000576671752423203,48.480242559882136,57.74777024024049
1764925200,0.8028699528871888,0.80352,0.80267,0.803045,0.80398,0.79934,0.80166,NaN,NaN,NaN,NaN,NaN,0.8030999051074047,0.8034240274113724,0.802775782803437,0.8037481497153401,0.8024516604994693,0.8028203749999909,0.8045529282462359,0.8010878217537459,0.8028203749999909,0.8036866516231134,0.8019540983768685,0.8021772121462182,0.8026129364957777,0.8001982734374946,0.804138695312513,0.8040647124999909,0.8021776249999972,0.8028203749999909,0.00084448810378212,59.261537081458535,65.92853152263349,NaN,NaN,NaN,NaN,-0.00009154518439502156,0.00046224027192942607,0.0005537854563244476,47.526310852100494,50.23385973139963
1764928800,0.8029574764435944,0.8037,0.80254,0.8029499999999999,0.80398,0.79934,0.80166,NaN,NaN,NaN,NaN,NaN,0.8030970788827447,0.8034085786261485,0.802785579139341,0.8037200783695522,0.8024740793959373,0.8029466249999908,0.8042859460040579,0.8016073039959237,0.8029466249999908,0.8036162855020244,0.8022769644979573,0.8022075175522488,0.8026435786325252,0.8002071464843696,0.804160218750013,0.8040372874999907,0.8021585624999972,0.8029466249999908,0.0008670246677976785,57.607603426239585,64.61074778234175,NaN,NaN,NaN,NaN,-0.00009876521620295312,0.0004303289360707563,0.0005290941522737094,52.65009380862981,49.552215740204126
1764932400,0.8029537382217972,0.80373,0.8028,0.8031975,0.80398,0.79934,0.80166,NaN,NaN,NaN,NaN,NaN,0.8031070193992103,0.8034099154840497,0.8028041233143708,0.8037128115688892,0.8025012272295313,0.8030602499999908,0.8040284092402155,0.8020920907597662,0.8030602499999908,0.8035443296201031,0.8025761703798785,0.8022463403933371,0.8026939351204775,0.8002161757812447,0.8041838281250129,0.8040098624999907,0.8021449062499972,0.8030602499999908,0.0008715229058121369,60.68602708680876,63.432335431975694,NaN,NaN,NaN,NaN,-0.00008714193502608694,0.0004201667334911008,0.0005073086685171877,57.265964049499985,52.480789570076745
1764936000,0.8030756191108985,0.80412,0.80298,0.80358,0.80398,0.79934,0.80166,NaN,NaN,NaN,NaN,NaN,0.8031572756989892,0.8034763472157228,0.8028382041822556,0.8037954187324564,0.802519132665522,0.8031596249999907,0.8038814288184333,0.8024378211815482,0.8031596249999907,0.8035205269092119,0.8027987230907695,0.802298640770069,0.8027744864731613,0.8002251621093697,0.8042111484375131,0.8039824749999909,0.8021354062499972,0.8031596249999907,0.0008906998411112642,64.92516003176864,63.00463678934317,NaN,NaN,NaN,NaN,-0.00005550334321939034,0.00043792948949294974,0.0004934328327123401,64.14183030036618,58.01929605283197
1764939600,0.8033278095554492,0.80426,0.80292,0.80363,0.80398,0.79934,0.80166,NaN,NaN,NaN,NaN,NaN,0.8032086140200563,0.803540809114752,0.8028764189253605,0.8038730042094477,0.8025442238306648,0.8032219999999908,0.8038769076764679,0.8025670923235136,0.8032219999999908,0.8035494538382294,0.8028945461617522,0.8023508509359486,0.8028522604301467,0.8002340898437446,0.804239890625013,0.8039552999999908,0.8021233124999971,0.8032219999999908,0.0009227927096033174,65.44961266636287,62.53625582130775,NaN,NaN,NaN,NaN,-0.00003407095960679797,0.00045084413320384265,0.0004849150928106406,71.50368781724724,64.30382738903778
1764943200,0.8034789047777247,0.80406,0.80275,0.8035049999999999,0.80398,0.79934,0.80166,NaN,NaN,NaN,NaN,NaN,0.8032358385811034,0.8035564445023897,0.802915232659817,0.8038770504236761,0.8025946267385307,0.8032621249999907,0.8038822102784572,0.8026420397215243,0.8032621249999907,0.803572167639224,0.8029520823607574,0.8023961116835585,0.8029116003910425,0.8002426738281196,0.804268304687513,0.8039273749999909,0.8021096874999971,0.8032621249999907,0.0009504503732030827,62.916806605206816,61.886960134618334,NaN,NaN,NaN,NaN,-0.00003124958708668234,0.0004458531089522877,0.00047710269603897003,72.32974499923586,69.32508770561641
1764946800,0.8034919523888623,0.80458,0.80324,0.8039375000000001,0.80398,0.79934,0.80166,NaN,NaN,NaN,NaN,NaN,0.8033258910368014,0.8037036053960638,0.802948176677539,0.8040813197553262,0.8025704623182767,0.8033073749999907,0.8039833899794075,0.8026313600205739,0.8033073749999907,0.8036453824896991,0.8029693675102824,0.8024565582842033,0.8030048639918568,0.8002516015624946,0.8042975781250131,0.8039019499999909,0.8021048437499971,0.8033073749999907,0.0009782753465457203,67.59019669770278,61.94418904614123,NaN,NaN,NaN,NaN,-0.000004591565065326423,0.000471363239707312,0.0004759548047726384,72.44655957500699,72.09333079716335
1764950400,0.8037147261944312,0.80554,0.8037147261944312,0.8047249999999999,0.80398,0.79934,0.80166,0.80398,NaN,NaN,NaN,NaN,0.8034560117389257,0.8039902440323324,0.8029217794455189,0.8045244763257392,0.8023875471521121,0.8033662499999907,0.804279229361552,0.8024532706384294,0.8033662499999907,0.8038227396807713,0.8029097603192101,0.8025455167828619,0.803161239992597,0.8002609960937447,0.8043278984375132,0.8038800499999909,0.8021086874999972,0.8033662499999907,0.0010387752364759439,74.01223595979624,62.5183623200693,NaN,NaN,NaN,NaN,0.00005827508526698975,0.0005487986613563756,0.0004905235760893858,73.881494696382,72.88593309020827
1764954000,0.8042198630972155,0.8053,0.8042198630972155,0.80497,0.80398,0.79934,0.80166,NaN,NaN,NaN,NaN,NaN,0.8035462928944148,0.8041647917266506,0.8029277940621791,0.8047832905588863,0.8023092952299433,0.8034266249999907,0.804567655565794,0.8022855944341875,0.8034266249999907,0.8039971402828924,0.8028561097170891,0.802640594556083,0.8033256727205428,0.8002708066406197,0.8043565703125131,0.8038588374999908,0.8021147499999971,0.8034266249999907,0.001041729641212271,75.63012966330533,63.08518084771731,NaN,NaN,NaN,NaN,0.00010578712532590003,0.0006227574827467608,0.0005169703574208608,79.3255562845116,75.21787018530019
1764957600,0.8045949315486077,0.80488,0.80452,0.804745,0.80398,0.79934,0.80166,NaN,NaN,NaN,NaN,NaN,0.8036003155328637,0.8042522943132968,0.8029483367524306,0.8049042730937299,0.8022963579719975,0.8034944999999907,0.8047715430944575,0.8022174569055238,0.8034944999999907,0.8041330215472241,0.8028559784527572,0.8027231202597661,0.8034547024732207,0.8002808828124947,0.8043810390625131,0.8038339374999908,0.8021162812499971,0.8034944999999907,0.0009994632382685337,71.24353365335621,63.44569531053246,NaN,NaN,NaN,NaN,0.00011094912123251876,0.0006556567589615092,0.0005447076377289905,80.03663003662885,77.74789367250747
1764961200,0.8046699657743039,0.80496,0.80432,0.804605,0.80398,0.79934,0.80166,NaN,NaN,NaN,NaN,NaN,0.803632645927287,0.8042989033570382,0.8029663884975358,0.8049651607867895,0.8023001310677845,0.8035469999999908,0.8049129151015164,0.8021810848984652,0.8035469999999908,0.8042299575507537,0.8028640424492279,0.8027969194652654,0.8035592749756552,0.8002905683593697,0.8044043203125131,0.8038070999999907,0.8021148749999971,0.8035469999999908,0.0009737872926779223,68.57821480325708,64.02741060840688,NaN,NaN,NaN,NaN,0.0000944679555004511,0.0006627925821045544,0.0005683246266041033,78.9377289377287,79.4333050862897
1764964800,0.804637482887152,0.804637482887152,0.80418,0.80433,0.80398,0.79934,0.80166,NaN,NaN,NaN,NaN,NaN,0.8036527747396668,0.8043211095331675,0.8029844399461661,0.8049894443266682,0.8023161051526654,0.8035857499999907,0.8049936998626188,0.8021778001373625,0.8035857499999907,0.8042897249313047,0.8028817750686766,0.8028570402705492,0.8036293408869593,0.8002999765624945,0.804428484375013,0.8037804874999908,0.8021131874999972,0.8035857499999907,0.000936908406568926,63.54898287477001,64.50846170809994,NaN,NaN,NaN,NaN,0.00005645454909762365,0.0006388928129761329,0.0005824382638785092,73.07692307692322,77.35042735042691
1764968400,0.8044837414435759,0.80482,0.80409,0.8044425000000001,0.80398,0.79934,0.80166,NaN,NaN,NaN,NaN,NaN,0.8036736954568859,0.8043454248703621,0.8030019660434098,0.8050171542838382,0.8023302366299336,0.8036451249999906,0.8050918959746831,0.8021983540252982,0.8036451249999906,0.8043685104873368,0.8029217395126445,0.8029192151619001,0.8037032644426902,0.8003094707031195,0.8044540781250131,0.8037584999999907,0.8021126874999972,0.8036451249999906,0.0009221292346711462,64.6898105500268,65.32750643013692,NaN,NaN,NaN,NaN,0.000031538550361341145,0.0006218614518301857,0.0005903229014688446,68.2434563229268,73.41936944585957
1765144800,0.804463120721788,0.80501,0.80402,0.8043874999999999,0.80554,0.8019,0.80372,NaN,NaN,NaN,NaN,NaN,0.8044725,0.8044725,0.8044725,0.8044725,0.8044725,0.8037041249999908,0.8051708026237281,0.8022374473762535,0.8037041249999908,0.8044374638118594,0.8029707861881221,0.8029767949594727,0.803765467675173,0.8003188984374946,0.804478421875013,0.8037404874999909,0.8021122187499972,0.8037041249999908,0.0009269771464803534,63.64113019869229,65.69864152133944,NaN,NaN,NaN,NaN,0.000005376549411664896,0.0005970435882334257,0.0005916670388217608,64.00017182964105,68.44018374316369
1765148400,0.804425310360894,0.80499,0.80416,0.804565,0.80554,0.8019,0.80372,NaN,NaN,NaN,NaN,NaN,0.8045359340931615,0.804583543581843,0.8044883246044799,0.8046311530705246,0.8044407151157984,0.8037623749999907,0.8052681285496464,0.802256621450335,0.8037623749999907,0.8045152517748185,0.8030094982251629,0.8030390775100816,0.8038381524319754,0.8003282597656197,0.8045003750000129,0.8037271749999908,0.8021164999999971,0.8037623749999907,0.0009200502074460423,65.58037965584788,66.14998741951011,NaN,NaN,NaN,NaN,-0.0000053696136718505,0.0005849550217319477,0.0005903246354037982,64.2474245768933,65.49701757648704
1765152000,0.804495155180447,0.80486,0.80376,0.804295,0.80554,0.8019,0.80372,NaN,NaN,NaN,NaN,NaN,0.8044935868308475,0.804592769251911,0.8043944044097839,0.8046919516729746,0.8042952219887204,0.8038111249999907,0.805319563348701,0.8023026866512805,0.8038111249999907,0.8045653441743459,0.8030569058256356,0.8030883293724314,0.8038796840290686,0.8003373593749945,0.804516453125013,0.803706649999991,0.802113937499997,0.8038111249999907,0.0009329037640570386,60.31088358610452,66.34307885950047,NaN,NaN,NaN,NaN,-0.00003443626273205952,0.0005472793069887238,0.0005817155697207834,61.486559139782834,63.244718515439054
1765155600,0.8043950775902236,0.8043950775902236,0.8035,0.8037025000000001,0.80554,0.8019,0.80372,NaN,NaN,NaN,NaN,NaN,0.8043633590874573,0.8046327744453717,0.8040939437295428,0.8049021898032862,0.8038245283716283,0.8038462499999908,0.805309542969605,0.8023829570303765,0.8038462499999908,0.8045778964847978,0.8031146035151837,0.8031124144950811,0.8038635763900623,0.8003464179687446,0.8045290234375131,0.8036859374999907,0.8021053124999972,0.8038462499999908,0.0009302018944975042,50.686056506304695,65.62879524660731,NaN,NaN,NaN,NaN,-0.00009396482507411286,0.00046425953837814227,0.0005582243634522551,52.338709677419786,59.35756446469864
1765159200,0.8040487887951118,0.8040487887951118,0.80342,0.80359,0.80554,0.8019,0.80372,NaN,NaN,NaN,NaN,NaN,0.8042656678048895,0.8046102181572599,0.8039211174525192,0.8049547685096302,0.8035765671001488,0.8038866249999905,0.8052728160956275,0.8025004339043535,0.8038866249999905,0.804579720547809,0.803193529452172,0.8031311433384113,0.8038387058091476,0.8003558046874947,0.804542429687513,0.8036708749999909,0.8020989062499971,0.8038866249999905,0.0009086723873985215,49.08432785586816,64.49730723404299,NaN,NaN,NaN,NaN,-0.0001386190954357695,0.00038495049415754323,0.0005235695895933127,39.87455197132774,51.233273596176794
1765162800,0.8038193943975559,0.8038193943975559,0.80332,0.8035375000000001,0.80554,0.8019,0.80372,NaN,NaN,NaN,NaN,NaN,0.8042041031980218,0.8045889288149398,0.8038192775811038,0.8049737544318578,0.8034344519641858,0.8039357499999907,0.8051933689069573,0.8026781310930242,0.8039357499999907,0.8045645594534739,0.8033069405465075,0.8031470788937677,0.8038113234628614,0.8003652480468695,0.804556695312513,0.8036555124999909,0.8020982499999972,0.8039357499999907,0.000879438245266903,48.31698103957288,63.27354783212942,NaN,NaN,NaN,NaN,-0.00016746459631961606,0.00031423884419379267,0.00048170344051340873,30.824372759860164,41.012544802869236
1765166400,0.803678447198778,0.80375,0.80332,0.80353,0.80554,0.8019,0.80372,NaN,NaN,NaN,NaN,NaN,0.8041553482692576,0.8045648028674537,0.8037458936710615,0.8049742574656498,0.8033364390728654,0.8039634999999906,0.8051580055738436,0.8027689944261376,0.8039634999999906,0.8045607527869171,0.8033662472130642,0.8031620954077375,0.8037857486026013,0.8003746503906196,0.804569507812513,0.8036375249999907,0.802104093749997,0.8039634999999906,0.0008473355134621192,48.20105206133703,62.222422507567295,NaN,NaN,NaN,NaN,-0.00018163585737887426,0.0002546586187898159,0.00043629447616869014,23.64734299517134,31.448755908786424
1765170000,0.803604223599389,0.803604223599389,0.8033,0.8034075,0.80554,0.8019,0.80372,NaN,NaN,NaN,NaN,NaN,0.804091506878746,0.8045325483176657,0.8036504654398262,0.8049735897565855,0.8032094240009064,0.8039816249999907,0.8051299403977848,0.8028333096021966,0.8039816249999907,0.8045557826988877,0.8034074673010937,0.8031717191172381,0.8037513623660012,0.8003841093749946,0.804580914062513,0.8036165999999909,0.802108437499997,0.8039816249999907,0.0008085418053140374,46.249160958839575,60.69806281193421,NaN,NaN,NaN,NaN,-0.00019279175476072272,0.00019530478271778673,0.00038809653747850945,15.211203082216961,23.22763961241616
1765173600,0.8035058617996945,0.8035058617996945,0.80282,0.80326,0.80554,0.8019,0.80372,NaN,NaN,NaN,NaN,NaN,0.8039916647003253,0.8044940187927638,0.8034893106078869,0.8049963728852023,0.8029869565154484,0.8039971249999907,0.8050966547871458,0.8028975952128355,0.8039971249999907,0.8045468898935682,0.8034473601064132,0.8031751811126405,0.8037066930600011,0.8003931835937447,0.804592875000013,0.8035954499999909,0.802111281249997,0.8039971249999907,0.0007997789477697878,43.94178998010785,58.55017381338504,NaN,NaN,NaN,NaN,-0.0002026289002204242,0.00013481041220297918,0.00033743931242340337,11.716579426301118,16.85837516789648
1765177200,0.8033829308998472,0.80351,0.8032,0.8033575,0.80554,0.8019,0.80372,NaN,NaN,NaN,NaN,NaN,0.803980255439993,0.8044851866493032,0.8034753242306827,0.8049901178586135,0.8029703930213724,0.8040051249999907,0.8050833892314426,0.8029268607685387,0.8040051249999907,0.8045442571157166,0.8034659928842647,0.8031823308729291,0.8036749482363647,0.8004025507812447,0.804603476562513,0.8035737999999908,0.8021176562499971,0.8040051249999907,0.0007647947372147973,45.86441111369346,56.424051059841325,NaN,NaN,NaN,NaN,-0.0001950266382170788,0.00009365601465205486,0.00028868265286913366,15.694807207387136,14.207529905301746